0.00408163265306122 10.0873
0.00816326530612245 6.41138
0.0122448979591837 35.8321
0.0163265306122449 90.1717
0.0204081632653061 118.8
0.0244897959183673 147.634
0.0285714285714286 157.352
0.0326530612244898 152.209
0.036734693877551 135.53
0.0408163265306122 113.811
0.0448979591836735 83.1892
0.0489795918367347 64.6955
0.0530612244897959 44.1735
0.0571428571428571 24.3154
0.0612244897959184 8.01492
0.0653061224489796 1.40374
0.0693877551020408 1.90015
0.073469387755102 2.42206
0.0775510204081633 3.97861
0.0816326530612245 8.67031
0.0857142857142857 9.18715
0.0897959183673469 6.71582
0.0938775510204082 6.76399
0.0979591836734694 7.33427
0.102040816326531 6.673
0.106122448979592 5.44606
0.110204081632653 1.35577
0.114285714285714 0.130335
0.118367346938776 1.16015
0.122448979591837 0.178903
0.126530612244898 0.474979
0.130612244897959 0.443101
0.13469387755102 0.222752
0.138775510204082 0.0
0.142857142857143 0.704194
0.146938775510204 0.0
0.151020408163265 1.35217
0.155102040816327 1.22233
0.159183673469388 0.841975
0.163265306122449 1.393
0.16734693877551 1.48976
0.171428571428571 6.9929
0.175510204081633 25.6885
0.179591836734694 37.5469
0.183673469387755 52.2931
0.187755102040816 123.139
0.191836734693878 150.528
0.195918367346939 211.922
0.2 240.367
0.204081632653061 220.542
0.208163265306122 197.853
0.212244897959184 161.568
0.216326530612245 127.479
0.220408163265306 101.688
0.224489795918367 73.4711
0.228571428571429 47.1038
0.23265306122449 25.2671
0.236734693877551 13.0414
0.240816326530612 7.27972
0.244897959183673 4.04275
0.248979591836735 2.36047
0.253061224489796 1.26162
0.257142857142857 0.914545
0.261224489795918 0.707398
0.26530612244898 0.715335
0.269387755102041 0.662625
0.273469387755102 0.294805
0.277551020408163 2.41362
0.281632653061224 0.919461
0.285714285714286 3.33477
0.289795918367347 1.87896
0.293877551020408 2.10554
0.297959183673469 3.25976
0.302040816326531 2.51724
0.306122448979592 4.54065
0.310204081632653 12.8236
0.314285714285714 32.9008
0.318367346938775 40.9206
0.322448979591837 49.1655
0.326530612244898 65.8556
0.330612244897959 57.3299
0.33469387755102 45.1842
0.338775510204082 35.6606
0.342857142857143 20.502
0.346938775510204 7.59955
0.351020408163265 7.09071
0.355102040816327 10.3307
0.359183673469388 13.9084
0.363265306122449 13.8908
0.36734693877551 15.7462
0.371428571428571 19.3753
0.375510204081633 19.4205
0.379591836734694 13.3904
0.383673469387755 9.72587
0.387755102040816 5.57454
0.391836734693878 2.31485
0.395918367346939 0.328283
0.4 0.0
0.404081632653061 0.0
0.408163265306122 0.10848
0.412244897959184 1.48074
0.416326530612245 0.337044
0.420408163265306 1.56585
0.424489795918367 0.881751
0.428571428571429 0.00327826
0.43265306122449 0.0
0.436734693877551 0.0151396
0.440816326530612 0.0
0.444897959183673 0.0268022
0.448979591836735 0.0316302
0.453061224489796 0.744472
0.457142857142857 1.09218
0.461224489795918 1.98595
0.46530612244898 2.13126
0.469387755102041 2.57259
0.473469387755102 6.17446
0.477551020408163 7.58059
0.481632653061224 14.0898
0.485714285714286 18.9226
0.489795918367347 34.3886
0.493877551020408 58.4171
0.497959183673469 73.7341
0.502040816326531 99.1044
0.506122448979592 106.547
0.510204081632653 108.109
0.514285714285714 101.179
0.518367346938776 84.8272
0.522448979591837 69.7083
0.526530612244898 54.597
0.530612244897959 40.5416
0.53469387755102 27.786
0.538775510204082 16.8521
0.542857142857143 9.02279
0.546938775510204 5.94581
0.551020408163265 4.48938
0.555102040816327 5.8576
0.559183673469388 7.20966
0.563265306122449 10.8777
0.56734693877551 13.6462
0.571428571428571 18.1057
0.575510204081633 22.526
0.579591836734694 26.0828
0.583673469387755 29.4306
0.587755102040816 29.0081
0.591836734693878 28.2723
0.595918367346939 25.9068
0.6 20.4456
0.604081632653061 15.8434
0.608163265306122 11.0588
0.612244897959184 7.11733
0.616326530612245 3.10904
0.620408163265306 0.184735
0.624489795918367 0.17041
0.628571428571429 0.107725
0.63265306122449 2.8845
0.636734693877551 4.84716
0.640816326530612 15.9255
0.644897959183673 33.4879
0.648979591836735 45.623
0.653061224489796 82.7116
0.657142857142857 93.5921
0.661224489795918 91.3328
0.66530612244898 89.23
0.669387755102041 76.5865
0.673469387755102 65.2317
0.677551020408163 51.3941
0.681632653061224 44.6972
0.685714285714286 26.1373
0.689795918367347 7.6654
0.693877551020408 0.0
0.697959183673469 0.0
0.702040816326531 0.0
0.706122448979592 0.0
0.710204081632653 0.0
0.714285714285714 0.0
0.718367346938775 0.0
0.722448979591837 1.35862
0.726530612244898 3.46
0.730612244897959 3.87036
0.73469387755102 1.91075
0.738775510204082 0.519474
0.742857142857143 0.661119
0.746938775510204 1.13404
0.751020408163265 1.34182
0.755102040816326 6.31402
0.759183673469388 8.52177
0.763265306122449 10.6576
0.76734693877551 10.995
0.771428571428571 10.7177
0.775510204081633 9.15112
0.779591836734694 7.82332
0.783673469387755 6.49469
0.787755102040816 4.893
0.791836734693877 2.2004
0.795918367346939 1.80868
0.8 3.52875
0.804081632653061 10.3611
0.808163265306122 31.9779
0.812244897959184 52.3476
0.816326530612245 68.6878
0.820408163265306 71.2439
0.824489795918367 68.4288
0.828571428571429 65.4393
0.83265306122449 59.7863
0.836734693877551 60.1954
0.840816326530612 60.9057
0.844897959183673 60.7034
0.848979591836735 56.8962
0.853061224489796 48.6725
0.857142857142857 39.8296
0.861224489795918 30.1952
0.86530612244898 21.2622
0.869387755102041 16.487
0.873469387755102 11.4043
0.877551020408163 6.18402
0.881632653061225 2.02424
0.885714285714286 0.130417
0.889795918367347 0.0
0.893877551020408 0.0
0.897959183673469 0.0
0.902040816326531 18.9702
0.906122448979592 32.4993
0.910204081632653 33.0703
0.914285714285714 23.4913
0.918367346938776 18.7517
0.922448979591837 15.5431
0.926530612244898 10.7761
0.930612244897959 15.6282
0.93469387755102 21.1801
0.938775510204082 20.3707
0.942857142857143 24.4797
0.946938775510204 44.0798
0.951020408163265 69.1214
0.955102040816327 98.2414
0.959183673469388 138.361
0.963265306122449 167.431
0.96734693877551 200.5
0.971428571428571 232.375
0.975510204081633 255.46
0.979591836734694 243.485
0.983673469387755 219.904
0.987755102040816 200.026
0.991836734693878 177.28
0.995918367346939 151.851
1.0 125.032
1.00408163265306 100.607
1.00816326530612 75.7485
1.01224489795918 54.2853
1.01632653061224 35.3018
1.02040816326531 17.4625
1.02448979591837 4.69389
1.02857142857143 4.08662
1.03265306122449 4.08411
1.03673469387755 4.02335
1.04081632653061 3.50975
1.04489795918367 3.02904
1.04897959183673 1.96473
1.0530612244898 1.30008
1.05714285714286 0.555793
1.06122448979592 1.33949
1.06530612244898 0.29327
1.06938775510204 0.922263
1.0734693877551 2.18994
1.07755102040816 1.22027
1.08163265306122 1.59602
1.08571428571429 1.12727
1.08979591836735 8.76771
1.09387755102041 9.72198
1.09795918367347 12.2769
1.10204081632653 1.29498
1.10612244897959 6.53141
1.11020408163265 2.75247
1.11428571428571 13.5143
1.11836734693878 5.66887
1.12244897959184 10.2128
1.1265306122449 6.72005
1.13061224489796 10.8874
1.13469387755102 4.48492
1.13877551020408 3.37447
1.14285714285714 1.25633
1.1469387755102 0.392914
1.15102040816327 0.55323
1.15510204081633 0.536084
1.15918367346939 2.63122
1.16326530612245 3.74183
1.16734693877551 4.81791
1.17142857142857 4.72047
1.17551020408163 8.01754
1.17959183673469 35.1178
1.18367346938776 31.1777
1.18775510204082 22.0151
1.19183673469388 17.453
1.19591836734694 16.971
1.2 21.7499
1.20408163265306 21.0454
1.20816326530612 14.4687
1.21224489795918 7.83371
1.21632653061224 6.52345
1.22040816326531 4.18985
1.22448979591837 1.84387
1.22857142857143 0.0
1.23265306122449 0.0
1.23673469387755 0.0
1.24081632653061 0.0
1.24489795918367 9.68905
1.24897959183673 12.5769
1.2530612244898 11.6259
1.25714285714286 25.7784
1.26122448979592 23.3392
1.26530612244898 44.1138
1.26938775510204 58.1199
1.2734693877551 78.5431
1.27755102040816 84.5233
1.28163265306122 86.2084
1.28571428571429 75.4867
1.28979591836735 62.6991
1.29387755102041 42.6562
1.29795918367347 26.3792
1.30204081632653 15.4088
1.30612244897959 9.45516
1.31020408163265 4.93354
1.31428571428571 2.92215
1.31836734693878 2.89985
1.32244897959184 3.03375
1.3265306122449 4.14985
1.33061224489796 4.83084
1.33469387755102 8.19835
1.33877551020408 11.4314
1.34285714285714 12.8189
1.3469387755102 12.0411
1.35102040816327 8.7124
1.35510204081633 4.75952
1.35918367346939 1.8993
1.36326530612245 3.49987
1.36734693877551 5.85581
1.37142857142857 20.0518
1.37551020408163 5.83429
1.37959183673469 7.58196
1.38367346938776 5.89689
1.38775510204082 7.92036
1.39183673469388 16.2008
1.39591836734694 19.5773
1.4 2.4032
1.40408163265306 3.49267
1.40816326530612 0.0
1.41224489795918 7.22123
1.41632653061225 0.271772
1.42040816326531 0.460225
1.42448979591837 0.578347
1.42857142857143 3.77042
1.43265306122449 7.37148
1.43673469387755 34.9626
1.44081632653061 74.2286
1.44489795918367 77.0493
1.44897959183673 109.798
1.4530612244898 174.287
1.45714285714286 133.4
1.46122448979592 149.323
1.46530612244898 161.104
1.46938775510204 151.151
1.4734693877551 149.13
1.47755102040816 139.525
1.48163265306122 126.659
1.48571428571429 105.601
1.48979591836735 83.7572
1.49387755102041 67.4637
1.49795918367347 41.3231
1.50204081632653 21.0289
1.50612244897959 10.6361
1.51020408163265 7.38659
1.51428571428571 6.51616
1.51836734693878 5.49806
1.52244897959184 6.35071
1.5265306122449 6.49156
1.53061224489796 7.15983
1.53469387755102 6.30288
1.53877551020408 5.62287
1.54285714285714 4.68744
1.5469387755102 3.87732
1.55102040816327 2.86574
1.55510204081633 2.5444
1.55918367346939 2.93342
1.56326530612245 3.19586
1.56734693877551 3.82273
1.57142857142857 3.75199
1.57551020408163 3.93
1.57959183673469 3.99801
1.58367346938775 9.91256
1.58775510204082 12.8832
1.59183673469388 11.4316
1.59591836734694 14.804
1.6 15.5121
1.60408163265306 22.818
1.60816326530612 53.1944
1.61224489795918 89.0128
1.61632653061224 108.447
1.62040816326531 118.636
1.62448979591837 106.946
1.62857142857143 86.3985
1.63265306122449 72.6878
1.63673469387755 52.9767
1.64081632653061 28.1457
1.64489795918367 13.7708
1.64897959183673 2.25778
1.6530612244898 0.77458
1.65714285714286 0.706843
1.66122448979592 0.536808
1.66530612244898 0.165157
1.66938775510204 0.0641992
1.6734693877551 1.53391
1.67755102040816 1.17545
1.68163265306122 3.99232
1.68571428571429 3.93473
1.68979591836735 4.97758
1.69387755102041 1.94043
1.69795918367347 0.8563
1.70204081632653 1.27229
1.70612244897959 1.07049
1.71020408163265 1.40891
1.71428571428571 0.421256
1.71836734693878 1.47055
1.72244897959184 2.15183
1.7265306122449 2.48085
1.73061224489796 2.8004
1.73469387755102 2.65256
1.73877551020408 2.09149
1.74285714285714 1.47816
1.7469387755102 0.307967
1.75102040816327 0.245283
1.75510204081633 1.15513
1.75918367346939 2.50323
1.76326530612245 3.58216
1.76734693877551 5.04802
1.77142857142857 9.18312
1.77551020408163 17.1427
1.77959183673469 26.7813
1.78367346938776 35.0276
1.78775510204082 40.8786
1.79183673469388 54.529
1.79591836734694 60.6945
1.8 56.7289
1.80408163265306 44.1905
1.80816326530612 26.8062
1.81224489795918 15.287
1.81632653061224 9.57856
1.82040816326531 5.83596
1.82448979591837 4.67295
1.82857142857143 3.30319
1.83265306122449 3.033
1.83673469387755 8.63839
1.84081632653061 16.9767
1.84489795918367 17.4398
1.84897959183673 13.2027
1.8530612244898 9.11911
1.85714285714286 5.57415
1.86122448979592 1.79545
1.86530612244898 1.01328
1.86938775510204 0.5277
1.8734693877551 0.0
1.87755102040816 1.3716
1.88163265306122 2.41685
1.88571428571429 3.02778
1.88979591836735 2.83236
1.89387755102041 2.08733
1.89795918367347 1.75725
1.90204081632653 2.01641
1.90612244897959 2.85267
1.91020408163265 8.76333
1.91428571428571 16.3629
1.91836734693878 19.3793
1.92244897959184 15.9798
1.9265306122449 16.8449
1.93061224489796 12.215
1.93469387755102 11.9905
1.93877551020408 19.4429
1.94285714285714 23.6716
1.9469387755102 25.7523
1.95102040816327 31.8268
1.95510204081633 29.5426
1.95918367346939 28.2336
1.96326530612245 36.198
1.96734693877551 43.515
1.97142857142857 50.3865
1.97551020408163 52.2746
1.97959183673469 49.9316
1.98367346938776 45.0779
1.98775510204082 35.5964
1.99183673469388 28.3226
1.99591836734694 20.8121
2.0 12.4444
2.00408163265306 6.67857
2.00816326530612 1.97145
2.01224489795918 1.09585
2.01632653061225 0.540286
2.02040816326531 0.445532
2.02448979591837 0.0
2.02857142857143 0.0
2.03265306122449 3.02156
2.03673469387755 5.94377
2.04081632653061 5.81953
2.04489795918367 4.43298
2.04897959183673 1.72499
2.0530612244898 0.301888
2.05714285714286 0.256707
2.06122448979592 0.377397
2.06530612244898 1.08965
2.06938775510204 3.21032
2.0734693877551 4.03563
2.07755102040816 3.63135
2.08163265306122 4.33198
2.08571428571429 5.47516
2.08979591836735 4.856
2.09387755102041 2.5987
2.09795918367347 1.72955
2.10204081632653 1.433
2.10612244897959 0.61661
2.11020408163265 0.867526
2.11428571428571 0.515044
2.11836734693878 0.0
2.12244897959184 0.281761
2.1265306122449 0.816603
2.13061224489796 3.03422
2.13469387755102 7.76448
2.13877551020408 7.89998
2.14285714285714 11.1435
2.1469387755102 6.6888
2.15102040816327 3.07021
2.15510204081633 1.59574
2.15918367346939 4.59313
2.16326530612245 2.95597
2.16734693877551 4.18512
2.17142857142857 15.0501
2.17551020408163 4.75279
2.17959183673469 26.6368
2.18367346938776 50.1886
2.18775510204082 70.5862
2.19183673469388 94.6602
2.19591836734694 104.831
2.2 103.6
2.20408163265306 94.2294
2.20816326530612 77.485
2.21224489795918 59.4481
2.21632653061224 36.1343
2.22040816326531 21.4227
2.22448979591837 12.1376
2.22857142857143 6.02251
2.23265306122449 2.73317
2.23673469387755 2.73649
2.24081632653061 9.10895
2.24489795918367 32.5381
2.24897959183673 73.7722
2.2530612244898 116.535
2.25714285714286 160.024
2.26122448979592 177.42
2.26530612244898 179.392
2.26938775510204 162.664
2.2734693877551 137.267
2.27755102040816 110.754
2.28163265306122 90.6729
2.28571428571429 69.2841
2.28979591836735 52.1025
2.29387755102041 39.8715
2.29795918367347 29.4735
2.30204081632653 20.9861
2.30612244897959 13.887
2.31020408163265 15.0126
2.31428571428571 14.9241
2.31836734693878 15.2389
2.32244897959184 11.5441
2.3265306122449 13.2721
2.33061224489796 7.18229
2.33469387755102 12.0558
2.33877551020408 16.3478
2.34285714285714 7.93497
2.3469387755102 7.68113
2.35102040816327 0.713189
2.35510204081633 4.4287
2.35918367346939 4.37236
2.36326530612245 11.3323
2.36734693877551 27.7406
2.37142857142857 33.142
2.37551020408163 33.1855
2.37959183673469 30.5885
2.38367346938776 27.4028
2.38775510204082 23.5532
2.39183673469388 18.259
2.39591836734694 10.9325
2.4 11.0402
2.40408163265306 10.437
2.40816326530612 13.8035
2.41224489795918 11.056
2.41632653061225 12.4344
2.42040816326531 10.64
2.42448979591837 3.71628
2.42857142857143 9.65687
2.43265306122449 1.80697
2.43673469387755 4.12844
2.44081632653061 17.5952
2.44489795918367 30.9642
2.44897959183673 36.3745
2.4530612244898 33.9705
2.45714285714286 28.6454
2.46122448979592 19.5297
2.46530612244898 15.168
2.46938775510204 6.41927
2.4734693877551 3.38859
2.47755102040816 1.54082
2.48163265306122 1.35885
2.48571428571429 1.43735
2.48979591836735 3.57025
2.49387755102041 4.58689
2.49795918367347 6.29008
2.50204081632653 7.43318
2.50612244897959 1.43599
2.51020408163265 6.03862
2.51428571428571 6.26822
2.51836734693878 20.4787
2.52244897959184 25.3578
2.5265306122449 27.7501
2.53061224489796 27.9452
2.53469387755102 28.0842
2.53877551020408 23.9768
2.54285714285714 19.8278
2.5469387755102 20.7469
2.55102040816327 18.5529
2.55510204081633 24.4254
2.55918367346939 25.3164
2.56326530612245 36.1241
2.56734693877551 48.5143
2.57142857142857 67.519
2.57551020408163 79.8996
2.57959183673469 78.3511
2.58367346938775 81.8559
2.58775510204082 84.0663
2.59183673469388 87.3872
2.59591836734694 96.653
2.6 87.1873
2.60408163265306 73.7453
2.60816326530612 61.0835
2.61224489795918 53.1612
2.61632653061224 40.8471
2.62040816326531 32.2192
2.62448979591837 24.2997
2.62857142857143 15.4196
2.63265306122449 8.75132
2.63673469387755 3.41082
2.64081632653061 1.98957
2.64489795918367 1.34551
2.64897959183673 2.10718
2.6530612244898 0.547926
2.65714285714286 4.11322
2.66122448979592 7.77936
2.66530612244898 7.44244
2.66938775510204 7.21826
2.6734693877551 7.01248
2.67755102040816 5.52262
2.68163265306122 4.73569
2.68571428571429 24.862
2.68979591836735 32.2561
2.69387755102041 32.8482
2.69795918367347 28.3207
2.70204081632653 53.5615
2.70612244897959 45.1788
2.71020408163265 53.2714
2.71428571428571 66.6735
2.71836734693878 88.651
2.72244897959184 103.428
2.7265306122449 114.114
2.73061224489796 116.783
2.73469387755102 111.727
2.73877551020408 96.0094
2.74285714285714 84.6262
2.7469387755102 64.1215
2.75102040816327 52.0573
2.75510204081633 47.8146
2.75918367346939 37.6958
2.76326530612245 19.3237
2.76734693877551 7.98298
2.77142857142857 8.51494
2.77551020408163 2.77317
2.77959183673469 1.97238
2.78367346938776 2.38633
2.78775510204082 21.8883
2.79183673469388 27.2969
2.79591836734694 29.6284
2.8 24.6176
2.80408163265306 20.3909
2.80816326530612 15.6366
2.81224489795918 9.09171
2.81632653061224 3.11425
2.82040816326531 1.12453
2.82448979591837 1.00845
2.82857142857143 2.34074
2.83265306122449 1.26251
2.83673469387755 1.66809
2.84081632653061 2.3829
2.84489795918367 2.50981
2.84897959183673 3.72965
2.8530612244898 5.80322
2.85714285714286 9.14115
2.86122448979592 56.8357
2.86530612244898 30.3269
2.86938775510204 67.4819
2.8734693877551 103.286
2.87755102040816 106.39
2.88163265306122 99.9754
2.88571428571429 92.6828
2.88979591836735 80.8122
2.89387755102041 71.2844
2.89795918367347 61.9874
2.90204081632653 69.7553
2.90612244897959 74.3397
2.91020408163265 68.0766
2.91428571428571 63.1438
2.91836734693878 51.4113
2.92244897959184 33.5163
2.9265306122449 21.8833
2.93061224489796 12.8756
2.93469387755102 2.43847
2.93877551020408 9.36137
2.94285714285714 5.57556
2.9469387755102 6.83578
2.95102040816327 6.93115
2.95510204081633 8.01557
2.95918367346939 10.6098
2.96326530612245 13.5656
2.96734693877551 6.44948
2.97142857142857 8.32135
2.97551020408163 3.82847
2.97959183673469 9.76392
2.98367346938775 21.4177
2.98775510204082 34.682
2.99183673469388 34.0279
2.99591836734694 30.428
3.0 29.8925
3.00408163265306 24.8071
3.00816326530612 21.9543
3.01224489795918 11.2648
3.01632653061225 5.28633
3.02040816326531 6.00432
3.02448979591837 4.24936
3.02857142857143 1.83725
3.03265306122449 1.65186
3.03673469387755 2.23553
3.04081632653061 6.11796
3.04489795918367 16.0098
3.04897959183673 11.8325
3.0530612244898 19.264
3.05714285714286 18.202
3.06122448979592 32.9035
3.06530612244898 36.3073
3.06938775510204 40.586
3.0734693877551 37.7435
3.07755102040816 32.7782
3.08163265306122 28.7719
3.08571428571429 21.5632
3.08979591836735 14.0706
3.09387755102041 14.147
3.09795918367347 6.80323
3.10204081632653 13.6463
3.10612244897959 3.92022
3.11020408163265 7.47049
3.11428571428571 0.978878
3.11836734693878 1.82529
3.12244897959184 8.63732
3.1265306122449 16.7509
3.13061224489796 19.1152
3.13469387755102 18.7527
3.13877551020408 17.1684
3.14285714285714 11.2212
3.1469387755102 12.9751
3.15102040816327 10.3235
3.15510204081633 7.176
3.15918367346939 7.82983
3.16326530612245 12.3342
3.16734693877551 17.2048
3.17142857142857 31.4783
3.17551020408163 49.4035
3.17959183673469 59.7919
3.18367346938776 74.9774
3.18775510204082 80.4941
3.19183673469388 81.1668
3.19591836734694 67.486
3.2 57.4586
3.20408163265306 52.2122
3.20816326530612 44.0275
3.21224489795918 32.4461
3.21632653061224 27.6507
3.22040816326531 19.9185
3.22448979591837 13.7041
3.22857142857143 7.19581
3.23265306122449 4.91315
3.23673469387755 3.4469
3.24081632653061 4.66498
3.24489795918367 6.39539
3.24897959183673 25.7118
3.2530612244898 32.8675
3.25714285714286 30.6727
3.26122448979592 27.3979
3.26530612244898 21.6594
3.26938775510204 15.0681
3.2734693877551 8.52253
3.27755102040816 0.390331
3.28163265306122 1.29294
3.28571428571429 0.393768
3.28979591836735 0.0
3.29387755102041 0.871897
3.29795918367347 3.94198
3.30204081632653 2.89705
3.30612244897959 1.27544
3.31020408163265 9.10016
3.31428571428571 5.73817
3.31836734693878 4.24453
3.32244897959184 14.454
3.3265306122449 29.2373
3.33061224489796 32.562
3.33469387755102 31.5471
3.33877551020408 29.0004
3.34285714285714 25.1844
3.3469387755102 18.4664
3.35102040816327 10.0024
3.35510204081633 3.40827
3.35918367346939 4.90012
3.36326530612245 1.76378
3.36734693877551 1.51017
3.37142857142857 1.34381
3.37551020408163 2.92228
3.37959183673469 8.18591
3.38367346938776 2.23738
3.38775510204082 1.11743
3.39183673469388 8.30921
3.39591836734694 3.1168
3.4 15.1451
3.40408163265306 17.6544
3.40816326530612 19.4556
3.41224489795918 18.5769
3.41632653061225 19.3333
3.42040816326531 16.8259
3.42448979591837 16.8745
3.42857142857143 6.74308
3.43265306122449 9.87752
3.43673469387755 0.0
3.44081632653061 2.38876
3.44489795918367 9.19459
3.44897959183673 3.38211
3.4530612244898 15.6668
3.45714285714286 18.4742
3.46122448979592 27.6674
3.46530612244898 18.1863
3.46938775510204 19.3301
3.4734693877551 19.2795
3.47755102040816 6.78389
3.48163265306122 5.26205
3.48571428571429 10.3942
3.48979591836735 15.8785
3.49387755102041 23.1646
3.49795918367347 59.7654
3.50204081632653 105.724
3.50612244897959 128.786
3.51020408163265 149.011
3.51428571428571 162.81
3.51836734693878 164.189
3.52244897959184 158.032
3.5265306122449 140.844
3.53061224489796 116.194
3.53469387755102 96.7241
3.53877551020408 79.1079
3.54285714285714 65.0251
3.5469387755102 51.8398
3.55102040816327 40.344
3.55510204081633 28.8664
3.55918367346939 25.1339
3.56326530612245 25.2273
3.56734693877551 16.6663
3.57142857142857 14.4511
3.57551020408163 7.41216
3.57959183673469 10.0791
3.58367346938775 9.75239
3.58775510204082 1.59945
3.59183673469388 8.77237
3.59591836734694 5.9555
3.6 8.70657
3.60408163265306 5.69007
3.60816326530612 12.7048
3.61224489795918 3.66475
3.61632653061224 7.10394
3.62040816326531 24.7982
3.62448979591837 31.7204
3.62857142857143 33.1466
3.63265306122449 29.003
3.63673469387755 21.0167
3.64081632653061 16.1009
3.64489795918367 11.5674
3.64897959183673 7.41997
3.6530612244898 6.62144
3.65714285714286 4.34079
3.66122448979592 1.26983
3.66530612244898 3.4685
3.66938775510204 1.85568
3.6734693877551 4.40533
3.67755102040816 1.02737
3.68163265306122 3.24293
3.68571428571429 3.16514
3.68979591836735 6.76452
3.69387755102041 18.4707
3.69795918367347 23.9444
3.70204081632653 33.439
3.70612244897959 26.6107
3.71020408163265 26.5521
3.71428571428571 19.5931
3.71836734693878 18.1366
3.72244897959184 7.98321
3.7265306122449 8.29514
3.73061224489796 8.33299
3.73469387755102 13.9117
3.73877551020408 7.93671
3.74285714285714 5.63947
3.7469387755102 7.41515
3.75102040816327 5.31346
3.75510204081633 11.7956
3.75918367346939 6.78122
3.76326530612245 7.55038
3.76734693877551 13.0408
3.77142857142857 26.2035
3.77551020408163 24.7977
3.77959183673469 23.0396
3.78367346938776 21.5749
3.78775510204082 17.0179
3.79183673469388 16.6829
3.79591836734694 10.3241
3.8 4.52535
3.80408163265306 15.5182
3.80816326530612 2.47482
3.81224489795918 4.99035
3.81632653061224 17.4725
3.82040816326531 24.0476
3.82448979591837 17.1875
3.82857142857143 28.7512
3.83265306122449 29.595
3.83673469387755 28.652
3.84081632653061 27.6944
3.84489795918367 15.3968
3.84897959183673 17.9925
3.8530612244898 17.4947
3.85714285714286 24.2326
3.86122448979592 32.8084
3.86530612244898 37.1176
3.86938775510204 39.9851
3.8734693877551 32.2826
3.87755102040816 27.7185
3.88163265306122 20.2608
3.88571428571429 16.4189
3.88979591836735 11.0256
3.89387755102041 8.16989
3.89795918367347 6.51322
3.90204081632653 6.59647
3.90612244897959 3.54705
3.91020408163265 2.97036
3.91428571428571 3.157
3.91836734693878 2.84736
3.92244897959184 0.345906
3.9265306122449 0.0
3.93061224489796 8.37077
3.93469387755102 20.9063
3.93877551020408 0.0
3.94285714285714 8.5778
3.9469387755102 16.307
3.95102040816327 21.3664
3.95510204081633 50.1009
3.95918367346939 48.2952
3.96326530612245 30.2755
3.96734693877551 60.6818
3.97142857142857 60.3032
3.97551020408163 55.9613
3.97959183673469 68.4155
3.98367346938775 76.5562
3.98775510204082 72.6625
3.99183673469388 73.3849
3.99591836734694 63.8995
4.0 53.0252
4.00408163265306 43.0597
4.00816326530612 34.6957
4.01224489795918 24.9083
4.01632653061225 19.7315
4.02040816326531 17.8815
4.02448979591837 14.3191
4.02857142857143 11.5078
4.03265306122449 5.98098
4.03673469387755 1.64911
4.04081632653061 0.781198
4.04489795918367 1.18603
4.04897959183673 2.80648
4.0530612244898 4.7486
4.05714285714286 6.3772
4.06122448979592 11.347
4.06530612244898 14.0273
4.06938775510204 18.5472
4.0734693877551 11.0994
4.07755102040816 7.27674
4.08163265306122 8.9023
4.08571428571429 0.690311
4.08979591836735 0.179609
4.09387755102041 0.913719
4.09795918367347 0.514507
4.10204081632653 0.433902
4.10612244897959 0.347098
4.11020408163265 0.100493
4.11428571428571 0.208298
4.11836734693878 2.07877
4.12244897959184 2.70589
4.1265306122449 2.49505
4.13061224489796 14.6383
4.13469387755102 23.7631
4.13877551020408 22.6046
4.14285714285714 20.152
4.1469387755102 14.2085
4.15102040816326 7.91987
4.15510204081633 7.0166
4.15918367346939 5.03997
4.16326530612245 15.215
4.16734693877551 21.5054
4.17142857142857 45.3346
4.17551020408163 57.857
4.17959183673469 69.4691
4.18367346938776 79.5211
4.18775510204082 71.5288
4.19183673469388 73.0175
4.19591836734694 75.874
4.2 76.5183
4.20408163265306 70.3461
4.20816326530612 68.6215
4.21224489795918 44.5057
4.21632653061225 43.0775
4.22040816326531 34.0815
4.22448979591837 15.549
4.22857142857143 11.6904
4.23265306122449 7.67912
4.23673469387755 2.58527
4.24081632653061 4.23574
4.24489795918367 10.9025
4.24897959183673 5.09742
4.2530612244898 10.794
4.25714285714286 2.93279
4.26122448979592 2.62567
4.26530612244898 7.06933
4.26938775510204 2.34362
4.2734693877551 0.881384
4.27755102040816 19.6727
4.28163265306122 35.2417
4.28571428571429 39.7131
4.28979591836735 36.4104
4.29387755102041 25.7381
4.29795918367347 15.735
4.30204081632653 11.9615
4.30612244897959 6.45263
4.31020408163265 3.54118
4.31428571428571 0.357196
4.31836734693878 1.22759
4.32244897959184 6.13303
4.3265306122449 13.4238
4.33061224489796 8.79737
4.33469387755102 23.1974
4.33877551020408 9.94052
4.34285714285714 4.08026
4.3469387755102 14.888
4.35102040816327 8.42923
4.35510204081633 13.7624
4.35918367346939 24.3473
4.36326530612245 27.114
4.36734693877551 30.1645
4.37142857142857 21.6427
4.37551020408163 18.7337
4.37959183673469 8.56305
4.38367346938776 12.7222
4.38775510204082 6.84979
4.39183673469388 14.8134
4.39591836734694 12.8749
4.4 18.0488
4.40408163265306 25.1764
4.40816326530612 30.6108
4.41224489795918 26.6569
4.41632653061224 27.5726
4.42040816326531 21.8958
4.42448979591837 16.723
4.42857142857143 17.9184
4.43265306122449 13.0685
4.43673469387755 9.55686
4.44081632653061 6.83768
4.44489795918367 7.82436
4.44897959183673 6.3904
4.4530612244898 11.5654
4.45714285714286 4.76921
4.46122448979592 7.8868
4.46530612244898 2.43544
4.46938775510204 5.11206
4.4734693877551 1.96489
4.47755102040816 1.37465
4.48163265306122 1.03674
4.48571428571429 7.51393
4.48979591836735 5.64864
4.49387755102041 8.70113
4.49795918367347 25.2942
4.50204081632653 45.7139
4.50612244897959 31.5545
4.51020408163265 39.7022
4.51428571428571 35.8577
4.51836734693878 31.0826
4.52244897959184 26.0247
4.5265306122449 23.016
4.53061224489796 17.0432
4.53469387755102 18.4757
4.53877551020408 5.65049
4.54285714285714 8.39909
4.5469387755102 11.3332
4.55102040816327 3.59542
4.55510204081633 4.5865
4.55918367346939 0.880074
4.56326530612245 0.923758
4.56734693877551 6.41369
4.57142857142857 5.17484
4.57551020408163 4.37376
4.57959183673469 6.94435
4.58367346938776 11.7073
4.58775510204082 18.8317
4.59183673469388 15.7066
4.59591836734694 22.1695
4.6 13.3752
4.60408163265306 11.9355
4.60816326530612 10.3819
4.61224489795918 10.7784
4.61632653061224 13.4396
4.62040816326531 7.84209
4.62448979591837 4.45775
4.62857142857143 8.19052
4.63265306122449 7.25534
4.63673469387755 11.1924
4.64081632653061 17.1769
4.64489795918367 32.2631
4.64897959183673 56.9511
4.6530612244898 77.2904
4.65714285714286 86.0835
4.66122448979592 91.1995
4.66530612244898 77.047
4.66938775510204 74.0907
4.6734693877551 61.0205
4.67755102040816 53.257
4.68163265306122 45.0151
4.68571428571429 42.137
4.68979591836735 45.763
4.69387755102041 53.9187
4.69795918367347 67.8098
4.70204081632653 67.5121
4.70612244897959 71.4717
4.71020408163265 67.5436
4.71428571428571 55.0382
4.71836734693878 48.7783
4.72244897959184 35.402
4.7265306122449 28.5032
4.73061224489796 17.1859
4.73469387755102 6.77456
4.73877551020408 2.23033
4.74285714285714 3.36472
4.7469387755102 5.49207
4.75102040816327 9.25305
4.75510204081633 25.4401
4.75918367346939 36.5499
4.76326530612245 45.5561
4.76734693877551 52.1661
4.77142857142857 67.0596
4.77551020408163 71.8267
4.77959183673469 62.6712
4.78367346938775 49.9236
4.78775510204082 29.4976
4.79183673469388 16.0425
4.79591836734694 4.62009
4.8 0.414383
4.80408163265306 3.53851
4.80816326530612 10.5344
4.81224489795918 14.5249
4.81632653061224 16.5041
4.82040816326531 16.8876
4.82448979591837 18.4638
4.82857142857143 18.114
4.83265306122449 16.1737
4.83673469387755 15.337
4.84081632653061 12.9195
4.84489795918367 14.1678
4.84897959183674 14.2209
4.8530612244898 13.9473
4.85714285714286 13.7138
4.86122448979592 20.3427
4.86530612244898 27.4352
4.86938775510204 12.6734
4.8734693877551 20.0771
4.87755102040816 11.0489
4.88163265306122 4.33996
4.88571428571429 5.67597
4.88979591836735 1.56478
4.89387755102041 1.68432
4.89795918367347 1.40626
4.90204081632653 2.0708
4.90612244897959 1.8401
4.91020408163265 0.0
4.91428571428571 0.312708
4.91836734693878 0.00443061
4.92244897959184 0.563649
4.9265306122449 0.906475
4.93061224489796 3.52984
4.93469387755102 14.1753
4.93877551020408 10.1254
4.94285714285714 11.8065
4.9469387755102 15.3208
4.95102040816327 5.09069
4.95510204081633 9.55372
4.95918367346939 11.0655
4.96326530612245 3.06396
4.96734693877551 3.47623
4.97142857142857 2.68628
4.97551020408163 2.58558
4.97959183673469 2.43474
4.98367346938775 1.82163
4.98775510204082 1.74302
4.99183673469388 2.13848
4.99591836734694 2.62739
5.0 2.85464
5.00408163265306 3.49561
5.00816326530612 3.18698
5.01224489795918 28.5106
5.01632653061225 42.3539
5.02040816326531 26.1375
5.02448979591837 0.790313
5.02857142857143 17.7333
5.03265306122449 11.3011
5.03673469387755 28.5639
5.04081632653061 70.5481
5.04489795918367 60.6816
5.04897959183673 47.9399
5.0530612244898 40.9832
5.05714285714286 29.8715
5.06122448979592 28.166
5.06530612244898 21.0189
5.06938775510204 10.9863
5.0734693877551 7.44715
5.07755102040816 8.71696
5.08163265306122 11.6498
5.08571428571429 16.3968
5.08979591836735 12.4382
5.09387755102041 13.4089
5.09795918367347 13.0641
5.10204081632653 12.3733
5.10612244897959 10.808
5.11020408163265 9.53441
5.11428571428571 6.65143
5.11836734693878 4.83275
5.12244897959184 3.72556
5.1265306122449 3.85222
5.13061224489796 1.73183
5.13469387755102 1.44268
5.13877551020408 1.17501
5.14285714285714 2.53432
5.1469387755102 3.68476
5.15102040816326 2.8172
5.15510204081633 2.97176
5.15918367346939 1.4225
5.16326530612245 6.24201
5.16734693877551 9.72073
5.17142857142857 8.50243
5.17551020408163 14.1432
5.17959183673469 24.8919
5.18367346938776 21.7365
5.18775510204082 40.998
5.19183673469388 60.1885
5.19591836734694 86.3758
5.2 121.7
5.20408163265306 130.541
5.20816326530612 130.522
5.21224489795918 120.533
5.21632653061225 104.067
5.22040816326531 84.9763
5.22448979591837 59.6604
5.22857142857143 43.7021
5.23265306122449 27.257
5.23673469387755 16.575
5.24081632653061 11.1314
5.24489795918367 7.96338
5.24897959183673 5.28891
5.2530612244898 3.95386
5.25714285714286 3.13839
5.26122448979592 3.03092
5.26530612244898 3.72241
5.26938775510204 4.17366
5.2734693877551 4.8676
5.27755102040816 4.63324
5.28163265306122 4.25129
5.28571428571429 5.7213
5.28979591836735 7.79923
5.29387755102041 11.1553
5.29795918367347 25.4886
5.30204081632653 41.212
5.30612244897959 51.6733
5.31020408163265 56.6419
5.31428571428571 55.5225
5.31836734693878 45.1404
5.32244897959184 32.88
5.3265306122449 27.5156
5.33061224489796 14.1364
5.33469387755102 18.9307
5.33877551020408 27.487
5.34285714285714 43.7733
5.3469387755102 54.6977
5.35102040816327 64.9631
5.35510204081633 72.8711
5.35918367346939 74.1826
5.36326530612245 67.7089
5.36734693877551 61.7728
5.37142857142857 61.2221
5.37551020408163 55.8887
5.37959183673469 40.9403
5.38367346938776 34.0427
5.38775510204082 27.1012
5.39183673469388 22.3668
5.39591836734694 20.7423
5.4 18.4998
5.40408163265306 17.1055
5.40816326530612 15.2337
5.41224489795918 13.6571
5.41632653061224 12.2045
5.42040816326531 10.492
5.42448979591837 9.15162
5.42857142857143 7.41355
5.43265306122449 7.19642
5.43673469387755 4.72705
5.44081632653061 3.26649
5.44489795918367 3.53843
5.44897959183673 0.86085
5.4530612244898 0.490367
5.45714285714286 0.0
5.46122448979592 0.0
5.46530612244898 10.9121
5.46938775510204 8.36607
5.4734693877551 16.892
5.47755102040816 21.7883
5.48163265306122 24.992
5.48571428571429 50.0761
5.48979591836735 50.7875
5.49387755102041 51.5118
5.49795918367347 49.3697
5.50204081632653 40.9206
5.50612244897959 44.0473
5.51020408163265 22.9013
5.51428571428571 18.3545
5.51836734693878 14.9354
5.52244897959184 10.2158
5.5265306122449 10.3155
5.53061224489796 7.09692
5.53469387755102 6.17392
5.53877551020408 7.13295
5.54285714285714 6.02509
5.5469387755102 9.19761
5.55102040816327 4.41036
5.55510204081633 6.35056
5.55918367346939 6.19543
5.56326530612245 5.58125
5.56734693877551 5.6116
5.57142857142857 1.95856
5.57551020408163 1.59515
5.57959183673469 1.15807
5.58367346938776 1.11478
5.58775510204082 2.74728
5.59183673469388 0.768801
5.59591836734694 11.026
5.6 0.917892
5.60408163265306 1.1316
5.60816326530612 2.97723
5.61224489795918 1.26724
5.61632653061224 3.5234
5.62040816326531 3.2894
5.62448979591837 17.1419
5.62857142857143 27.9069
5.63265306122449 31.9637
5.63673469387755 50.8336
5.64081632653061 96.54
5.64489795918367 94.965
5.64897959183673 93.4382
5.6530612244898 123.273
5.65714285714286 115.629
5.66122448979592 90.068
5.66530612244898 76.9187
5.66938775510204 61.7083
5.6734693877551 44.967
5.67755102040816 34.2255
5.68163265306122 22.22
5.68571428571429 7.83077
5.68979591836735 0.330925
5.69387755102041 0.00592073
5.69795918367347 0.509212
5.70204081632653 0.929942
5.70612244897959 0.980894
5.71020408163265 1.47821
5.71428571428571 1.34237
5.71836734693878 1.00165
5.72244897959184 1.20871
5.7265306122449 2.4637
5.73061224489796 8.97947
5.73469387755102 12.423
5.73877551020408 17.8287
5.74285714285714 17.0247
5.7469387755102 12.0431
5.75102040816327 7.75377
5.75510204081633 2.85752
5.75918367346939 1.93641
5.76326530612245 1.85747
5.76734693877551 2.26828
5.77142857142857 1.32585
5.77551020408163 1.11291
5.77959183673469 0.726779
5.78367346938775 2.70863
5.78775510204082 11.0845
5.79183673469388 12.2452
5.79591836734694 14.5861
5.8 15.1159
5.80408163265306 15.012
5.80816326530612 8.05928
5.81224489795918 3.80641
5.81632653061224 1.24847
5.82040816326531 2.63987
5.82448979591837 5.49953
5.82857142857143 1.2439
5.83265306122449 0.695854
5.83673469387755 0.992477
5.84081632653061 1.69836
5.84489795918367 19.2718
5.84897959183674 36.8832
5.8530612244898 49.7661
5.85714285714286 53.1986
5.86122448979592 48.9931
5.86530612244898 52.8556
5.86938775510204 50.3092
5.8734693877551 47.2485
5.87755102040816 56.4533
5.88163265306122 72.5537
5.88571428571429 97.0416
5.88979591836735 111.19
5.89387755102041 114.961
5.89795918367347 102.653
5.90204081632653 91.2031
5.90612244897959 82.8578
5.91020408163265 79.0968
5.91428571428571 77.9777
5.91836734693878 69.8811
5.92244897959184 62.8804
5.9265306122449 54.5035
5.93061224489796 50.1716
5.93469387755102 47.8821
5.93877551020408 53.3123
5.94285714285714 70.1785
5.9469387755102 94.6647
5.95102040816327 106.913
5.95510204081633 131.47
5.95918367346939 141.484
5.96326530612245 144.593
5.96734693877551 136.93
5.97142857142857 126.247
5.97551020408163 104.876
5.97959183673469 78.1212
5.98367346938775 51.2776
5.98775510204082 31.2943
5.99183673469388 18.4292
5.99591836734694 12.2819
6.0 7.71941
6.00408163265306 4.42297
6.00816326530612 3.06294
6.01224489795918 3.27363
6.01632653061225 2.43231
6.02040816326531 2.66739
6.02448979591837 2.41917
6.02857142857143 10.1633
6.03265306122449 15.3506
6.03673469387755 18.4526
6.04081632653061 16.8588
6.04489795918367 18.2892
6.04897959183673 15.54
6.0530612244898 11.3656
6.05714285714286 7.43386
6.06122448979592 5.58324
6.06530612244898 3.66168
6.06938775510204 3.39073
6.0734693877551 2.48492
6.07755102040816 3.34272
6.08163265306122 4.57102
6.08571428571429 2.27907
6.08979591836735 1.70811
6.09387755102041 2.86932
6.09795918367347 2.40284
6.10204081632653 0.0181397
6.10612244897959 0.0
6.11020408163265 2.10001
6.11428571428571 1.4858
6.11836734693878 2.27689
6.12244897959184 3.93485
6.1265306122449 4.50046
6.13061224489796 5.15065
6.13469387755102 3.86121
6.13877551020408 5.1158
6.14285714285714 2.57515
6.1469387755102 0.896404
6.15102040816326 0.34455
6.15510204081633 1.43681
6.15918367346939 0.115554
6.16326530612245 0.0
6.16734693877551 0.71464
6.17142857142857 1.04501
6.17551020408163 0.0135104
6.17959183673469 0.0575185
6.18367346938776 1.33439
6.18775510204082 1.03376
6.19183673469388 0.485162
6.19591836734694 0.402073
6.2 2.27647
6.20408163265306 0.225147
6.20816326530612 0.537386
6.21224489795918 1.57904
6.21632653061225 1.93727
6.22040816326531 0.682582
6.22448979591837 0.504116
6.22857142857143 3.36162
6.23265306122449 5.98959
6.23673469387755 9.25912
6.24081632653061 10.9487
6.24489795918367 20.2714
6.24897959183673 32.9357
6.2530612244898 25.2419
6.25714285714286 40.4438
6.26122448979592 46.8896
6.26530612244898 53.4905
6.26938775510204 59.8858
6.2734693877551 124.704
6.27755102040816 137.193
6.28163265306122 167.221
6.28571428571429 164.523
6.28979591836735 147.737
6.29387755102041 128.397
6.29795918367347 106.77
6.30204081632653 83.198
6.30612244897959 64.8917
6.31020408163265 40.349
6.31428571428571 23.2025
6.31836734693878 8.23649
6.32244897959184 3.76948
6.3265306122449 3.35292
6.33061224489796 3.05147
6.33469387755102 3.22165
6.33877551020408 2.2197
6.34285714285714 2.2952
6.3469387755102 3.19629
6.35102040816327 2.36676
6.35510204081633 2.50542
6.35918367346939 4.99861
6.36326530612245 15.5047
6.36734693877551 16.2782
6.37142857142857 18.4729
6.37551020408163 28.1179
6.37959183673469 32.2752
6.38367346938776 33.3367
6.38775510204082 25.9591
6.39183673469388 21.9102
6.39591836734694 15.717
6.4 8.74753
6.40408163265306 2.64287
6.40816326530612 1.07048
6.41224489795918 0.483831
6.41632653061224 0.0827909
6.42040816326531 2.58021
6.42448979591837 3.66303
6.42857142857143 6.21376
6.43265306122449 7.38559
6.43673469387755 8.35133
6.44081632653061 9.69274
6.44489795918367 9.62348
6.44897959183673 15.4414
6.4530612244898 30.6112
6.45714285714286 24.8322
6.46122448979592 27.4672
6.46530612244898 25.5189
6.46938775510204 28.9961
6.4734693877551 28.8086
6.47755102040816 28.6596
6.48163265306122 31.5084
6.48571428571429 29.7125
6.48979591836735 25.3512
6.49387755102041 20.2067
6.49795918367347 8.83202
6.50204081632653 4.97183
6.50612244897959 3.53391
6.51020408163265 1.71754
6.51428571428571 0.540373
6.51836734693878 1.23416
6.52244897959184 2.10389
6.5265306122449 3.44208
6.53061224489796 5.84491
6.53469387755102 11.2283
6.53877551020408 18.814
6.54285714285714 27.1793
6.5469387755102 40.4443
6.55102040816327 40.9542
6.55510204081633 36.2164
6.55918367346939 38.4714
6.56326530612245 34.0266
6.56734693877551 30.7691
6.57142857142857 22.657
6.57551020408163 19.7451
6.57959183673469 13.942
6.58367346938776 25.571
6.58775510204082 44.4238
6.59183673469388 79.4002
6.59591836734694 121.068
6.6 154.835
6.60408163265306 178.328
6.60816326530612 182.285
6.61224489795918 171.25
6.61632653061224 151.697
6.62040816326531 126.276
6.62448979591837 103.604
6.62857142857143 80.6298
6.63265306122449 56.9689
6.63673469387755 36.7411
6.64081632653061 15.669
6.64489795918367 7.84796
6.64897959183673 4.58533
6.6530612244898 3.45358
6.65714285714286 3.88189
6.66122448979592 3.5703
6.66530612244898 2.49138
6.66938775510204 1.79753
6.6734693877551 1.7091
6.67755102040816 1.58281
6.68163265306122 1.5078
6.68571428571429 1.65975
6.68979591836735 1.80873
6.69387755102041 3.6338
6.69795918367347 4.24655
6.70204081632653 2.88077
6.70612244897959 3.16923
6.71020408163265 3.88253
6.71428571428571 3.55179
6.71836734693878 3.27198
6.72244897959184 2.11868
6.7265306122449 1.36436
6.73061224489796 0.755856
6.73469387755102 0.344406
6.73877551020408 0.172188
6.74285714285714 0.0571012
6.7469387755102 0.124097
6.75102040816327 0.158628
6.75510204081633 0.151912
6.75918367346939 0.525812
6.76326530612245 1.86078
6.76734693877551 2.58752
6.77142857142857 3.57495
6.77551020408163 4.33183
6.77959183673469 5.24014
6.78367346938775 7.55464
6.78775510204082 7.8144
6.79183673469388 7.85237
6.79591836734694 5.8704
6.8 6.03948
6.80408163265306 5.84099
6.80816326530612 5.92298
6.81224489795918 4.47431
6.81632653061224 3.81417
6.82040816326531 2.11351
6.82448979591837 4.06948
6.82857142857143 5.37988
6.83265306122449 6.01839
6.83673469387755 5.5375
6.84081632653061 4.03457
6.84489795918367 1.96679
6.84897959183674 2.40336
6.8530612244898 2.92133
6.85714285714286 3.0751
6.86122448979592 21.4058
6.86530612244898 20.2016
6.86938775510204 17.1591
6.8734693877551 58.491
6.87755102040816 78.971
6.88163265306122 106.3
6.88571428571429 152.404
6.88979591836735 171.698
6.89387755102041 189.54
6.89795918367347 186.506
6.90204081632653 162.499
6.90612244897959 136.483
6.91020408163265 107.164
6.91428571428571 80.623
6.91836734693878 60.8957
6.92244897959184 41.5676
6.9265306122449 25.389
6.93061224489796 11.9796
6.93469387755102 6.34793
6.93877551020408 2.27587
6.94285714285714 0.436137
6.9469387755102 0.0
6.95102040816327 0.0
6.95510204081633 11.2478
6.95918367346939 23.5678
6.96326530612245 26.371
6.96734693877551 21.6519
6.97142857142857 17.1486
6.97551020408163 20.3797
6.97959183673469 21.9858
6.98367346938775 8.16486
6.98775510204082 11.8761
6.99183673469388 25.4539
6.99591836734694 30.4118
7.0 29.3465
7.00408163265306 23.004
7.00816326530612 18.5703
7.01224489795918 11.0584
7.01632653061225 3.3601
7.02040816326531 2.41672
7.02448979591837 0.467092
7.02857142857143 1.12189
7.03265306122449 1.37819
7.03673469387755 7.33201
7.04081632653061 2.27908
7.04489795918367 1.00351
7.04897959183673 2.03225
7.0530612244898 3.69877
7.05714285714286 4.33236
7.06122448979592 12.2238
7.06530612244898 23.3656
7.06938775510204 35.2655
7.0734693877551 47.6438
7.07755102040816 39.0258
7.08163265306122 31.7317
7.08571428571429 32.8839
7.08979591836735 14.9403
7.09387755102041 11.2754
7.09795918367347 12.8041
7.10204081632653 1.47883
7.10612244897959 1.02395
7.11020408163265 1.09161
7.11428571428571 0.917872
7.11836734693878 2.52485
7.12244897959184 2.44784
7.1265306122449 3.31536
7.13061224489796 4.62835
7.13469387755102 4.51759
7.13877551020408 5.14378
7.14285714285714 14.98
7.1469387755102 13.9188
7.15102040816326 19.1901
7.15510204081633 12.4949
7.15918367346939 14.2507
7.16326530612245 19.3803
7.16734693877551 25.3082
7.17142857142857 18.7973
7.17551020408163 20.8939
7.17959183673469 26.7408
7.18367346938776 36.7842
7.18775510204082 45.6845
7.19183673469388 53.4913
7.19591836734694 54.3815
7.2 52.9405
7.20408163265306 50.8122
7.20816326530612 66.5429
7.21224489795918 104.049
7.21632653061225 142.353
7.22040816326531 170.44
7.22448979591837 191.564
7.22857142857143 185.046
7.23265306122449 169.014
7.23673469387755 159.44
7.24081632653061 144.218
7.24489795918367 122.278
7.24897959183673 95.097
7.2530612244898 75.147
7.25714285714286 57.0347
7.26122448979592 43.9742
7.26530612244898 32.9588
7.26938775510204 22.278
7.2734693877551 18.0887
7.27755102040816 8.18981
7.28163265306122 5.56846
7.28571428571429 9.23814
7.28979591836735 11.6484
7.29387755102041 5.58337
7.29795918367347 12.7499
7.30204081632653 0.0
7.30612244897959 11.0291
7.31020408163265 10.2915
7.31428571428571 0.857174
7.31836734693878 2.88155
7.32244897959184 1.80819
7.3265306122449 5.58162
7.33061224489796 14.9821
7.33469387755102 28.1214
7.33877551020408 32.9487
7.34285714285714 29.1775
7.3469387755102 24.435
7.35102040816327 19.7463
7.35510204081633 18.2862
7.35918367346939 10.0775
7.36326530612245 5.17801
7.36734693877551 6.46502
7.37142857142857 9.3957
7.37551020408163 10.5223
7.37959183673469 13.0986
7.38367346938776 4.95082
7.38775510204082 4.296
7.39183673469388 5.84416
7.39591836734694 2.50568
7.4 4.96386
7.40408163265306 0.918523
7.40816326530612 14.7611
7.41224489795918 32.2067
7.41632653061224 39.6025
7.42040816326531 35.8839
7.42448979591837 30.2763
7.42857142857143 18.6683
7.43265306122449 12.6464
7.43673469387755 11.2647
7.44081632653061 1.37615
7.44489795918367 0.948668
7.44897959183673 2.58822
7.4530612244898 5.11642
7.45714285714286 6.40783
7.46122448979592 11.3731
7.46530612244898 3.26323
7.46938775510204 2.12171
7.4734693877551 4.0704
7.47755102040816 1.74653
7.48163265306122 4.81526
7.48571428571429 13.2057
7.48979591836735 22.1538
7.49387755102041 32.626
7.49795918367347 32.7156
7.50204081632653 31.0952
7.50612244897959 25.8474
7.51020408163265 16.8027
7.51428571428571 11.4185
7.51836734693878 7.75514
7.52244897959184 3.91728
7.5265306122449 7.25628
7.53061224489796 2.63373
7.53469387755102 6.18066
7.53877551020408 13.5238
7.54285714285714 23.8444
7.5469387755102 19.1278
7.55102040816327 29.7572
7.55510204081633 26.9327
7.55918367346939 20.2186
7.56326530612245 21.2551
7.56734693877551 16.1088
7.57142857142857 13.884
7.57551020408163 11.4241
7.57959183673469 13.1778
7.58367346938776 20.2452
7.58775510204082 19.8935
7.59183673469388 20.827
7.59591836734694 19.9743
7.6 15.2603
7.60408163265306 15.1127
7.60816326530612 9.91572
7.61224489795918 9.05597
7.61632653061224 1.76474
7.62040816326531 0.634593
7.62448979591837 0.0705123
7.62857142857143 1.00608
7.63265306122449 3.79606
7.63673469387755 7.10411
7.64081632653061 6.32821
7.64489795918367 6.2039
7.64897959183673 10.0039
7.6530612244898 8.14505
7.65714285714286 8.34411
7.66122448979592 10.4342
7.66530612244898 11.1458
7.66938775510204 31.8599
7.6734693877551 29.3731
7.67755102040816 26.3876
7.68163265306122 51.9314
7.68571428571429 51.0672
7.68979591836735 62.2221
7.69387755102041 71.3538
7.69795918367347 76.0524
7.70204081632653 77.2809
7.70612244897959 72.7455
7.71020408163265 65.1777
7.71428571428571 49.3997
7.71836734693878 40.1842
7.72244897959184 50.9225
7.7265306122449 39.6523
7.73061224489796 37.6892
7.73469387755102 36.1511
7.73877551020408 34.9729
7.74285714285714 36.1519
7.7469387755102 24.1471
7.75102040816327 20.1895
7.75510204081633 17.7412
7.75918367346939 2.83261
7.76326530612245 6.80831
7.76734693877551 0.833298
7.77142857142857 9.84685
7.77551020408163 0.0
7.77959183673469 0.635679
7.78367346938775 5.12317
7.78775510204082 1.27358
7.79183673469388 1.90005
7.79591836734694 1.3483
7.8 1.9692
7.80408163265306 1.24161
7.80816326530612 1.39679
7.81224489795918 8.8793
7.81632653061224 6.49323
7.82040816326531 6.77941
7.82448979591837 6.05244
7.82857142857143 10.1531
7.83265306122449 13.6748
7.83673469387755 14.8574
7.84081632653061 17.6304
7.84489795918367 25.8586
7.84897959183674 21.9236
7.8530612244898 21.524
7.85714285714286 31.0206
7.86122448979592 34.8666
7.86530612244898 49.5868
7.86938775510204 62.6564
7.8734693877551 68.9573
7.87755102040816 66.8596
7.88163265306122 71.574
7.88571428571429 67.4099
7.88979591836735 62.2993
7.89387755102041 56.8224
7.89795918367347 42.5151
7.90204081632653 35.9399
7.90612244897959 30.6655
7.91020408163265 26.9698
7.91428571428571 22.5779
7.91836734693878 17.8189
7.92244897959184 6.78947
7.9265306122449 2.10742
7.93061224489796 3.08188
7.93469387755102 0.0
7.93877551020408 0.0
7.94285714285714 0.0521541
7.9469387755102 0.0
7.95102040816327 0.391004
7.95510204081633 5.44976
7.95918367346939 8.71004
7.96326530612245 10.0566
7.96734693877551 14.4099
7.97142857142857 19.823
7.97551020408163 30.1643
7.97959183673469 25.842
7.98367346938775 27.2207
7.98775510204082 30.9052
7.99183673469388 31.3404
7.99591836734694 30.0763
8.0 31.4683
8.00408163265306 25.4739
8.00816326530612 19.6548
8.01224489795918 13.3324
8.01632653061225 8.62004
8.02040816326531 6.25666
8.02448979591837 4.79611
8.02857142857143 3.72474
8.03265306122449 2.19029
8.03673469387755 1.76419
8.04081632653061 2.54607
8.04489795918367 2.60612
8.04897959183674 4.53179
8.0530612244898 7.314
8.05714285714286 7.0235
8.06122448979592 10.2687
8.06530612244898 7.91396
8.06938775510204 7.9259
8.0734693877551 7.83009
8.07755102040816 8.85362
8.08163265306122 12.1608
8.08571428571429 8.97278
8.08979591836735 7.87419
8.09387755102041 12.2173
8.09795918367347 4.68194
8.10204081632653 9.34003
8.10612244897959 6.92964
8.11020408163265 6.99248
8.11428571428571 5.95772
8.11836734693878 10.4339
8.12244897959184 20.1531
8.1265306122449 19.0958
8.13061224489796 18.3603
8.13469387755102 17.7338
8.13877551020408 18.4111
8.14285714285714 10.4322
8.1469387755102 12.3138
8.15102040816327 15.4785
8.15510204081633 19.6488
8.15918367346939 22.7935
8.16326530612245 29.6107
8.16734693877551 31.3717
8.17142857142857 31.8856
8.17551020408163 32.5034
8.17959183673469 28.3895
8.18367346938776 29.3238
8.18775510204082 22.143
8.19183673469388 23.4543
8.19591836734694 17.6475
8.2 13.7998
8.20408163265306 8.88451
8.20816326530612 2.78988
8.21224489795918 1.66083
8.21632653061224 5.1466
8.22040816326531 4.09905
8.22448979591837 7.15016
8.22857142857143 5.29526
8.23265306122449 4.98998
8.23673469387755 4.53119
8.24081632653061 3.36501
8.24489795918367 3.15887
8.24897959183673 2.76414
8.2530612244898 15.7316
8.25714285714286 26.5193
8.26122448979592 34.9344
8.26530612244898 34.1999
8.26938775510204 26.6786
8.2734693877551 20.0497
8.27755102040816 14.6002
8.28163265306122 11.1358
8.28571428571429 14.1805
8.28979591836735 7.06084
8.29387755102041 5.75122
8.29795918367347 4.23712
8.30204081632653 5.12954
8.30612244897959 6.45523
8.31020408163265 2.64254
8.31428571428571 5.39609
8.31836734693877 2.56522
8.32244897959184 2.68138
8.3265306122449 2.59627
8.33061224489796 12.0783
8.33469387755102 23.4869
8.33877551020408 17.3275
8.34285714285714 21.0924
8.3469387755102 31.7051
8.35102040816327 14.5322
8.35510204081633 11.3617
8.35918367346939 7.63381
8.36326530612245 10.1151
8.36734693877551 5.2667
8.37142857142857 9.79935
8.37551020408163 6.87292
8.37959183673469 8.03667
8.38367346938776 7.65515
8.38775510204082 2.80614
8.39183673469388 1.41796
8.39591836734694 0.401736
8.4 2.68288
8.40408163265306 0.0938376
8.40816326530612 0.273168
8.41224489795918 0.545462
8.41632653061225 4.16386
8.42040816326531 7.30173
8.42448979591837 18.6487
8.42857142857143 43.6872
8.43265306122449 53.8435
8.43673469387755 67.268
8.44081632653061 71.0245
8.44489795918367 64.8073
8.44897959183673 62.2114
8.4530612244898 52.6285
8.45714285714286 58.9301
8.46122448979592 87.505
8.46530612244898 93.0096
8.46938775510204 110.124
8.4734693877551 91.0291
8.47755102040816 90.1947
8.48163265306122 88.0851
8.48571428571429 81.4827
8.48979591836735 78.7568
8.49387755102041 66.4872
8.49795918367347 84.0055
8.50204081632653 66.394
8.50612244897959 60.1942
8.51020408163265 44.9575
8.51428571428571 35.1445
8.51836734693878 35.4664
8.52244897959184 28.0629
8.5265306122449 14.7538
8.53061224489796 19.0312
8.53469387755102 19.8848
8.53877551020408 3.30534
8.54285714285714 10.3156
8.5469387755102 1.34516
8.55102040816327 6.72699
8.55510204081633 0.810198
8.55918367346939 1.32486
8.56326530612245 4.58133
8.56734693877551 8.30847
8.57142857142857 6.06076
8.57551020408163 3.74592
8.57959183673469 15.0555
8.58367346938775 27.0694
8.58775510204082 28.3626
8.59183673469388 25.7662
8.59591836734694 20.0444
8.6 14.7416
8.60408163265306 14.2349
8.60816326530612 10.3738
8.61224489795918 7.94435
8.61632653061224 11.2335
8.62040816326531 0.400583
8.62448979591837 7.73636
8.62857142857143 0.0
8.63265306122449 2.95345
8.63673469387755 0.0734006
8.64081632653061 0.376344
8.64489795918367 3.51284
8.64897959183673 10.0171
8.6530612244898 10.7774
8.65714285714286 29.0699
8.66122448979592 35.8347
8.66530612244898 36.4452
8.66938775510204 31.4074
8.6734693877551 25.7521
8.67755102040816 18.6118
8.68163265306123 15.8018
8.68571428571429 10.7219
8.68979591836735 6.68585
8.69387755102041 9.94742
8.69795918367347 9.57577
8.70204081632653 1.76553
8.70612244897959 7.72611
8.71020408163265 0.255273
8.71428571428571 1.68099
8.71836734693878 0.728597
8.72244897959184 2.45244
8.7265306122449 6.70352
8.73061224489796 15.5223
8.73469387755102 26.1636
8.73877551020408 33.7067
8.74285714285714 31.3532
8.7469387755102 34.6759
8.75102040816327 21.3097
8.75510204081633 23.5142
8.75918367346939 36.6887
8.76326530612245 53.4971
8.76734693877551 70.9157
8.77142857142857 88.2991
8.77551020408163 87.8831
8.77959183673469 75.5084
8.78367346938776 64.9989
8.78775510204082 50.545
8.79183673469388 38.1043
8.79591836734694 28.7103
8.8 19.7999
8.80408163265306 17.6493
8.80816326530612 16.2085
8.81224489795918 14.148
8.81632653061224 10.4422
8.82040816326531 6.49655
8.82448979591837 2.49224
8.82857142857143 14.9894
8.83265306122449 25.8133
8.83673469387755 37.6275
8.84081632653061 32.0334
8.84489795918367 26.823
8.84897959183673 21.6384
8.8530612244898 15.8189
8.85714285714286 10.4714
8.86122448979592 3.96014
8.86530612244898 2.93526
8.86938775510204 3.61026
8.8734693877551 3.83093
8.87755102040816 6.24605
8.88163265306122 2.62342
8.88571428571429 2.37595
8.88979591836735 1.41018
8.89387755102041 1.24216
8.89795918367347 1.23197
8.90204081632653 3.32166
8.90612244897959 6.3157
8.91020408163265 26.5169
8.91428571428571 32.0347
8.91836734693878 44.9572
8.92244897959184 38.2635
8.9265306122449 45.3429
8.93061224489796 87.5283
8.93469387755102 100.72
8.93877551020408 128.455
8.94285714285714 141.393
8.9469387755102 130.306
8.95102040816326 111.537
8.95510204081633 90.8629
8.95918367346939 69.2103
8.96326530612245 46.7149
8.96734693877551 31.7835
8.97142857142857 21.1995
8.97551020408163 12.0358
8.97959183673469 8.10357
8.98367346938775 5.83595
8.98775510204082 0.915006
8.99183673469388 1.47856
8.99591836734694 0.643676
9.0 19.6967
9.00408163265306 27.4854
9.00816326530612 28.7487
9.01224489795918 24.7064
9.01632653061225 17.5913
9.02040816326531 15.3909
9.02448979591837 11.6527
9.02857142857143 4.84141
9.03265306122449 4.11588
9.03673469387755 3.06433
9.04081632653061 1.5783
9.04489795918367 0.839914
9.04897959183674 1.26377
9.0530612244898 0.907212
9.05714285714286 0.862981
9.06122448979592 0.46434
9.06530612244898 0.363966
9.06938775510204 3.42757
9.0734693877551 7.27163
9.07755102040816 5.9563
9.08163265306122 28.5578
9.08571428571429 27.5185
9.08979591836735 38.9451
9.09387755102041 45.4108
9.09795918367347 47.9529
9.10204081632653 66.3678
9.10612244897959 68.4717
9.11020408163265 79.2276
9.11428571428571 74.2646
9.11836734693878 60.6278
9.12244897959184 46.7324
9.1265306122449 35.9809
9.13061224489796 43.2643
9.13469387755102 38.064
9.13877551020408 22.8685
9.14285714285714 32.8965
9.1469387755102 22.2265
9.15102040816327 8.28451
9.15510204081633 9.99455
9.15918367346939 2.66059
9.16326530612245 2.01333
9.16734693877551 1.21271
9.17142857142857 2.95286
9.17551020408163 4.56248
9.17959183673469 15.5105
9.18367346938776 3.74015
9.18775510204082 1.92893
9.19183673469388 4.20171
9.19591836734694 6.83587
9.2 14.2855
9.20408163265306 21.4328
9.20816326530612 21.6785
9.21224489795918 17.2596
9.21632653061224 17.2285
9.22040816326531 20.5274
9.22448979591837 22.4448
9.22857142857143 16.2543
9.23265306122449 10.7978
9.23673469387755 30.889
9.24081632653061 18.1567
9.24489795918367 13.1982
9.24897959183673 12.6578
9.2530612244898 10.6198
9.25714285714286 11.674
9.26122448979592 17.9179
9.26530612244898 13.1824
9.26938775510204 16.418
9.2734693877551 28.154
9.27755102040816 32.5573
9.28163265306122 29.3972
9.28571428571429 22.9882
9.28979591836735 16.606
9.29387755102041 16.7381
9.29795918367347 8.95007
9.30204081632653 5.81296
9.30612244897959 14.2201
9.31020408163265 10.7932
9.31428571428571 1.60684
9.31836734693877 14.7334
9.32244897959184 3.08442
9.3265306122449 4.04533
9.33061224489796 8.49289
9.33469387755102 2.76806
9.33877551020408 8.05985
9.34285714285714 13.9585
9.3469387755102 19.5785
9.35102040816327 20.0227
9.35510204081633 21.0267
9.35918367346939 16.8664
9.36326530612245 9.62464
9.36734693877551 10.0384
9.37142857142857 9.26553
9.37551020408163 6.03023
9.37959183673469 4.39668
9.38367346938776 6.99857
9.38775510204082 20.8906
9.39183673469388 28.0662
9.39591836734694 44.8972
9.4 75.5572
9.40408163265306 101.057
9.40816326530612 107.862
9.41224489795918 102.854
9.41632653061225 95.5085
9.42040816326531 84.5528
9.42448979591837 72.4374
9.42857142857143 57.1241
9.43265306122449 41.8833
9.43673469387755 28.6239
9.44081632653061 20.0264
9.44489795918367 12.5579
9.44897959183673 9.0059
9.4530612244898 5.68872
9.45714285714286 3.5517
9.46122448979592 3.16308
9.46530612244898 1.71045
9.46938775510204 0.294574
9.4734693877551 0.704813
9.47755102040816 1.48618
9.48163265306122 2.04397
9.48571428571429 14.4428
9.48979591836735 22.4429
9.49387755102041 24.1767
9.49795918367347 22.6208
9.50204081632653 18.7388
9.50612244897959 13.4262
9.51020408163265 9.12747
9.51428571428571 2.14064
9.51836734693878 10.6288
9.52244897959184 1.0244
9.5265306122449 4.42723
9.53061224489796 1.05999
9.53469387755102 1.39407
9.53877551020408 3.34896
9.54285714285714 1.19814
9.5469387755102 1.39751
9.55102040816327 9.09425
9.55510204081633 4.43138
9.55918367346939 14.4775
9.56326530612245 22.8801
9.56734693877551 42.6996
9.57142857142857 36.5698
9.57551020408163 26.5765
9.57959183673469 22.9256
9.58367346938775 15.1054
9.58775510204082 7.64483
9.59183673469388 2.50953
9.59591836734694 1.11723
9.6 0.406037
9.60408163265306 5.41104
9.60816326530612 2.1938
9.61224489795918 8.85054
9.61632653061224 0.967195
9.62040816326531 14.1487
9.62448979591837 34.1984
9.62857142857143 34.4045
9.63265306122449 53.8938
9.63673469387755 64.2125
9.64081632653061 95.1009
9.64489795918367 116.753
9.64897959183673 131.975
9.6530612244898 134.119
9.65714285714286 137.605
9.66122448979592 122.202
9.66530612244898 101.64
9.66938775510204 80.1059
9.6734693877551 66.0567
9.67755102040816 50.4662
9.68163265306123 43.0695
9.68571428571429 31.8236
9.68979591836735 29.656
9.69387755102041 24.2762
9.69795918367347 27.9859
9.70204081632653 47.846
9.70612244897959 114.213
9.71020408163265 152.711
9.71428571428571 157.112
9.71836734693878 160.18
9.72244897959184 153.316
9.7265306122449 135.602
9.73061224489796 115.52
9.73469387755102 93.954
9.73877551020408 73.9405
9.74285714285714 59.1625
9.7469387755102 42.1514
9.75102040816327 32.3395
9.75510204081633 26.708
9.75918367346939 21.2954
9.76326530612245 17.7372
9.76734693877551 15.9872
9.77142857142857 13.1636
9.77551020408163 11.087
9.77959183673469 8.97421
9.78367346938776 8.44295
9.78775510204082 6.02353
9.79183673469388 4.54625
9.79591836734694 1.81284
9.8 0.743071
9.80408163265306 0.0
9.80816326530612 0.0
9.81224489795918 0.196159
9.81632653061224 0.312155
9.82040816326531 18.5804
9.82448979591837 0.0
9.82857142857143 0.0
9.83265306122449 0.0
9.83673469387755 0.0
9.84081632653061 0.0276764
9.84489795918367 0.929465
9.84897959183673 0.292301
9.8530612244898 0.951608
9.85714285714286 1.66637
9.86122448979592 26.3751
9.86530612244898 13.7459
9.86938775510204 26.4482
9.8734693877551 25.3949
9.87755102040816 12.887
9.88163265306122 18.6954
9.88571428571429 2.78985
9.88979591836735 0.91063
9.89387755102041 0.295281
9.89795918367347 1.5873
9.90204081632653 0.014027
9.90612244897959 0.851363
9.91020408163265 0.265439
9.91428571428571 0.0
9.91836734693878 0.533978
9.92244897959184 0.58347
9.9265306122449 3.45761
9.93061224489796 0.524859
9.93469387755102 9.88729
9.93877551020408 21.2702
9.94285714285714 17.7951
9.9469387755102 4.46788
9.95102040816326 12.0606
9.95510204081633 34.6293
9.95918367346939 19.1559
9.96326530612245 17.8516
9.96734693877551 18.4002
9.97142857142857 20.2722
9.97551020408163 19.217
9.97959183673469 21.2574
9.98367346938775 24.369
9.98775510204082 39.2639
9.99183673469388 38.3182
9.99591836734694 51.6688
10.0 40.2068
10.0040816326531 75.8964
10.0081632653061 80.564
10.0122448979592 105.048
10.0163265306122 163.209
10.0204081632653 162.316
10.0244897959184 158.134
10.0285714285714 148.047
10.0326530612245 130.512
10.0367346938776 102.661
10.0408163265306 79.8799
10.0448979591837 62.7453
10.0489795918367 48.3454
10.0530612244898 33.0299
10.0571428571429 20.8897
10.0612244897959 10.3435
10.065306122449 5.43634
10.069387755102 3.59636
10.0734693877551 1.73037
10.0775510204082 2.66465
10.0816326530612 2.69483
10.0857142857143 1.46423
10.0897959183673 1.59431
10.0938775510204 1.15442
10.0979591836735 1.16028
10.1020408163265 1.08989
10.1061224489796 1.27034
10.1102040816327 17.4327
10.1142857142857 11.8462
10.1183673469388 24.2606
10.1224489795918 14.794
10.1265306122449 2.08466
10.130612244898 2.34296
10.134693877551 2.41718
10.1387755102041 2.18369
10.1428571428571 1.49904
10.1469387755102 1.10107
10.1510204081633 8.8847
10.1551020408163 0.861685
10.1591836734694 18.4309
10.1632653061224 7.21453
10.1673469387755 8.25141
10.1714285714286 17.0718
10.1755102040816 1.05708
10.1795918367347 5.86271
10.1836734693878 1.37663
10.1877551020408 1.43509
10.1918367346939 1.34263
10.1959183673469 2.26605
10.2 2.89177
10.2040816326531 2.62145
10.2081632653061 6.44066
10.2122448979592 10.8783
10.2163265306122 37.8264
10.2204081632653 47.6997
10.2244897959184 27.3683
10.2285714285714 42.5765
10.2326530612245 28.4993
10.2367346938776 11.2548
10.2408163265306 9.29598
10.2448979591837 7.1367
10.2489795918367 4.61517
10.2530612244898 1.39159
10.2571428571429 1.13488
10.2612244897959 1.24704
10.265306122449 1.71274
10.269387755102 2.20411
10.2734693877551 13.6435
10.2775510204082 48.5062
10.2816326530612 56.018
10.2857142857143 56.7987
10.2897959183673 59.5779
10.2938775510204 71.6613
10.2979591836735 58.5743
10.3020408163265 53.0337
10.3061224489796 45.418
10.3102040816327 72.0907
10.3142857142857 125.634
10.3183673469388 90.7277
10.3224489795918 96.3289
10.3265306122449 124.718
10.330612244898 145.533
10.334693877551 161.852
10.3387755102041 168.715
10.3428571428571 168.221
10.3469387755102 159.124
10.3510204081633 138.296
10.3551020408163 110.273
10.3591836734694 89.1333
10.3632653061224 67.6217
10.3673469387755 48.0706
10.3714285714286 35.3019
10.3755102040816 24.9303
10.3795918367347 15.0854
10.3836734693878 7.6086
10.3877551020408 9.44624
10.3918367346939 10.0688
10.3959183673469 9.06763
10.4 5.40878
10.4040816326531 16.2796
10.4081632653061 5.98834
10.4122448979592 2.40701
10.4163265306122 11.9946
10.4204081632653 3.24737
10.4244897959184 10.9917
10.4285714285714 4.81158
10.4326530612245 15.3251
10.4367346938776 17.3113
10.4408163265306 33.5505
10.4448979591837 40.06
10.4489795918367 37.3495
10.4530612244898 31.8948
10.4571428571429 24.5457
10.4612244897959 16.8463
10.465306122449 10.2626
10.469387755102 3.73574
10.4734693877551 3.29389
10.4775510204082 5.7882
10.4816326530612 6.95749
10.4857142857143 10.0867
10.4897959183673 6.68607
10.4938775510204 4.06749
10.4979591836735 7.44046
10.5020408163265 3.23168
10.5061224489796 7.03812
10.5102040816327 2.43121
10.5142857142857 12.2195
10.5183673469388 27.1235
10.5224489795918 29.1277
10.5265306122449 31.0782
10.530612244898 27.8377
10.534693877551 23.5792
10.5387755102041 13.988
10.5428571428571 10.2797
10.5469387755102 3.3138
10.5510204081633 7.72596
10.5551020408163 0.360201
10.5591836734694 3.29131
10.5632653061224 2.18363
10.5673469387755 1.92143
10.5714285714286 7.33704
10.5755102040816 3.74321
10.5795918367347 8.83365
10.5836734693878 4.06735
10.5877551020408 8.8781
10.5918367346939 9.63753
10.5959183673469 14.5916
10.6 16.9687
10.6040816326531 14.1164
10.6081632653061 13.9827
10.6122448979592 11.4493
10.6163265306122 13.1316
10.6204081632653 18.7077
10.6244897959184 18.0086
10.6285714285714 23.7213
10.6326530612245 33.4278
10.6367346938776 42.1588
10.6408163265306 48.9781
10.6448979591837 52.7606
10.6489795918367 49.9159
10.6530612244898 45.7294
10.6571428571429 35.7002
10.6612244897959 30.0576
10.665306122449 17.8347
10.669387755102 15.1869
10.6734693877551 20.3931
10.6775510204082 27.6554
10.6816326530612 30.5791
10.6857142857143 29.4486
10.6897959183673 27.6194
10.6938775510204 23.5109
10.6979591836735 21.7329
10.7020408163265 16.0813
10.7061224489796 10.833
10.7102040816327 3.26246
10.7142857142857 13.626
10.7183673469388 2.18218
10.7224489795918 0.836333
10.7265306122449 5.85753
10.730612244898 0.126779
10.734693877551 0.493368
10.7387755102041 3.61661
10.7428571428571 7.69073
10.7469387755102 3.80019
10.7510204081633 4.90396
10.7551020408163 15.4427
10.7591836734694 13.8547
10.7632653061224 15.7636
10.7673469387755 18.1159
10.7714285714286 14.2034
10.7755102040816 10.9707
10.7795918367347 13.1913
10.7836734693878 12.1947
10.7877551020408 12.3537
10.7918367346939 2.65347
10.7959183673469 7.39146
10.8 1.61973
10.8040816326531 0.839293
10.8081632653061 6.01917
10.8122448979592 1.21145
10.8163265306122 4.4235
10.8204081632653 6.5395
10.8244897959184 12.0621
10.8285714285714 13.7302
10.8326530612245 12.9768
10.8367346938776 15.2863
10.8408163265306 12.6097
10.8448979591837 11.0972
10.8489795918367 13.646
10.8530612244898 9.56258
10.8571428571429 8.0642
10.8612244897959 5.43038
10.865306122449 2.65033
10.869387755102 1.54411
10.8734693877551 0.818799
10.8775510204082 0.900189
10.8816326530612 1.96478
10.8857142857143 0.517309
10.8897959183673 0.623961
10.8938775510204 0.89402
10.8979591836735 2.13051
10.9020408163265 11.7626
10.9061224489796 22.3005
10.9102040816327 33.4624
10.9142857142857 60.2365
10.9183673469388 200.767
10.9224489795918 124.192
10.9265306122449 146.604
10.930612244898 179.684
10.934693877551 195.498
10.9387755102041 215.343
10.9428571428571 216.23
10.9469387755102 203.712
10.9510204081633 180.746
10.9551020408163 153.899
10.9591836734694 123.774
10.9632653061224 93.5437
10.9673469387755 63.9015
10.9714285714286 36.3043
10.9755102040816 16.6181
10.9795918367347 5.18916
10.9836734693878 2.86873
10.9877551020408 2.7136
10.9918367346939 2.10283
10.9959183673469 2.25929
11.0 1.5629
11.0040816326531 1.99047
11.0081632653061 2.24683
11.0122448979592 1.65201
11.0163265306122 1.665
11.0204081632653 2.09861
11.0244897959184 1.66349
11.0285714285714 3.01764
11.0326530612245 4.07291
11.0367346938776 4.72854
11.0408163265306 4.95326
11.0448979591837 5.38731
11.0489795918367 5.41119
11.0530612244898 7.21492
11.0571428571429 11.4258
11.0612244897959 10.968
11.065306122449 12.241
11.069387755102 10.1616
11.0734693877551 8.85016
11.0775510204082 8.42949
11.0816326530612 5.06611
11.0857142857143 7.46437
11.0897959183673 11.8858
11.0938775510204 15.0087
11.0979591836735 14.0507
11.1020408163265 19.7652
11.1061224489796 15.7979
11.1102040816327 18.2663
11.1142857142857 15.7692
11.1183673469388 12.6626
11.1224489795918 11.1008
11.1265306122449 10.4568
11.130612244898 8.45736
11.134693877551 24.0713
11.1387755102041 34.5618
11.1428571428571 41.0601
11.1469387755102 35.3939
11.1510204081633 29.4974
11.1551020408163 21.7814
11.1591836734694 12.8792
11.1632653061224 5.93926
11.1673469387755 7.67559
11.1714285714286 44.5577
11.1755102040816 88.0857
11.1795918367347 103.322
11.1836734693878 121.165
11.1877551020408 111.797
11.1918367346939 106.227
11.1959183673469 104.061
11.2 90.335
11.2040816326531 90.4968
11.2081632653061 86.7749
11.2122448979592 77.6688
11.2163265306122 65.0608
11.2204081632653 49.8467
11.2244897959184 34.1692
11.2285714285714 17.9484
11.2326530612245 9.51242
11.2367346938776 1.81266
11.2408163265306 0.0
11.2448979591837 0.0
11.2489795918367 0.0
11.2530612244898 0.0578662
11.2571428571429 1.34977
11.2612244897959 0.341117
11.265306122449 1.59047
11.269387755102 6.65524
11.2734693877551 6.57608
11.2775510204082 4.07002
11.2816326530612 17.5576
11.2857142857143 31.0167
11.2897959183673 34.5445
11.2938775510204 30.6283
11.2979591836735 33.0319
11.3020408163265 24.2199
11.3061224489796 17.6556
11.3102040816327 16.9264
11.3142857142857 4.72607
11.3183673469388 4.71793
11.3224489795918 9.25205
11.3265306122449 4.70755
11.330612244898 4.28885
11.334693877551 4.2478
11.3387755102041 3.88474
11.3428571428571 4.51096
11.3469387755102 5.47104
11.3510204081633 2.77724
11.3551020408163 4.76008
11.3591836734694 7.67066
11.3632653061224 17.9081
11.3673469387755 18.7118
11.3714285714286 18.2128
11.3755102040816 16.6847
11.3795918367347 18.0955
11.3836734693878 12.2015
11.3877551020408 8.54714
11.3918367346939 10.2867
11.3959183673469 1.37614
11.4 0.462373
11.4040816326531 3.70057
11.4081632653061 0.144978
11.4122448979592 1.09879
11.4163265306122 1.53691
11.4204081632653 0.591427
11.4244897959184 3.08865
11.4285714285714 3.02743
11.4326530612245 1.97298
11.4367346938776 1.4071
11.4408163265306 2.8358
11.4448979591837 1.9147
11.4489795918367 1.10677
11.4530612244898 2.97761
11.4571428571429 5.24835
11.4612244897959 8.01484
11.465306122449 7.16866
11.469387755102 6.39933
11.4734693877551 5.06893
11.4775510204082 2.80568
11.4816326530612 1.37245
11.4857142857143 1.31558
11.4897959183673 1.04095
11.4938775510204 1.06597
11.4979591836735 8.83789
11.5020408163265 12.2707
11.5061224489796 3.38093
11.5102040816327 3.963
11.5142857142857 18.1435
11.5183673469388 3.43686
11.5224489795918 7.26015
11.5265306122449 18.1358
11.530612244898 9.7261
11.534693877551 30.9938
11.5387755102041 144.93
11.5428571428571 162.032
11.5469387755102 122.53
11.5510204081633 198.7
11.5551020408163 232.604
11.5591836734694 234.966
11.5632653061224 227.945
11.5673469387755 202.878
11.5714285714286 171.506
11.5755102040816 137.901
11.5795918367347 106.102
11.5836734693878 73.4764
11.5877551020408 50.6155
11.5918367346939 30.1413
11.5959183673469 13.9462
11.6 0.0892083
11.6040816326531 0.318964
11.6081632653061 0.992835
11.6122448979592 1.21691
11.6163265306122 0.828306
11.6204081632653 0.498652
11.6244897959184 0.186801
11.6285714285714 0.666648
11.6326530612245 0.0656247
11.6367346938776 3.49965
11.6408163265306 4.83387
11.6448979591837 14.8822
11.6489795918367 1.12867
11.6530612244898 1.66924
11.6571428571429 0.709494
11.6612244897959 13.0433
11.665306122449 5.62066
11.669387755102 6.41903
11.6734693877551 1.48828
11.6775510204082 3.50123
11.6816326530612 4.37591
11.6857142857143 11.7895
11.6897959183673 54.2356
11.6938775510204 59.777
11.6979591836735 5.68681
11.7020408163265 12.863
11.7061224489796 9.8393
11.7102040816327 6.79545
11.7142857142857 4.60441
11.7183673469388 7.15102
11.7224489795918 82.4669
11.7265306122449 55.9016
11.730612244898 25.4177
11.734693877551 0.212212
11.7387755102041 3.15464
11.7428571428571 18.634
11.7469387755102 26.6586
11.7510204081633 20.3964
11.7551020408163 40.0605
11.7591836734694 7.92901
11.7632653061224 3.6171
11.7673469387755 0.794888
11.7714285714286 13.0996
11.7755102040816 13.6679
11.7795918367347 176.871
11.7836734693878 85.7654
11.7877551020408 52.6216
11.7918367346939 55.5032
11.7959183673469 26.3472
11.8 25.5338
11.8040816326531 40.4778
11.8081632653061 40.7758
11.8122448979592 43.9715
11.8163265306122 22.5083
11.8204081632653 32.077
11.8244897959184 70.3239
11.8285714285714 86.4356
11.8326530612245 70.9321
11.8367346938776 99.6267
11.8408163265306 112.694
11.8448979591837 96.1356
11.8489795918367 78.5059
11.8530612244898 76.5216
11.8571428571429 61.255
11.8612244897959 49.2765
11.865306122449 42.4457
11.869387755102 31.9862
11.8734693877551 24.0315
11.8775510204082 22.2476
11.8816326530612 18.1633
11.8857142857143 14.5326
11.8897959183673 10.9649
11.8938775510204 8.67321
11.8979591836735 5.03102
11.9020408163265 2.64766
11.9061224489796 3.52036
11.9102040816327 2.75627
11.9142857142857 3.63304
11.9183673469388 3.17102
11.9224489795918 1.61543
11.9265306122449 1.54264
11.930612244898 0.0
11.934693877551 0.0
11.9387755102041 0.0
11.9428571428571 0.0
11.9469387755102 0.0
11.9510204081633 0.0
11.9551020408163 0.0
11.9591836734694 0.0
11.9632653061224 2.10516
11.9673469387755 11.9421
11.9714285714286 12.7853
11.9755102040816 30.487
11.9795918367347 11.9311
11.9836734693878 5.68312
11.9877551020408 74.0265
11.9918367346939 28.4452
11.9959183673469 32.116
12.0 42.6021
12.0040816326531 45.2043
12.0081632653061 24.2802
12.0122448979592 47.6108
12.0163265306122 36.5426
12.0204081632653 51.511
12.0244897959184 70.1599
12.0285714285714 90.6478
12.0326530612245 84.7158
12.0367346938776 126.099
12.0408163265306 134.8
12.0448979591837 123.016
12.0489795918367 121.559
12.0530612244898 103.226
12.0571428571429 95.8495
12.0612244897959 76.6863
12.065306122449 65.4657
12.069387755102 50.0824
12.0734693877551 33.2882
12.0775510204082 20.0844
12.0816326530612 9.88725
12.0857142857143 5.43797
12.0897959183673 5.27888
12.0938775510204 4.23168
12.0979591836735 3.86713
12.1020408163265 3.1435
12.1061224489796 2.7256
12.1102040816327 3.39412
12.1142857142857 3.50477
12.1183673469388 5.69141
12.1224489795918 8.97003
12.1265306122449 10.3593
12.130612244898 13.8324
12.134693877551 31.2353
12.1387755102041 18.0976
12.1428571428571 18.3551
12.1469387755102 25.5042
12.1510204081633 15.4905
12.1551020408163 14.5748
12.1591836734694 89.7794
12.1632653061224 94.3629
12.1673469387755 29.5382
12.1714285714286 116.746
12.1755102040816 81.7737
12.1795918367347 74.5496
12.1836734693878 87.3625
12.1877551020408 77.4389
12.1918367346939 61.2961
12.1959183673469 61.5522
12.2 30.1395
12.2040816326531 26.3159
12.2081632653061 24.7214
12.2122448979592 19.4503
12.2163265306122 40.6617
12.2204081632653 53.5746
12.2244897959184 51.8896
12.2285714285714 45.6638
12.2326530612245 36.9549
12.2367346938776 31.5278
12.2408163265306 23.4857
12.2448979591837 15.5341
12.2489795918367 9.77816
12.2530612244898 2.85985
12.2571428571429 0.679322
12.2612244897959 0.607153
12.265306122449 0.777227
12.269387755102 0.889969
12.2734693877551 1.72814
12.2775510204082 2.24138
12.2816326530612 3.23443
12.2857142857143 5.09918
12.2897959183673 5.60699
12.2938775510204 5.56513
12.2979591836735 14.4028
12.3020408163265 18.472
12.3061224489796 2.76623
12.3102040816327 2.70243
12.3142857142857 2.26542
12.3183673469388 5.63427
12.3224489795918 6.15355
12.3265306122449 8.86573
12.330612244898 60.8575
12.334693877551 47.9783
12.3387755102041 67.6566
12.3428571428571 83.0805
12.3469387755102 74.6022
12.3510204081633 65.5287
12.3551020408163 66.7413
12.3591836734694 45.649
12.3632653061224 23.3686
12.3673469387755 22.3199
12.3714285714286 19.1446
12.3755102040816 14.9253
12.3795918367347 12.0968
12.3836734693878 7.40686
12.3877551020408 4.38538
12.3918367346939 3.44851
12.3959183673469 9.12659
12.4 13.2687
12.4040816326531 11.9342
12.4081632653061 11.6207
12.4122448979592 37.8387
12.4163265306122 12.2324
12.4204081632653 12.0692
12.4244897959184 8.82329
12.4285714285714 8.57922
12.4326530612245 10.109
12.4367346938776 9.44367
12.4408163265306 53.9291
12.4448979591837 8.48997
12.4489795918367 13.9213
12.4530612244898 7.30347
12.4571428571429 7.06367
12.4612244897959 7.68466
12.465306122449 34.0161
12.469387755102 63.9058
12.4734693877551 91.63
12.4775510204082 39.9843
12.4816326530612 45.3841
12.4857142857143 27.3394
12.4897959183673 103.727
12.4938775510204 45.0756
12.4979591836735 192.585
12.5020408163265 165.158
12.5061224489796 159.401
12.5102040816327 152.184
12.5142857142857 137.136
12.5183673469388 117.537
12.5224489795918 102.337
12.5265306122449 78.5873
12.530612244898 50.431
12.534693877551 33.5512
12.5387755102041 25.924
12.5428571428571 17.2742
12.5469387755102 10.3835
12.5510204081633 5.7028
12.5551020408163 1.03823
12.5591836734694 1.16444
12.5632653061224 1.05074
12.5673469387755 4.04914
12.5714285714286 6.04446
12.5755102040816 6.75574
12.5795918367347 4.22522
12.5836734693878 8.42164
12.5877551020408 4.14544
12.5918367346939 4.69931
12.5959183673469 8.3796
12.6 5.60166
12.6040816326531 6.19951
12.6081632653061 6.96237
12.6122448979592 5.88735
12.6163265306122 7.52557
12.6204081632653 6.66399
12.6244897959184 7.50901
12.6285714285714 7.48249
12.6326530612245 7.44902
12.6367346938776 45.6072
12.6408163265306 5.64142
12.6448979591837 5.3686
12.6489795918367 51.6203
12.6530612244898 5.18464
12.6571428571429 164.889
12.6612244897959 3.64864
12.665306122449 5.35101
12.669387755102 106.46
12.6734693877551 34.4883
12.6775510204082 88.2823
12.6816326530612 15.7589
12.6857142857143 10.1609
12.6897959183673 0.353143
12.6938775510204 3.10108
12.6979591836735 20.8466
12.7020408163265 46.0125
12.7061224489796 6.62847
12.7102040816327 2.68703
12.7142857142857 3.06406
12.7183673469388 8.53747
12.7224489795918 1.94086
12.7265306122449 11.6602
12.730612244898 53.3146
12.734693877551 6.14134
12.7387755102041 25.2326
12.7428571428571 19.2661
12.7469387755102 30.6715
12.7510204081633 9.50009
12.7551020408163 18.9894
12.7591836734694 23.9639
12.7632653061224 16.8737
12.7673469387755 37.2947
12.7714285714286 31.077
12.7755102040816 47.1412
12.7795918367347 67.5623
12.7836734693878 130.783
12.7877551020408 156.502
12.7918367346939 228.587
12.7959183673469 162.762
12.8 150.394
12.8040816326531 193.685
12.8081632653061 192.785
12.8122448979592 203.743
12.8163265306122 186.65
12.8204081632653 169.157
12.8244897959184 141.443
12.8285714285714 119.552
12.8326530612245 94.7098
12.8367346938776 66.3104
12.8408163265306 46.2035
12.8448979591837 29.3203
12.8489795918367 15.3691
12.8530612244898 3.07656
12.8571428571429 0.90453
12.8612244897959 0.0741084
12.865306122449 0.0
12.869387755102 0.0
12.8734693877551 0.0
12.8775510204082 0.327842
12.8816326530612 1.77563
12.8857142857143 2.02767
12.8897959183673 26.1732
12.8938775510204 37.3234
12.8979591836735 5.06713
12.9020408163265 12.5063
12.9061224489796 2.37215
12.9102040816327 1.61288
12.9142857142857 1.17934
12.9183673469388 1.76273
12.9224489795918 2.70955
12.9265306122449 1.34372
12.930612244898 3.69402
12.934693877551 2.68972
12.9387755102041 3.23989
12.9428571428571 18.2348
12.9469387755102 30.5073
12.9510204081633 7.70122
12.9551020408163 49.6224
12.9591836734694 3.26018
12.9632653061224 3.80253
12.9673469387755 3.48775
12.9714285714286 4.82403
12.9755102040816 26.9482
12.9795918367347 77.3909
12.9836734693878 25.2333
12.9877551020408 8.59265
12.9918367346939 2.55981
12.9959183673469 2.65632
13.0 2.29986
13.0040816326531 32.4425
13.0081632653061 79.6892
13.0122448979592 24.9576
13.0163265306122 33.7239
13.0204081632653 6.47665
13.0244897959184 15.7389
13.0285714285714 5.61388
13.0326530612245 38.8937
13.0367346938776 47.646
13.0408163265306 65.1706
13.0448979591837 32.7402
13.0489795918367 2.45187
13.0530612244898 6.37089
13.0571428571429 18.3613
13.0612244897959 6.78237
13.065306122449 42.8423
13.069387755102 5.83421
13.0734693877551 6.30237
13.0775510204082 14.3367
13.0816326530612 1.33385
13.0857142857143 60.6812
13.0897959183673 28.4657
13.0938775510204 30.3124
13.0979591836735 35.8025
13.1020408163265 92.1162
13.1061224489796 162.137
13.1102040816327 188.69
13.1142857142857 180.448
13.1183673469388 197.292
13.1224489795918 173.301
13.1265306122449 158.836
13.130612244898 138.326
13.134693877551 107.932
13.1387755102041 88.6465
13.1428571428571 61.7846
13.1469387755102 51.295
13.1510204081633 44.017
13.1551020408163 27.0048
13.1591836734694 20.7948
13.1632653061224 11.5154
13.1673469387755 7.00507
13.1714285714286 10.1384
13.1755102040816 5.30003
13.1795918367347 9.12615
13.1836734693878 7.24216
13.1877551020408 9.06894
13.1918367346939 4.5598
13.1959183673469 5.14297
13.2 5.96861
13.2040816326531 5.70231
13.2081632653061 4.69849
13.2122448979592 5.67404
13.2163265306122 5.33546
13.2204081632653 5.77282
13.2244897959184 5.60205
13.2285714285714 4.68998
13.2326530612245 7.00449
13.2367346938776 3.93791
13.2408163265306 12.283
13.2448979591837 14.4266
13.2489795918367 138.809
13.2530612244898 282.041
13.2571428571429 156.294
13.2612244897959 128.26
13.265306122449 118.528
13.269387755102 156.748
13.2734693877551 187.919
13.2775510204082 195.111
13.2816326530612 192.117
13.2857142857143 170.493
13.2897959183673 145.64
13.2938775510204 116.37
13.2979591836735 88.6192
13.3020408163265 68.3749
13.3061224489796 40.9108
13.3102040816327 24.3806
13.3142857142857 14.3631
13.3183673469388 5.02355
13.3224489795918 3.24608
13.3265306122449 1.13055
13.330612244898 0.873168
13.334693877551 1.36553
13.3387755102041 1.49388
13.3428571428571 1.51452
13.3469387755102 1.28995
13.3510204081633 0.733336
13.3551020408163 0.551109
13.3591836734694 0.446325
13.3632653061224 0.921456
13.3673469387755 1.00684
13.3714285714286 1.98423
13.3755102040816 1.55494
13.3795918367347 2.02211
13.3836734693878 2.32227
13.3877551020408 13.8221
13.3918367346939 15.0751
13.3959183673469 29.9102
13.4 71.9859
13.4040816326531 68.9803
13.4081632653061 85.9283
13.4122448979592 90.9365
13.4163265306122 100.663
13.4204081632653 72.0724
13.4244897959184 73.8548
13.4285714285714 78.8448
13.4326530612245 72.4408
13.4367346938776 63.1006
13.4408163265306 55.4974
13.4448979591837 47.5164
13.4489795918367 30.1414
13.4530612244898 21.9758
13.4571428571429 17.1705
13.4612244897959 12.0385
13.465306122449 7.06736
13.469387755102 2.32659
13.4734693877551 0.271956
13.4775510204082 0.161653
13.4816326530612 0.0
13.4857142857143 0.889177
13.4897959183673 1.32084
13.4938775510204 1.40107
13.4979591836735 1.2572
13.5020408163265 0.504881
13.5061224489796 0.235488
13.5102040816327 0.0
13.5142857142857 0.0
13.5183673469388 5.79333
13.5224489795918 10.5441
13.5265306122449 14.6631
13.530612244898 16.879
13.534693877551 32.4143
13.5387755102041 37.2426
13.5428571428571 51.0755
13.5469387755102 72.7092
13.5510204081633 85.3117
13.5551020408163 75.6254
13.5591836734694 77.1128
13.5632653061224 75.9279
13.5673469387755 60.4825
13.5714285714286 51.8226
13.5755102040816 36.0198
13.5795918367347 30.3472
13.5836734693878 26.0632
13.5877551020408 14.8334
13.5918367346939 10.0306
13.5959183673469 4.50741
13.6 1.36895
13.6040816326531 4.94617
13.6081632653061 1.84867
13.6122448979592 4.32535
13.6163265306122 7.95951
13.6204081632653 15.9469
13.6244897959184 26.2092
13.6285714285714 27.7931
13.6326530612245 45.1067
13.6367346938776 56.0799
13.6408163265306 70.8383
13.6448979591837 110.744
13.6489795918367 109.166
13.6530612244898 79.1826
13.6571428571429 110.224
13.6612244897959 138.814
13.665306122449 104.605
13.669387755102 98.8548
13.6734693877551 79.4239
13.6775510204082 57.5229
13.6816326530612 49.0855
13.6857142857143 30.6923
13.6897959183673 15.0174
13.6938775510204 8.72886
13.6979591836735 2.82772
13.7020408163265 2.49086
13.7061224489796 2.21063
13.7102040816327 0.507424
13.7142857142857 0.287354
13.7183673469388 13.9856
13.7224489795918 25.0911
13.7265306122449 42.083
13.730612244898 37.8661
13.734693877551 30.83
13.7387755102041 24.3217
13.7428571428571 18.35
13.7469387755102 17.655
13.7510204081633 12.5745
13.7551020408163 15.5037
13.7591836734694 13.9767
13.7632653061224 14.061
13.7673469387755 17.575
13.7714285714286 17.7681
13.7755102040816 25.5771
13.7795918367347 27.0072
13.7836734693878 28.6635
13.7877551020408 27.9919
13.7918367346939 20.61
13.7959183673469 18.4807
13.8 7.87653
13.8040816326531 0.338609
13.8081632653061 1.1864
13.8122448979592 0.899429
13.8163265306122 1.91652
13.8204081632653 1.9081
13.8244897959184 1.46548
13.8285714285714 3.2718
13.8326530612245 1.15946
13.8367346938776 1.08654
13.8408163265306 4.78671
13.8448979591837 16.4702
13.8489795918367 36.0224
13.8530612244898 33.6496
13.8571428571429 26.8877
13.8612244897959 21.9387
13.865306122449 15.1882
13.869387755102 8.71818
13.8734693877551 6.89313
13.8775510204082 1.5596
13.8816326530612 3.17237
13.8857142857143 0.280157
13.8897959183673 0.577901
13.8938775510204 0.455183
13.8979591836735 2.13996
13.9020408163265 14.0634
13.9061224489796 18.6323
13.9102040816327 49.4857
13.9142857142857 52.6501
13.9183673469388 74.3861
13.9224489795918 97.7774
13.9265306122449 107.2
13.930612244898 112.93
13.934693877551 111.987
13.9387755102041 103.635
13.9428571428571 92.5783
13.9469387755102 78.9125
13.9510204081633 69.3075
13.9551020408163 54.2633
13.9591836734694 42.5505
13.9632653061224 36.659
13.9673469387755 29.4189
13.9714285714286 22.2442
13.9755102040816 15.3026
13.9795918367347 9.07791
13.9836734693878 2.41236
13.9877551020408 1.15558
13.9918367346939 0.763516
13.9959183673469 6.63672
14.0 15.396
14.0040816326531 30.4463
14.0081632653061 58.4577
14.0122448979592 92.9839
14.0163265306122 124.642
14.0204081632653 157.354
14.0244897959184 167.182
14.0285714285714 169.193
14.0326530612245 159.288
14.0367346938776 135.394
14.0408163265306 104.738
14.0448979591837 79.9318
14.0489795918367 60.2569
14.0530612244898 39.8614
14.0571428571429 25.5016
14.0612244897959 14.4239
14.065306122449 7.01203
14.069387755102 3.89008
14.0734693877551 3.04657
14.0775510204082 3.15831
14.0816326530612 4.14999
14.0857142857143 4.83823
14.0897959183673 1.7004
14.0938775510204 0.979821
14.0979591836735 0.726581
14.1020408163265 1.4841
14.1061224489796 1.85865
14.1102040816327 3.80381
14.1142857142857 4.49656
14.1183673469388 4.7203
14.1224489795918 5.3621
14.1265306122449 6.27622
14.130612244898 6.56482
14.134693877551 6.72725
14.1387755102041 7.49564
14.1428571428571 8.12279
14.1469387755102 10.21
14.1510204081633 8.59497
14.1551020408163 7.66124
14.1591836734694 5.22803
14.1632653061224 4.8787
14.1673469387755 5.22191
14.1714285714286 4.80649
14.1755102040816 3.92679
14.1795918367347 3.04464
14.1836734693878 3.15929
14.1877551020408 2.53088
14.1918367346939 2.32629
14.1959183673469 3.26706
14.2 9.1381
14.2040816326531 12.4988
14.2081632653061 20.7748
14.2122448979592 27.222
14.2163265306122 23.3728
14.2204081632653 25.5602
14.2244897959184 17.7384
14.2285714285714 12.9702
14.2326530612245 10.7547
14.2367346938776 7.82456
14.2408163265306 3.37323
14.2448979591837 0.190953
14.2489795918367 0.766193
14.2530612244898 0.738601
14.2571428571429 0.916794
14.2612244897959 2.25744
14.265306122449 7.91976
14.269387755102 15.263
14.2734693877551 20.5545
14.2775510204082 23.8592
14.2816326530612 27.2501
14.2857142857143 28.0181
14.2897959183673 25.5568
14.2938775510204 32.2302
14.2979591836735 38.2679
14.3020408163265 104.905
14.3061224489796 110.207
14.3102040816327 127.22
14.3142857142857 153.991
14.3183673469388 154.86
14.3224489795918 164.661
14.3265306122449 181.15
14.330612244898 169.572
14.334693877551 152.791
14.3387755102041 130.633
14.3428571428571 101.571
14.3469387755102 77.1888
14.3510204081633 56.4034
14.3551020408163 37.4544
14.3591836734694 22.9933
14.3632653061224 9.42886
14.3673469387755 2.54535
14.3714285714286 2.24149
14.3755102040816 4.29457
14.3795918367347 9.16587
14.3836734693878 19.9746
14.3877551020408 31.844
14.3918367346939 46.8071
14.3959183673469 52.7741
14.4 56.6394
14.4040816326531 56.7764
14.4081632653061 52.3603
14.4122448979592 43.9513
14.4163265306122 34.3622
14.4204081632653 23.2998
14.4244897959184 17.2858
14.4285714285714 13.2089
14.4326530612245 10.7896
14.4367346938776 9.04627
14.4408163265306 8.61118
14.4448979591837 8.13561
14.4489795918367 7.90929
14.4530612244898 10.088
14.4571428571429 10.0118
14.4612244897959 11.1375
14.465306122449 14.3716
14.469387755102 16.1069
14.4734693877551 13.3473
14.4775510204082 9.17348
14.4816326530612 4.21286
14.4857142857143 3.19199
14.4897959183673 2.67722
14.4938775510204 2.93183
14.4979591836735 5.65595
14.5020408163265 5.59567
14.5061224489796 4.76917
14.5102040816327 1.83582
14.5142857142857 1.41932
14.5183673469388 0.950327
14.5224489795918 1.0313
14.5265306122449 13.4932
14.530612244898 24.047
14.534693877551 31.8192
14.5387755102041 36.3389
14.5428571428571 32.6829
14.5469387755102 29.3482
14.5510204081633 26.1617
14.5551020408163 20.0593
14.5591836734694 15.3793
14.5632653061224 9.17638
14.5673469387755 4.18935
14.5714285714286 1.34287
14.5755102040816 0.467956
14.5795918367347 0.662525
14.5836734693878 5.56763
14.5877551020408 0.0121991
14.5918367346939 0.918567
14.5959183673469 0.0
14.6 0.290612
14.6040816326531 0.82472
14.6081632653061 1.19476
14.6122448979592 1.42444
14.6163265306122 13.2325
14.6204081632653 38.1495
14.6244897959184 87.6996
14.6285714285714 161.832
14.6326530612245 244.427
14.6367346938776 243.288
14.6408163265306 251.225
14.6448979591837 252.315
14.6489795918367 235.072
14.6530612244898 209.083
14.6571428571429 176.747
14.6612244897959 144.033
14.665306122449 112.996
14.669387755102 82.1183
14.6734693877551 55.3195
14.6775510204082 36.2524
14.6816326530612 21.8279
14.6857142857143 10.3508
14.6897959183673 3.51711
14.6938775510204 1.2183
14.6979591836735 0.883689
14.7020408163265 0.494957
14.7061224489796 0.487765
14.7102040816327 0.0
14.7142857142857 0.0
14.7183673469388 0.0
14.7224489795918 0.0
14.7265306122449 0.0
14.730612244898 0.0
14.734693877551 0.669003
14.7387755102041 0.97092
14.7428571428571 1.03321
14.7469387755102 0.519236
14.7510204081633 0.166217
14.7551020408163 0.0
14.7591836734694 0.495856
14.7632653061224 0.777339
14.7673469387755 1.49399
14.7714285714286 1.74726
14.7755102040816 2.10793
14.7795918367347 2.18774
14.7836734693878 1.22217
14.7877551020408 1.85638
14.7918367346939 1.76601
14.7959183673469 2.17876
14.8 4.32227
14.8040816326531 5.23648
14.8081632653061 4.43713
14.8122448979592 2.85558
14.8163265306122 1.75028
14.8204081632653 1.76879
14.8244897959184 1.40341
14.8285714285714 1.19892
14.8326530612245 1.74083
14.8367346938776 1.83001
14.8408163265306 2.47966
14.8448979591837 2.67517
14.8489795918367 3.30879
14.8530612244898 3.33324
14.8571428571429 2.81941
14.8612244897959 1.55497
14.865306122449 0.716488
14.869387755102 3.59456
14.8734693877551 6.78651
14.8775510204082 7.43183
14.8816326530612 6.87877
14.8857142857143 4.63128
14.8897959183673 2.10222
14.8938775510204 0.628789
14.8979591836735 0.741005
14.9020408163265 0.44783
14.9061224489796 0.0754495
14.9102040816327 0.405292
14.9142857142857 0.620008
14.9183673469388 0.603636
14.9224489795918 0.56229
14.9265306122449 0.556429
14.930612244898 0.305424
14.934693877551 47.7839
14.9387755102041 117.992
14.9428571428571 107.32
14.9469387755102 127.974
14.9510204081633 176.75
14.9551020408163 205.599
14.9591836734694 210.783
14.9632653061224 203.305
14.9673469387755 178.926
14.9714285714286 151.407
14.9755102040816 118.392
14.9795918367347 81.2759
14.9836734693878 56.4072
14.9877551020408 40.3827
14.9918367346939 25.434
14.9959183673469 11.8181
15.0 6.02822
15.0040816326531 2.43202
15.0081632653061 0.0
15.0122448979592 0.0
15.0163265306122 0.0
15.0204081632653 0.0
15.0244897959184 0.0
15.0285714285714 9.60183
