1.31836734693878 1
2.57142857142857 1
2.88163265306122 1
3.49795918367347 1
3.80408163265306 1
4.11836734693878 1
4.42448979591837 1
4.73877551020408 1
5.06530612244898 1
5.36734693877551 1
5.68163265306123 1
5.99183673469388 1
6.31020408163265 1
7.98367346938776 1
8.1469387755102 1
8.78775510204082 1
9.26122448979592 1
9.43265306122449 1
10.0040816326531 1
10.1102040816327 1
10.2775510204082 1
10.4775510204082 1
11.2612244897959 1
11.5632653061224 1
11.8857142857143 1
12.7877551020408 1
13.1469387755102 1
13.469387755102 1
13.6163265306122 1
13.8326530612245 1
14.1714285714286 1
14.4897959183673 1
