0.00408163265306122 15.2772
0.00816326530612245 9.34444
0.0122448979591837 16.2905
0.0163265306122449 25.0725
0.0204081632653061 26.5277
0.0244897959183673 37.5085
0.0285714285714286 34.813
0.0326530612244898 32.0806
0.036734693877551 29.376
0.0408163265306122 19.1873
0.0448979591836735 12.301
0.0489795918367347 4.37353
0.0530612244897959 4.61118
0.0571428571428571 15.5339
0.0612244897959184 49.3268
0.0653061224489796 45.3865
0.0693877551020408 84.6879
0.073469387755102 102.915
0.0775510204081633 127.497
0.0816326530612245 150.683
0.0857142857142857 164.624
0.0897959183673469 175.218
0.0938775510204082 167.629
0.0979591836734694 151.434
0.102040816326531 137.206
0.106122448979592 119.509
0.110204081632653 99.0823
0.114285714285714 78.8825
0.118367346938776 57.8252
0.122448979591837 37.6076
0.126530612244898 20.1109
0.130612244897959 5.8345
0.13469387755102 0.281711
0.138775510204082 0.359734
0.142857142857143 0.0
0.146938775510204 0.0
0.151020408163265 0.0
0.155102040816327 0.0
0.159183673469388 0.0268519
0.163265306122449 0.0640452
0.16734693877551 1.12057
0.171428571428571 8.19079
0.175510204081633 11.5704
0.179591836734694 10.7478
0.183673469387755 6.22354
0.187755102040816 1.25339
0.191836734693878 0.0938773
0.195918367346939 0.202715
0.2 0.384152
0.204081632653061 0.369529
0.208163265306122 0.469516
0.212244897959184 0.662406
0.216326530612245 0.716895
0.220408163265306 0.92259
0.224489795918367 0.943561
0.228571428571429 5.85216
0.23265306122449 9.9105
0.236734693877551 11.7028
0.240816326530612 10.151
0.244897959183673 5.6558
0.248979591836735 5.05362
0.253061224489796 2.71162
0.257142857142857 3.33792
0.261224489795918 2.79254
0.26530612244898 1.87597
0.269387755102041 1.18647
0.273469387755102 0.51407
0.277551020408163 0.289698
0.281632653061224 1.8035
0.285714285714286 5.90998
0.289795918367347 8.13039
0.293877551020408 7.73275
0.297959183673469 3.84939
0.302040816326531 3.63863
0.306122448979592 0.107288
0.310204081632653 0.0
0.314285714285714 0.0403325
0.318367346938775 0.0509024
0.322448979591837 0.268559
0.326530612244898 0.847931
0.330612244897959 1.10902
0.33469387755102 1.01531
0.338775510204082 1.46196
0.342857142857143 18.7745
0.346938775510204 43.0251
0.351020408163265 47.4195
0.355102040816327 42.7411
0.359183673469388 35.9368
0.363265306122449 29.7329
0.36734693877551 20.2332
0.371428571428571 37.4019
0.375510204081633 73.746
0.379591836734694 109.236
0.383673469387755 122.314
0.387755102040816 146.448
0.391836734693878 155.848
0.395918367346939 149.864
0.4 138.102
0.404081632653061 117.138
0.408163265306122 101.779
0.412244897959184 86.5431
0.416326530612245 68.6274
0.420408163265306 49.6489
0.424489795918367 28.961
0.428571428571429 11.0244
0.43265306122449 1.6615
0.436734693877551 0.359535
0.440816326530612 0.311772
0.444897959183673 0.237584
0.448979591836735 0.179172
0.453061224489796 0.240723
0.457142857142857 0.128011
0.461224489795918 0.242253
0.46530612244898 0.254512
0.469387755102041 0.555138
0.473469387755102 1.31631
0.477551020408163 1.53507
0.481632653061224 1.45185
0.485714285714286 1.40217
0.489795918367347 1.3716
0.493877551020408 1.34845
0.497959183673469 1.0992
0.502040816326531 1.07195
0.506122448979592 1.68125
0.510204081632653 3.81661
0.514285714285714 6.02759
0.518367346938776 11.6475
0.522448979591837 24.033
0.526530612244898 40.9108
0.530612244897959 54.8893
0.53469387755102 63.8972
0.538775510204082 65.4525
0.542857142857143 61.6913
0.546938775510204 53.1014
0.551020408163265 43.0453
0.555102040816327 34.083
0.559183673469388 47.0283
0.563265306122449 49.4251
0.56734693877551 52.8072
0.571428571428571 47.0493
0.575510204081633 37.4837
0.579591836734694 29.4752
0.583673469387755 20.3066
0.587755102040816 14.4631
0.591836734693878 6.79809
0.595918367346939 2.81582
0.6 0.454326
0.604081632653061 0.0
0.608163265306122 0.0230869
0.612244897959184 0.0
0.616326530612245 0.0
0.620408163265306 0.136276
0.624489795918367 0.33915
0.628571428571429 0.359833
0.63265306122449 0.377417
0.636734693877551 1.64592
0.640816326530612 2.06182
0.644897959183673 8.14641
0.648979591836735 25.8961
0.653061224489796 18.6901
0.657142857142857 16.0599
0.661224489795918 12.8751
0.66530612244898 11.8505
0.669387755102041 10.1631
0.673469387755102 5.90998
0.677551020408163 2.84914
0.681632653061224 4.19025
0.685714285714286 7.67032
0.689795918367347 25.0977
0.693877551020408 87.6801
0.697959183673469 144.674
0.702040816326531 198.845
0.706122448979592 213.207
0.710204081632653 211.83
0.714285714285714 201.607
0.718367346938775 181.045
0.722448979591837 154.556
0.726530612244898 128.339
0.730612244897959 100.6
0.73469387755102 74.2559
0.738775510204082 53.344
0.742857142857143 38.7118
0.746938775510204 26.383
0.751020408163265 17.4368
0.755102040816326 12.752
0.759183673469388 10.1908
0.763265306122449 6.37832
0.76734693877551 5.89016
0.771428571428571 10.2115
0.775510204081633 12.3854
0.779591836734694 12.1625
0.783673469387755 12.3843
0.787755102040816 10.8047
0.791836734693877 8.46516
0.795918367346939 6.42407
0.8 4.99905
0.804081632653061 4.82918
0.808163265306122 4.72208
0.812244897959184 4.14196
0.816326530612245 4.15577
0.820408163265306 4.25918
0.824489795918367 5.00702
0.828571428571429 7.00252
0.83265306122449 7.97638
0.836734693877551 7.77442
0.840816326530612 6.59562
0.844897959183673 5.00597
0.848979591836735 3.83562
0.853061224489796 3.55059
0.857142857142857 3.36565
0.861224489795918 2.94351
0.86530612244898 2.63793
0.869387755102041 2.85829
0.873469387755102 2.33989
0.877551020408163 1.78777
0.881632653061225 1.80098
0.885714285714286 2.43922
0.889795918367347 5.54641
0.893877551020408 7.06355
0.897959183673469 7.43767
0.902040816326531 7.08636
0.906122448979592 5.59386
0.910204081632653 3.56253
0.914285714285714 1.14171
0.918367346938776 0.0
0.922448979591837 0.0
0.926530612244898 0.806312
0.930612244897959 1.10957
0.93469387755102 0.905822
0.938775510204082 0.561784
0.942857142857143 0.0715653
0.946938775510204 0.247369
0.951020408163265 3.37317
0.955102040816327 5.3081
0.959183673469388 6.16065
0.963265306122449 6.20393
0.96734693877551 5.13245
0.971428571428571 3.80992
0.975510204081633 2.47526
0.979591836734694 2.16157
0.983673469387755 9.83742
0.987755102040816 17.4207
0.991836734693878 59.1867
0.995918367346939 86.7032
1.0 110.153
1.00408163265306 131.799
1.00816326530612 132.208
1.01224489795918 145.375
1.01632653061224 159.46
1.02040816326531 149.099
1.02448979591837 140.726
1.02857142857143 123.764
1.03265306122449 100.696
1.03673469387755 78.6898
1.04081632653061 55.9259
1.04489795918367 34.8827
1.04897959183673 17.7908
1.0530612244898 4.91853
1.05714285714286 0.663854
1.06122448979592 1.15754
1.06530612244898 1.61399
1.06938775510204 2.43998
1.0734693877551 2.8068
1.07755102040816 2.59662
1.08163265306122 1.36679
1.08571428571429 1.34468
1.08979591836735 1.27544
1.09387755102041 1.14655
1.09795918367347 1.18342
1.10204081632653 1.55232
1.10612244897959 1.42109
1.11020408163265 1.54296
1.11428571428571 6.72765
1.11836734693878 25.2121
1.12244897959184 36.1115
1.1265306122449 48.4338
1.13061224489796 69.4256
1.13469387755102 76.5876
1.13877551020408 82.026
1.14285714285714 78.3238
1.1469387755102 77.6895
1.15102040816327 68.5852
1.15510204081633 59.7603
1.15918367346939 53.0686
1.16326530612245 47.184
1.16734693877551 41.1414
1.17142857142857 34.8106
1.17551020408163 28.8167
1.17959183673469 22.3711
1.18367346938776 17.2812
1.18775510204082 12.3443
1.19183673469388 8.05252
1.19591836734694 3.95024
1.2 2.09667
1.20408163265306 0.518938
1.20816326530612 0.0
1.21224489795918 0.0
1.21632653061224 0.0
1.22040816326531 0.160466
1.22448979591837 1.46501
1.22857142857143 3.97656
1.23265306122449 3.01708
1.23673469387755 6.30207
1.24081632653061 25.6685
1.24489795918367 34.6681
1.24897959183673 40.3888
1.2530612244898 52.2315
1.25714285714286 71.6711
1.26122448979592 73.7502
1.26530612244898 74.5025
1.26938775510204 64.828
1.2734693877551 57.0073
1.27755102040816 50.8174
1.28163265306122 35.6684
1.28571428571429 23.9839
1.28979591836735 45.5322
1.29387755102041 41.298
1.29795918367347 20.0733
1.30204081632653 276.15
1.30612244897959 131.091
1.31020408163265 254.336
1.31428571428571 294.542
1.31836734693878 297.067
1.32244897959184 295.015
1.3265306122449 271.859
1.33061224489796 241.354
1.33469387755102 211.066
1.33877551020408 179.082
1.34285714285714 146.9
1.3469387755102 115.308
1.35102040816327 85.997
1.35510204081633 62.0011
1.35918367346939 42.2206
1.36326530612245 26.3534
1.36734693877551 13.8397
1.37142857142857 8.75587
1.37551020408163 5.86134
1.37959183673469 2.26356
1.38367346938776 1.67651
1.38775510204082 1.51784
1.39183673469388 1.32048
1.39591836734694 3.31256
1.4 4.95693
1.40408163265306 14.6137
1.40816326530612 15.6661
1.41224489795918 13.9257
1.41632653061225 5.92135
1.42040816326531 4.0517
1.42448979591837 1.93947
1.42857142857143 5.75493
1.43265306122449 2.69737
1.43673469387755 5.36998
1.44081632653061 4.77148
1.44489795918367 6.56194
1.44897959183673 7.37755
1.4530612244898 24.5994
1.45714285714286 30.0684
1.46122448979592 25.8569
1.46530612244898 17.3501
1.46938775510204 6.49778
1.4734693877551 1.34486
1.47755102040816 0.631094
1.48163265306122 1.12645
1.48571428571429 1.24133
1.48979591836735 1.74075
1.49387755102041 1.93047
1.49795918367347 1.60827
1.50204081632653 16.1531
1.50612244897959 24.4026
1.51020408163265 29.0609
1.51428571428571 22.6099
1.51836734693878 14.2761
1.52244897959184 4.14983
1.5265306122449 1.85887
1.53061224489796 2.05945
1.53469387755102 1.64132
1.53877551020408 1.35116
1.54285714285714 1.24205
1.5469387755102 1.02946
1.55102040816327 2.06792
1.55510204081633 19.6044
1.55918367346939 26.2489
1.56326530612245 24.2422
1.56734693877551 17.3986
1.57142857142857 9.47722
1.57551020408163 3.029
1.57959183673469 5.41754
1.58367346938775 4.22357
1.58775510204082 5.33354
1.59183673469388 5.07354
1.59591836734694 4.83132
1.6 6.02439
1.60408163265306 16.3045
1.60816326530612 25.0451
1.61224489795918 31.3171
1.61632653061224 22.9342
1.62040816326531 16.8304
1.62448979591837 16.4458
1.62857142857143 18.2699
1.63265306122449 28.6998
1.63673469387755 32.2891
1.64081632653061 39.8084
1.64489795918367 42.2432
1.64897959183673 42.3427
1.6530612244898 39.9393
1.65714285714286 59.1824
1.66122448979592 76.4522
1.66530612244898 75.7339
1.66938775510204 65.2412
1.6734693877551 51.3374
1.67755102040816 36.8992
1.68163265306122 20.4952
1.68571428571429 9.25256
1.68979591836735 3.42415
1.69387755102041 1.45869
1.69795918367347 0.350051
1.70204081632653 0.321537
1.70612244897959 0.12068
1.71020408163265 0.155906
1.71428571428571 3.39475
1.71836734693878 18.0628
1.72244897959184 26.5301
1.7265306122449 25.9918
1.73061224489796 20.5846
1.73469387755102 9.34259
1.73877551020408 2.26998
1.74285714285714 0.484765
1.7469387755102 0.530819
1.75102040816327 8.06959
1.75510204081633 2.88664
1.75918367346939 2.19982
1.76326530612245 2.77955
1.76734693877551 10.4332
1.77142857142857 22.8532
1.77551020408163 33.3947
1.77959183673469 33.9776
1.78367346938776 25.5404
1.78775510204082 14.5198
1.79183673469388 5.88003
1.79591836734694 36.8531
1.8 41.7812
1.80408163265306 74.0943
1.80816326530612 82.2914
1.81224489795918 80.8886
1.81632653061224 88.6397
1.82040816326531 89.3033
1.82448979591837 78.8456
1.82857142857143 63.0144
1.83265306122449 46.6982
1.83673469387755 26.6507
1.84081632653061 13.7251
1.84489795918367 8.90973
1.84897959183673 6.10527
1.8530612244898 4.2423
1.85714285714286 2.61987
1.86122448979592 1.40956
1.86530612244898 0.474826
1.86938775510204 21.4334
1.8734693877551 31.1856
1.87755102040816 28.0549
1.88163265306122 20.1121
1.88571428571429 10.1968
1.88979591836735 2.04249
1.89387755102041 3.65642
1.89795918367347 6.94565
1.90204081632653 7.67664
1.90612244897959 8.13563
1.91020408163265 6.6865
1.91428571428571 3.94616
1.91836734693878 2.10487
1.92244897959184 2.43547
1.9265306122449 2.95168
1.93061224489796 2.84772
1.93469387755102 2.88959
1.93877551020408 4.94769
1.94285714285714 8.0773
1.9469387755102 18.2976
1.95102040816327 78.2
1.95510204081633 120.947
1.95918367346939 139.523
1.96326530612245 131.462
1.96734693877551 113.877
1.97142857142857 100.306
1.97551020408163 84.5263
1.97959183673469 70.2176
1.98367346938776 53.2276
1.98775510204082 38.7084
1.99183673469388 25.5941
1.99591836734694 16.5423
2.0 14.3793
2.00408163265306 12.9217
2.00816326530612 8.40962
2.01224489795918 3.64716
2.01632653061225 1.56796
2.02040816326531 0.14693
2.02448979591837 0.00139574
2.02857142857143 15.4592
2.03265306122449 26.4884
2.03673469387755 25.6183
2.04081632653061 18.3996
2.04489795918367 8.94872
2.04897959183673 0.84432
2.0530612244898 5.61587
2.05714285714286 4.34478
2.06122448979592 4.95108
2.06530612244898 4.70929
2.06938775510204 4.10059
2.0734693877551 4.38718
2.07755102040816 14.0203
2.08163265306122 32.7386
2.08571428571429 38.2388
2.08979591836735 26.0439
2.09387755102041 16.8677
2.09795918367347 7.75055
2.10204081632653 1.40485
2.10612244897959 1.68061
2.11020408163265 2.75107
2.11428571428571 0.853732
2.11836734693878 4.04132
2.12244897959184 13.1294
2.1265306122449 35.3826
2.13061224489796 40.5244
2.13469387755102 64.9479
2.13877551020408 62.804
2.14285714285714 56.5897
2.1469387755102 48.7134
2.15102040816327 39.6692
2.15510204081633 34.2105
2.15918367346939 26.5179
2.16326530612245 21.3231
2.16734693877551 16.2047
2.17142857142857 12.5686
2.17551020408163 10.1263
2.17959183673469 9.28072
2.18367346938776 21.8713
2.18775510204082 30.1497
2.19183673469388 23.1774
2.19591836734694 17.1485
2.2 9.11304
2.20408163265306 1.66767
2.20816326530612 1.18724
2.21224489795918 0.815769
2.21632653061224 0.493765
2.22040816326531 0.864933
2.22448979591837 1.62224
2.22857142857143 2.47761
2.23265306122449 8.39751
2.23673469387755 18.9591
2.24081632653061 22.5806
2.24489795918367 26.3387
2.24897959183673 38.3472
2.2530612244898 41.6175
2.25714285714286 49.9154
2.26122448979592 63.5235
2.26530612244898 75.6065
2.26938775510204 76.0145
2.2734693877551 76.2905
2.27755102040816 71.7962
2.28163265306122 63.5324
2.28571428571429 53.3499
2.28979591836735 41.8121
2.29387755102041 30.6775
2.29795918367347 25.7789
2.30204081632653 19.8213
2.30612244897959 13.643
2.31020408163265 7.41535
2.31428571428571 1.76321
2.31836734693878 1.51698
2.32244897959184 14.1888
2.3265306122449 41.4315
2.33061224489796 66.0253
2.33469387755102 77.5264
2.33877551020408 79.0978
2.34285714285714 74.1015
2.3469387755102 68.6513
2.35102040816327 60.6402
2.35510204081633 51.8561
2.35918367346939 43.6325
2.36326530612245 35.7602
2.36734693877551 27.0765
2.37142857142857 18.182
2.37551020408163 14.0576
2.37959183673469 25.3367
2.38367346938776 23.8454
2.38775510204082 18.164
2.39183673469388 15.3973
2.39591836734694 12.005
2.4 16.3349
2.40408163265306 22.3642
2.40816326530612 25.2366
2.41224489795918 24.5842
2.41632653061225 21.3302
2.42040816326531 16.7374
2.42448979591837 11.3692
2.42857142857143 5.88853
2.43265306122449 9.76078
2.43673469387755 12.6293
2.44081632653061 10.1268
2.44489795918367 6.59575
2.44897959183673 3.71387
2.4530612244898 7.28773
2.45714285714286 9.62982
2.46122448979592 13.5918
2.46530612244898 18.2421
2.46938775510204 23.2413
2.4734693877551 27.246
2.47755102040816 25.6934
2.48163265306122 22.3462
2.48571428571429 24.3309
2.48979591836735 22.8106
2.49387755102041 26.9323
2.49795918367347 29.5021
2.50204081632653 22.5289
2.50612244897959 15.964
2.51020408163265 13.0503
2.51428571428571 7.49453
2.51836734693878 2.67273
2.52244897959184 5.22701
2.5265306122449 6.78221
2.53061224489796 6.84226
2.53469387755102 8.51134
2.53877551020408 7.78614
2.54285714285714 21.2572
2.5469387755102 33.1571
2.55102040816327 41.6749
2.55510204081633 78.267
2.55918367346939 161.911
2.56326530612245 214.038
2.56734693877551 228.0
2.57142857142857 230.675
2.57551020408163 222.583
2.57959183673469 197.818
2.58367346938775 167.989
2.58775510204082 133.526
2.59183673469388 99.3156
2.59591836734694 73.2645
2.6 49.3921
2.60408163265306 27.2785
2.60816326530612 10.5604
2.61224489795918 4.07639
2.61632653061224 4.70516
2.62040816326531 4.70931
2.62448979591837 3.18204
2.62857142857143 3.60229
2.63265306122449 2.97565
2.63673469387755 3.32624
2.64081632653061 6.43355
2.64489795918367 11.7066
2.64897959183673 15.5092
2.6530612244898 19.5507
2.65714285714286 19.4865
2.66122448979592 18.8382
2.66530612244898 16.7468
2.66938775510204 11.7068
2.6734693877551 7.56005
2.67755102040816 4.95253
2.68163265306122 2.64029
2.68571428571429 0.689526
2.68979591836735 0.683327
2.69387755102041 0.761082
2.69795918367347 1.33115
2.70204081632653 2.63435
2.70612244897959 4.39279
2.71020408163265 4.16349
2.71428571428571 3.87726
2.71836734693878 3.99746
2.72244897959184 3.69503
2.7265306122449 3.49403
2.73061224489796 3.41307
2.73469387755102 5.00272
2.73877551020408 4.2288
2.74285714285714 7.26431
2.7469387755102 5.15436
2.75102040816327 5.01599
2.75510204081633 6.337
2.75918367346939 3.63688
2.76326530612245 4.30033
2.76734693877551 4.65429
2.77142857142857 3.80021
2.77551020408163 1.34986
2.77959183673469 1.60309
2.78367346938776 1.02857
2.78775510204082 1.00462
2.79183673469388 0.929991
2.79591836734694 1.67477
2.8 0.544906
2.80408163265306 0.285943
2.80816326530612 0.128826
2.81224489795918 0.608116
2.81632653061224 2.1283
2.82040816326531 2.03951
2.82448979591837 5.68099
2.82857142857143 6.80872
2.83265306122449 7.40091
2.83673469387755 5.15439
2.84081632653061 3.97546
2.84489795918367 1.56864
2.84897959183673 0.845035
2.8530612244898 0.459055
2.85714285714286 0.358661
2.86122448979592 5.45863
2.86530612244898 20.1982
2.86938775510204 69.0238
2.8734693877551 89.0439
2.87755102040816 121.082
2.88163265306122 149.85
2.88571428571429 146.253
2.88979591836735 133.077
2.89387755102041 118.967
2.89795918367347 99.1044
2.90204081632653 80.6544
2.90612244897959 59.6937
2.91020408163265 44.2965
2.91428571428571 31.3712
2.91836734693878 16.7362
2.92244897959184 12.13
2.9265306122449 8.085
2.93061224489796 6.15812
2.93469387755102 2.10365
2.93877551020408 1.03509
2.94285714285714 0.805353
2.9469387755102 1.04007
2.95102040816327 1.70237
2.95510204081633 1.88063
2.95918367346939 1.9992
2.96326530612245 1.81742
2.96734693877551 1.92209
2.97142857142857 1.60137
2.97551020408163 1.98436
2.97959183673469 1.50494
2.98367346938775 2.73673
2.98775510204082 1.85495
2.99183673469388 2.22743
2.99591836734694 0.453472
3.0 7.3358
3.00408163265306 1.10826
3.00816326530612 1.36703
3.01224489795918 2.04671
3.01632653061225 9.82383
3.02040816326531 10.6129
3.02448979591837 33.9059
3.02857142857143 30.6067
3.03265306122449 52.493
3.03673469387755 65.1437
3.04081632653061 79.4365
3.04489795918367 87.3746
3.04897959183673 93.3726
3.0530612244898 97.2528
3.05714285714286 95.9567
3.06122448979592 86.6553
3.06530612244898 81.4062
3.06938775510204 67.0808
3.0734693877551 57.7496
3.07755102040816 50.0197
3.08163265306122 40.5824
3.08571428571429 30.7764
3.08979591836735 24.9567
3.09387755102041 18.6617
3.09795918367347 12.7413
3.10204081632653 6.98924
3.10612244897959 4.19174
3.11020408163265 0.372077
3.11428571428571 2.09002
3.11836734693878 0.0
3.12244897959184 0.322709
3.1265306122449 0.0
3.13061224489796 0.553052
3.13469387755102 1.19176
3.13877551020408 1.65908
3.14285714285714 1.15355
3.1469387755102 1.86752
3.15102040816327 0.840925
3.15510204081633 1.63654
3.15918367346939 1.06298
3.16326530612245 0.876985
3.16734693877551 0.59029
3.17142857142857 0.0186662
3.17551020408163 0.197986
3.17959183673469 0.179003
3.18367346938776 7.05345
3.18775510204082 20.6884
3.19183673469388 42.3274
3.19591836734694 54.4969
3.2 47.0786
3.20408163265306 42.3318
3.20816326530612 32.5187
3.21224489795918 25.5696
3.21632653061224 16.1327
3.22040816326531 5.50615
3.22448979591837 0.920474
3.22857142857143 0.607925
3.23265306122449 0.633035
3.23673469387755 0.995902
3.24081632653061 0.0
3.24489795918367 0.252306
3.24897959183673 0.581364
3.2530612244898 2.32736
3.25714285714286 2.58121
3.26122448979592 4.5663
3.26530612244898 10.0092
3.26938775510204 13.2586
3.2734693877551 14.3751
3.27755102040816 13.6217
3.28163265306122 12.2175
3.28571428571429 10.346
3.28979591836735 7.91024
3.29387755102041 6.32458
3.29795918367347 4.58937
3.30204081632653 3.42562
3.30612244897959 3.00889
3.31020408163265 4.45714
3.31428571428571 6.02172
3.31836734693878 6.77825
3.32244897959184 7.83528
3.3265306122449 8.80982
3.33061224489796 9.99976
3.33469387755102 12.2827
3.33877551020408 14.0929
3.34285714285714 16.3841
3.3469387755102 19.4592
3.35102040816327 26.1554
3.35510204081633 24.1571
3.35918367346939 34.4732
3.36326530612245 43.0093
3.36734693877551 48.8762
3.37142857142857 54.0562
3.37551020408163 49.4298
3.37959183673469 44.3214
3.38367346938776 36.436
3.38775510204082 34.0685
3.39183673469388 21.8955
3.39591836734694 18.9439
3.4 9.21517
3.40408163265306 6.1156
3.40816326530612 3.50424
3.41224489795918 3.88491
3.41632653061225 3.00368
3.42040816326531 2.53972
3.42448979591837 6.40627
3.42857142857143 19.1338
3.43265306122449 27.0939
3.43673469387755 34.7801
3.44081632653061 36.0901
3.44489795918367 40.9002
3.44897959183673 40.4376
3.4530612244898 39.0699
3.45714285714286 28.9831
3.46122448979592 18.8072
3.46530612244898 16.7517
3.46938775510204 16.0121
3.4734693877551 38.4948
3.47755102040816 31.0693
3.48163265306122 65.9608
3.48571428571429 157.924
3.48979591836735 183.767
3.49387755102041 193.922
3.49795918367347 204.523
3.50204081632653 189.021
3.50612244897959 167.227
3.51020408163265 144.474
3.51428571428571 115.996
3.51836734693878 88.0251
3.52244897959184 63.3647
3.5265306122449 45.4633
3.53061224489796 36.0494
3.53469387755102 36.2096
3.53877551020408 39.6687
3.54285714285714 51.0211
3.5469387755102 57.3449
3.55102040816327 58.6627
3.55510204081633 53.2437
3.55918367346939 44.12
3.56326530612245 40.6185
3.56734693877551 53.2925
3.57142857142857 52.823
3.57551020408163 44.2503
3.57959183673469 34.3574
3.58367346938775 24.5701
3.58775510204082 17.1644
3.59183673469388 12.4157
3.59591836734694 10.5925
3.6 14.0856
3.60408163265306 20.9152
3.60816326530612 23.8112
3.61224489795918 30.9838
3.61632653061224 30.9234
3.62040816326531 27.1692
3.62448979591837 19.0772
3.62857142857143 17.1212
3.63265306122449 10.229
3.63673469387755 8.76679
3.64081632653061 10.8392
3.64489795918367 16.2083
3.64897959183673 23.4117
3.6530612244898 30.6143
3.65714285714286 34.2141
3.66122448979592 36.5505
3.66530612244898 36.558
3.66938775510204 32.2458
3.6734693877551 26.6115
3.67755102040816 23.2884
3.68163265306122 19.9004
3.68571428571429 15.4624
3.68979591836735 12.1151
3.69387755102041 9.81665
3.69795918367347 9.48808
3.70204081632653 10.5279
3.70612244897959 14.3218
3.71020408163265 18.6324
3.71428571428571 22.6157
3.71836734693878 26.925
3.72244897959184 27.4629
3.7265306122449 25.9195
3.73061224489796 20.7821
3.73469387755102 16.714
3.73877551020408 13.7313
3.74285714285714 46.8405
3.7469387755102 60.3044
3.75102040816327 50.2428
3.75510204081633 40.632
3.75918367346939 26.3467
3.76326530612245 17.6409
3.76734693877551 12.7138
3.77142857142857 11.8783
3.77551020408163 16.3617
3.77959183673469 28.8277
3.78367346938776 47.4925
3.78775510204082 113.905
3.79183673469388 205.358
3.79591836734694 240.177
3.8 271.018
3.80408163265306 282.687
3.80816326530612 267.263
3.81224489795918 254.375
3.81632653061224 229.697
3.82040816326531 188.695
3.82448979591837 151.82
3.82857142857143 115.761
3.83265306122449 87.732
3.83673469387755 62.5121
3.84081632653061 42.7838
3.84489795918367 27.2163
3.84897959183673 13.6948
3.8530612244898 7.89662
3.85714285714286 3.47066
3.86122448979592 0.326256
3.86530612244898 0.0
3.86938775510204 0.0
3.8734693877551 2.56403
3.87755102040816 1.21767
3.88163265306122 0.0
3.88571428571429 0.0
3.88979591836735 0.0
3.89387755102041 0.0
3.89795918367347 3.04937
3.90204081632653 19.1487
3.90612244897959 0.0
3.91020408163265 10.6875
3.91428571428571 9.14377
3.91836734693878 6.39111
3.92244897959184 21.079
3.9265306122449 24.4415
3.93061224489796 0.0
3.93469387755102 34.3949
3.93877551020408 11.352
3.94285714285714 9.37484
3.9469387755102 1.78345
3.95102040816327 1.80418
3.95510204081633 56.2002
3.95918367346939 12.9134
3.96326530612245 9.02175
3.96734693877551 36.4599
3.97142857142857 6.78728
3.97551020408163 2.25443
3.97959183673469 19.4493
3.98367346938775 16.4022
3.98775510204082 21.1387
3.99183673469388 14.4859
3.99591836734694 7.96352
4.0 18.627
4.00408163265306 8.33296
4.00816326530612 22.2508
4.01224489795918 18.567
4.01632653061225 11.1635
4.02040816326531 20.7776
4.02448979591837 19.8097
4.02857142857143 16.7102
4.03265306122449 10.7942
4.03673469387755 7.68823
4.04081632653061 5.06242
4.04489795918367 2.56294
4.04897959183673 1.10686
4.0530612244898 10.8411
4.05714285714286 23.2234
4.06122448979592 26.5065
4.06530612244898 7.7015
4.06938775510204 15.8131
4.0734693877551 23.3172
4.07755102040816 16.0274
4.08163265306122 38.9015
4.08571428571429 20.7883
4.08979591836735 75.4631
4.09387755102041 43.5652
4.09795918367347 115.811
4.10204081632653 109.691
4.10612244897959 138.905
4.11020408163265 181.128
4.11428571428571 190.142
4.11836734693878 203.107
4.12244897959184 185.722
4.1265306122449 170.199
4.13061224489796 144.812
4.13469387755102 115.094
4.13877551020408 92.2988
4.14285714285714 72.8789
4.1469387755102 52.1983
4.15102040816326 34.5643
4.15510204081633 19.1772
4.15918367346939 5.39126
4.16326530612245 1.40707
4.16734693877551 0.864483
4.17142857142857 0.471065
4.17551020408163 0.950056
4.17959183673469 1.03256
4.18367346938776 1.14665
4.18775510204082 0.983715
4.19183673469388 1.66558
4.19591836734694 2.11249
4.2 1.75239
4.20408163265306 1.79226
4.20816326530612 14.876
4.21224489795918 6.73946
4.21632653061225 4.02919
4.22040816326531 29.6084
4.22448979591837 3.38933
4.22857142857143 4.972
4.23265306122449 0.0
4.23673469387755 7.69141
4.24081632653061 0.0
4.24489795918367 0.0
4.24897959183673 2.70538
4.2530612244898 0.0
4.25714285714286 3.54583
4.26122448979592 0.433048
4.26530612244898 31.2854
4.26938775510204 70.6431
4.2734693877551 83.6925
4.27755102040816 99.0089
4.28163265306122 90.2105
4.28571428571429 69.4143
4.28979591836735 55.9832
4.29387755102041 43.8231
4.29795918367347 23.603
4.30204081632653 16.5827
4.30612244897959 5.86851
4.31020408163265 5.17623
4.31428571428571 5.34541
4.31836734693878 20.5475
4.32244897959184 29.5504
4.3265306122449 18.2494
4.33061224489796 13.0026
4.33469387755102 9.05098
4.33877551020408 0.414183
4.34285714285714 5.37036
4.3469387755102 0.95431
4.35102040816327 0.933518
4.35510204081633 1.70506
4.35918367346939 2.37969
4.36326530612245 2.37313
4.36734693877551 3.64705
4.37142857142857 7.48566
4.37551020408163 10.0402
4.37959183673469 4.64083
4.38367346938776 5.26147
4.38775510204082 2.34176
4.39183673469388 9.15426
4.39591836734694 7.61827
4.4 13.2098
4.40408163265306 66.8365
4.40816326530612 41.9345
4.41224489795918 80.8187
4.41632653061224 154.865
4.42040816326531 243.938
4.42448979591837 288.975
4.42857142857143 274.106
4.43265306122449 258.075
4.43673469387755 233.231
4.44081632653061 203.029
4.44489795918367 179.365
4.44897959183673 151.828
4.4530612244898 121.118
4.45714285714286 91.6282
4.46122448979592 67.5475
4.46530612244898 42.4225
4.46938775510204 26.1509
4.4734693877551 16.2601
4.47755102040816 8.71302
4.48163265306122 2.49451
4.48571428571429 0.822594
4.48979591836735 0.616252
4.49387755102041 0.603298
4.49795918367347 0.293314
4.50204081632653 0.0960827
4.50612244897959 0.0
4.51020408163265 0.962883
4.51428571428571 2.01835
4.51836734693878 1.44682
4.52244897959184 1.6572
4.5265306122449 2.18185
4.53061224489796 1.40634
4.53469387755102 1.53811
4.53877551020408 0.701706
4.54285714285714 0.224342
4.5469387755102 0.807037
4.55102040816327 1.70678
4.55510204081633 5.67282
4.55918367346939 5.83214
4.56326530612245 6.51057
4.56734693877551 4.95596
4.57142857142857 2.38939
4.57551020408163 2.17783
4.57959183673469 2.66441
4.58367346938776 2.89394
4.58775510204082 3.01252
4.59183673469388 2.54151
4.59591836734694 2.65343
4.6 0.97395
4.60408163265306 1.42325
4.60816326530612 0.873874
4.61224489795918 0.608961
4.61632653061224 14.0046
4.62040816326531 25.3367
4.62448979591837 16.5731
4.62857142857143 17.4027
4.63265306122449 12.6049
4.63673469387755 9.10292
4.64081632653061 5.05716
4.64489795918367 0.961905
4.64897959183673 0.863905
4.6530612244898 0.502234
4.65714285714286 0.283162
4.66122448979592 0.103394
4.66530612244898 0.150561
4.66938775510204 0.107735
4.6734693877551 3.45722
4.67755102040816 4.59598
4.68163265306122 25.3106
4.68571428571429 30.2985
4.68979591836735 27.5747
4.69387755102041 29.9967
4.69795918367347 29.9862
4.70204081632653 15.6969
4.70612244897959 13.7457
4.71020408163265 13.9826
4.71428571428571 17.9152
4.71836734693878 22.2015
4.72244897959184 57.7254
4.7265306122449 109.283
4.73061224489796 170.709
4.73469387755102 199.973
4.73877551020408 218.529
4.74285714285714 201.212
4.7469387755102 177.0
4.75102040816327 146.733
4.75510204081633 115.644
4.75918367346939 84.6481
4.76326530612245 64.6986
4.76734693877551 45.1881
4.77142857142857 27.6508
4.77551020408163 12.4209
4.77959183673469 6.79108
4.78367346938775 5.00545
4.78775510204082 3.04817
4.79183673469388 1.8184
4.79591836734694 0.453194
4.8 0.0205959
4.80408163265306 0.0
4.80816326530612 0.0
4.81224489795918 0.0
4.81632653061224 6.77923
4.82040816326531 18.3057
4.82448979591837 48.1285
4.82857142857143 19.9762
4.83265306122449 15.8514
4.83673469387755 12.6705
4.84081632653061 13.4316
4.84489795918367 20.957
4.84897959183674 25.8258
4.8530612244898 33.8054
4.85714285714286 29.2486
4.86122448979592 39.5611
4.86530612244898 32.0814
4.86938775510204 33.7491
4.8734693877551 38.2751
4.87755102040816 37.5657
4.88163265306122 24.4642
4.88571428571429 11.5551
4.88979591836735 16.1633
4.89387755102041 6.83876
4.89795918367347 15.8882
4.90204081632653 18.3479
4.90612244897959 18.8298
4.91020408163265 10.6053
4.91428571428571 8.30224
4.91836734693878 1.5595
4.92244897959184 1.84086
4.9265306122449 7.71393
4.93061224489796 5.35162
4.93469387755102 5.53986
4.93877551020408 5.30434
4.94285714285714 7.14922
4.9469387755102 7.59035
4.95102040816327 12.6005
4.95510204081633 12.1071
4.95918367346939 7.69975
4.96326530612245 16.4202
4.96734693877551 12.6077
4.97142857142857 8.95917
4.97551020408163 7.41301
4.97959183673469 6.4517
4.98367346938775 5.59052
4.98775510204082 16.1448
4.99183673469388 30.9432
4.99591836734694 34.0035
5.0 28.7501
5.00408163265306 26.0446
5.00816326530612 21.2181
5.01224489795918 17.8355
5.01632653061225 14.8658
5.02040816326531 10.5993
5.02448979591837 4.76874
5.02857142857143 3.57774
5.03265306122449 2.58944
5.03673469387755 4.57643
5.04081632653061 26.9612
5.04489795918367 70.7579
5.04897959183673 92.7077
5.0530612244898 116.284
5.05714285714286 143.208
5.06122448979592 169.826
5.06530612244898 176.385
5.06938775510204 170.151
5.0734693877551 151.369
5.07755102040816 130.851
5.08163265306122 112.072
5.08571428571429 90.9752
5.08979591836735 71.6121
5.09387755102041 53.5182
5.09795918367347 46.3286
5.10204081632653 38.5853
5.10612244897959 29.3804
5.11020408163265 24.0457
5.11428571428571 18.2918
5.11836734693878 12.167
5.12244897959184 6.04239
5.1265306122449 0.494917
5.13061224489796 0.129183
5.13469387755102 0.0267824
5.13877551020408 2.39968
5.14285714285714 5.16097
5.1469387755102 7.65713
5.15102040816326 8.96955
5.15510204081633 8.1296
5.15918367346939 4.96671
5.16326530612245 1.63267
5.16734693877551 0.0
5.17142857142857 0.112573
5.17551020408163 0.184675
5.17959183673469 0.908201
5.18367346938776 1.4884
5.18775510204082 1.76292
5.19183673469388 1.74904
5.19591836734694 2.12894
5.2 4.96113
5.20408163265306 6.81706
5.20816326530612 7.23406
5.21224489795918 6.17755
5.21632653061225 3.50731
5.22040816326531 0.0809034
5.22448979591837 0.146523
5.22857142857143 4.67143
5.23265306122449 7.85251
5.23673469387755 3.36423
5.24081632653061 0.340934
5.24489795918367 0.585054
5.24897959183673 0.745922
5.2530612244898 0.834301
5.25714285714286 1.78593
5.26122448979592 2.35584
5.26530612244898 1.75955
5.26938775510204 1.30248
5.2734693877551 0.0
5.27755102040816 0.0
5.28163265306122 0.0
5.28571428571429 0.0935594
5.28979591836735 14.8502
5.29387755102041 27.044
5.29795918367347 17.6295
5.30204081632653 16.4315
5.30612244897959 15.4434
5.31020408163265 3.89257
5.31428571428571 30.4865
5.31836734693878 52.7635
5.32244897959184 49.5428
5.3265306122449 36.5428
5.33061224489796 18.8817
5.33469387755102 8.62196
5.33877551020408 0.738472
5.34285714285714 13.8664
5.3469387755102 22.0461
5.35102040816327 49.0849
5.35510204081633 131.454
5.35918367346939 148.345
5.36326530612245 148.702
5.36734693877551 175.445
5.37142857142857 163.902
5.37551020408163 154.22
5.37959183673469 145.217
5.38367346938776 124.69
5.38775510204082 102.08
5.39183673469388 78.6744
5.39591836734694 55.1778
5.4 34.1915
5.40408163265306 14.8444
5.40816326530612 4.64858
5.41224489795918 1.83284
5.41632653061224 1.82838
5.42040816326531 1.31664
5.42448979591837 0.997355
5.42857142857143 0.722682
5.43265306122449 0.358438
5.43673469387755 0.0
5.44081632653061 0.0
5.44489795918367 0.0
5.44897959183673 0.0627438
5.4530612244898 0.0409484
5.45714285714286 0.0
5.46122448979592 0.203431
5.46530612244898 0.192146
5.46938775510204 0.22467
5.4734693877551 0.31511
5.47755102040816 1.00774
5.48163265306122 2.71698
5.48571428571429 10.3653
5.48979591836735 23.3395
5.49387755102041 35.3364
5.49795918367347 47.1787
5.50204081632653 53.981
5.50612244897959 57.9606
5.51020408163265 58.3416
5.51428571428571 53.6458
5.51836734693878 46.9749
5.52244897959184 38.3312
5.5265306122449 29.3405
5.53061224489796 25.6431
5.53469387755102 39.9811
5.53877551020408 34.0294
5.54285714285714 40.7823
5.5469387755102 42.5356
5.55102040816327 36.2563
5.55510204081633 29.4025
5.55918367346939 17.5836
5.56326530612245 7.97525
5.56734693877551 4.45384
5.57142857142857 5.19928
5.57551020408163 2.87371
5.57959183673469 2.44365
5.58367346938776 2.76271
5.58775510204082 1.4545
5.59183673469388 2.06142
5.59591836734694 3.96013
5.6 3.79395
5.60408163265306 3.70931
5.60816326530612 2.94664
5.61224489795918 4.3421
5.61632653061224 4.38684
5.62040816326531 1.61145
5.62448979591837 1.24005
5.62857142857143 0.793099
5.63265306122449 0.531912
5.63673469387755 15.6515
5.64081632653061 20.5581
5.64489795918367 31.7186
5.64897959183673 32.7924
5.6530612244898 25.8584
5.65714285714286 41.5012
5.66122448979592 47.6551
5.66530612244898 54.9501
5.66938775510204 150.501
5.6734693877551 221.71
5.67755102040816 231.975
5.68163265306122 251.542
5.68571428571429 238.55
5.68979591836735 217.444
5.69387755102041 190.563
5.69795918367347 160.558
5.70204081632653 126.959
5.70612244897959 91.915
5.71020408163265 58.9218
5.71428571428571 33.753
5.71836734693878 19.6474
5.72244897959184 9.7184
5.7265306122449 3.57906
5.73061224489796 2.63897
5.73469387755102 2.61493
5.73877551020408 1.84719
5.74285714285714 1.95668
5.7469387755102 1.81193
5.75102040816327 3.03884
5.75510204081633 16.4241
5.75918367346939 25.7784
5.76326530612245 27.1379
5.76734693877551 25.2999
5.77142857142857 22.7122
5.77551020408163 17.6705
5.77959183673469 12.9508
5.78367346938775 8.21352
5.78775510204082 3.23689
5.79183673469388 2.81084
5.79591836734694 2.3599
5.8 1.92038
5.80408163265306 0.916531
5.80816326530612 1.33738
5.81224489795918 1.69513
5.81632653061224 2.33987
5.82040816326531 2.48668
5.82448979591837 4.91877
5.82857142857143 5.52648
5.83265306122449 5.74265
5.83673469387755 4.81749
5.84081632653061 2.87928
5.84489795918367 0.074625
5.84897959183674 0.0
5.8530612244898 0.187039
5.85714285714286 0.0
5.86122448979592 0.0
5.86530612244898 0.0
5.86938775510204 0.0
5.8734693877551 0.20051
5.87755102040816 3.30075
5.88163265306122 5.77585
5.88571428571429 7.25214
5.88979591836735 7.27137
5.89387755102041 6.43022
5.89795918367347 4.34834
5.90204081632653 1.60292
5.90612244897959 0.530022
5.91020408163265 0.666534
5.91428571428571 0.899429
5.91836734693878 1.10054
5.92244897959184 1.14221
5.9265306122449 1.34618
5.93061224489796 1.67439
5.93469387755102 1.05324
5.93877551020408 2.28012
5.94285714285714 5.36523
5.9469387755102 8.81745
5.95102040816327 11.0486
5.95510204081633 11.9044
5.95918367346939 15.2191
5.96326530612245 14.8211
5.96734693877551 15.9582
5.97142857142857 24.0789
5.97551020408163 38.493
5.97959183673469 74.4804
5.98367346938775 118.851
5.98775510204082 137.057
5.99183673469388 173.414
5.99591836734694 168.544
6.0 152.263
6.00408163265306 135.414
6.00816326530612 108.921
6.01224489795918 86.0941
6.01632653061225 66.0303
6.02040816326531 46.6948
6.02448979591837 27.6926
6.02857142857143 10.8483
6.03265306122449 1.28342
6.03673469387755 0.518541
6.04081632653061 0.174979
6.04489795918367 0.822862
6.04897959183673 0.281364
6.0530612244898 0.669996
6.05714285714286 0.0
6.06122448979592 0.0422796
6.06530612244898 0.585953
6.06938775510204 0.922581
6.0734693877551 2.85817
6.07755102040816 4.17487
6.08163265306122 2.43829
6.08571428571429 0.243922
6.08979591836735 2.63396
6.09387755102041 4.16976
6.09795918367347 11.9226
6.10204081632653 21.4272
6.10612244897959 40.2979
6.11020408163265 56.4442
6.11428571428571 65.5227
6.11836734693878 63.9332
6.12244897959184 65.4772
6.1265306122449 61.6006
6.13061224489796 56.4834
6.13469387755102 50.4936
6.13877551020408 42.9825
6.14285714285714 35.6542
6.1469387755102 27.6058
6.15102040816326 21.4538
6.15510204081633 15.3339
6.15918367346939 10.2692
6.16326530612245 5.01362
6.16734693877551 2.5172
6.17142857142857 1.78693
6.17551020408163 3.59174
6.17959183673469 5.36474
6.18367346938776 23.4522
6.18775510204082 31.3244
6.19183673469388 40.711
6.19591836734694 30.3889
6.2 23.3414
6.20408163265306 19.3754
6.20816326530612 9.91917
6.21224489795918 7.1332
6.21632653061225 4.41396
6.22040816326531 4.22811
6.22448979591837 4.02186
6.22857142857143 4.19492
6.23265306122449 5.86761
6.23673469387755 7.79511
6.24081632653061 11.0139
6.24489795918367 19.2706
6.24897959183673 23.1853
6.2530612244898 22.7228
6.25714285714286 22.0054
6.26122448979592 21.8479
6.26530612244898 17.9693
6.26938775510204 16.5021
6.2734693877551 13.15
6.27755102040816 18.6375
6.28163265306122 39.2804
6.28571428571429 36.5019
6.28979591836735 56.5366
6.29387755102041 98.493
6.29795918367347 149.297
6.30204081632653 202.992
6.30612244897959 237.256
6.31020408163265 239.531
6.31428571428571 228.395
6.31836734693878 205.119
6.32244897959184 177.62
6.3265306122449 153.041
6.33061224489796 125.776
6.33469387755102 99.5396
6.33877551020408 74.5276
6.34285714285714 53.3369
6.3469387755102 33.6958
6.35102040816327 23.098
6.35510204081633 13.2431
6.35918367346939 10.6011
6.36326530612245 5.87801
6.36734693877551 3.22342
6.37142857142857 0.0
6.37551020408163 0.0
6.37959183673469 0.0
6.38367346938776 0.463645
6.38775510204082 0.0
6.39183673469388 6.33001
6.39591836734694 15.434
6.4 18.4211
6.40408163265306 15.7228
6.40816326530612 9.40863
6.41224489795918 8.26852
6.41632653061224 5.66014
6.42040816326531 3.39778
6.42448979591837 2.09387
6.42857142857143 1.8634
6.43265306122449 1.36646
6.43673469387755 2.14034
6.44081632653061 6.70362
6.44489795918367 18.0781
6.44897959183673 20.5171
6.4530612244898 17.4901
6.45714285714286 9.47015
6.46122448979592 3.45127
6.46530612244898 1.07161
6.46938775510204 2.96076
6.4734693877551 0.0
6.47755102040816 2.44204
6.48163265306122 0.197828
6.48571428571429 0.00836452
6.48979591836735 0.0492732
6.49387755102041 16.234
6.49795918367347 23.8782
6.50204081632653 21.8953
6.50612244897959 14.8891
6.51020408163265 6.35491
6.51428571428571 2.75287
6.51836734693878 2.32694
6.52244897959184 2.38171
6.5265306122449 1.40042
6.53061224489796 0.751898
6.53469387755102 4.50422
6.53877551020408 1.78412
6.54285714285714 25.0872
6.5469387755102 30.5991
6.55102040816327 34.9251
6.55510204081633 23.9623
6.55918367346939 21.4087
6.56326530612245 18.1823
6.56734693877551 13.5229
6.57142857142857 15.9644
6.57551020408163 17.2083
6.57959183673469 16.2279
6.58367346938776 15.7296
6.58775510204082 10.7385
6.59183673469388 30.2705
6.59591836734694 34.9837
6.6 35.7138
6.60408163265306 31.473
6.60816326530612 27.7511
6.61224489795918 25.1703
6.61632653061224 24.6986
6.62040816326531 27.2827
6.62448979591837 29.1677
6.62857142857143 32.3107
6.63265306122449 26.3857
6.63673469387755 24.2416
6.64081632653061 21.2522
6.64489795918367 42.2518
6.64897959183673 53.3292
6.6530612244898 52.8381
6.65714285714286 43.0399
6.66122448979592 30.4841
6.66530612244898 17.9615
6.66938775510204 6.11631
6.6734693877551 5.1287
6.67755102040816 7.27667
6.68163265306122 9.21674
6.68571428571429 9.57079
6.68979591836735 8.94327
6.69387755102041 7.51259
6.69795918367347 6.15369
6.70204081632653 22.6053
6.70612244897959 31.744
6.71020408163265 28.7637
6.71428571428571 21.8778
6.71836734693878 11.4116
6.72244897959184 4.15323
6.7265306122449 1.57897
6.73061224489796 0.731587
6.73469387755102 1.19853
6.73877551020408 0.523885
6.74285714285714 0.243987
6.7469387755102 5.98717
6.75102040816327 1.83996
6.75510204081633 33.9094
6.75918367346939 60.8024
6.76326530612245 83.6735
6.76734693877551 113.216
6.77142857142857 127.909
6.77551020408163 113.176
6.77959183673469 108.161
6.78367346938775 93.7106
6.78775510204082 74.47
6.79183673469388 55.0515
6.79591836734694 37.4321
6.8 19.054
6.80408163265306 7.70795
6.80816326530612 5.42302
6.81224489795918 4.25467
6.81632653061224 2.34544
6.82040816326531 2.93232
6.82448979591837 2.52746
6.82857142857143 2.25362
6.83265306122449 19.6104
6.83673469387755 29.7843
6.84081632653061 28.1848
6.84489795918367 21.7069
6.84897959183674 12.3671
6.8530612244898 4.22277
6.85714285714286 5.78792
6.86122448979592 5.80968
6.86530612244898 5.49214
6.86938775510204 3.63882
6.8734693877551 1.13646
6.87755102040816 0.778088
6.88163265306122 2.07316
6.88571428571429 4.46384
6.88979591836735 10.6359
6.89387755102041 17.7001
6.89795918367347 7.20813
6.90204081632653 6.14389
6.90612244897959 7.25492
6.91020408163265 7.34554
6.91428571428571 6.18126
6.91836734693878 4.09048
6.92244897959184 0.902414
6.9265306122449 0.0
6.93061224489796 18.1693
6.93469387755102 19.6255
6.93877551020408 19.1909
6.94285714285714 20.4524
6.9469387755102 29.6241
6.95102040816327 53.8905
6.95510204081633 82.2235
6.95918367346939 102.953
6.96326530612245 109.063
6.96734693877551 100.954
6.97142857142857 86.5375
6.97551020408163 74.5283
6.97959183673469 61.2521
6.98367346938775 44.8759
6.98775510204082 30.5745
6.99183673469388 18.0257
6.99591836734694 9.58626
7.0 7.15113
7.00408163265306 5.30932
7.00816326530612 3.09543
7.01224489795918 5.81015
7.01632653061225 5.39017
7.02040816326531 11.3157
7.02448979591837 16.8576
7.02857142857143 29.9352
7.03265306122449 32.6403
7.03673469387755 26.7522
7.04081632653061 18.6835
7.04489795918367 7.17683
7.04897959183673 1.86868
7.0530612244898 2.77484
7.05714285714286 2.36757
7.06122448979592 6.30146
7.06530612244898 7.04136
7.06938775510204 7.70946
7.0734693877551 9.62265
7.07755102040816 30.5041
7.08163265306122 50.9728
7.08571428571429 62.2109
7.08979591836735 63.0011
7.09387755102041 51.8273
7.09795918367347 50.4962
7.10204081632653 47.0425
7.10612244897959 42.9244
7.11020408163265 36.6726
7.11428571428571 28.5053
7.11836734693878 24.2265
7.12244897959184 31.1174
7.1265306122449 32.1108
7.13061224489796 27.8933
7.13469387755102 25.5177
7.13877551020408 15.0576
7.14285714285714 4.28248
7.1469387755102 1.23688
7.15102040816326 1.95575
7.15510204081633 1.07928
7.15918367346939 1.0185
7.16326530612245 1.21262
7.16734693877551 0.959635
7.17142857142857 0.00178814
7.17551020408163 12.7206
7.17959183673469 14.8459
7.18367346938776 24.8062
7.18775510204082 19.8527
7.19183673469388 11.9542
7.19591836734694 6.82751
7.2 3.99254
7.20408163265306 0.0
7.20816326530612 7.34976
7.21224489795918 0.574609
7.21632653061225 1.57494
7.22040816326531 8.72934
7.22448979591837 11.8943
7.22857142857143 13.5572
7.23265306122449 22.8729
7.23673469387755 45.349
7.24081632653061 60.7452
7.24489795918367 60.2766
7.24897959183673 65.2927
7.2530612244898 66.0407
7.25714285714286 63.8181
7.26122448979592 55.625
7.26530612244898 53.0465
7.26938775510204 48.6719
7.2734693877551 40.8894
7.27755102040816 36.6944
7.28163265306122 31.7175
7.28571428571429 22.6455
7.28979591836735 15.5451
7.29387755102041 9.81628
7.29795918367347 7.56941
7.30204081632653 3.54922
7.30612244897959 6.07194
7.31020408163265 7.48042
7.31428571428571 5.91164
7.31836734693878 10.1449
7.32244897959184 10.3317
7.3265306122449 7.0325
7.33061224489796 6.44148
7.33469387755102 5.18174
7.33877551020408 1.18415
7.34285714285714 9.11425
7.3469387755102 25.2376
7.35102040816327 28.9807
7.35510204081633 27.0599
7.35918367346939 24.2651
7.36326530612245 19.4808
7.36734693877551 15.3573
7.37142857142857 10.1831
7.37551020408163 5.06881
7.37959183673469 2.66302
7.38367346938776 0.628655
7.38775510204082 0.393599
7.39183673469388 0.452669
7.39591836734694 0.492639
7.4 0.742896
7.40408163265306 1.26763
7.40816326530612 4.16086
7.41224489795918 1.09549
7.41632653061224 1.2612
7.42040816326531 7.22831
7.42448979591837 13.5157
7.42857142857143 22.1701
7.43265306122449 20.0471
7.43673469387755 18.1898
7.44081632653061 13.2395
7.44489795918367 13.2901
7.44897959183673 14.058
7.4530612244898 24.0248
7.45714285714286 29.7518
7.46122448979592 35.9416
7.46530612244898 40.7912
7.46938775510204 39.7087
7.4734693877551 30.1944
7.47755102040816 29.0386
7.48163265306122 17.7526
7.48571428571429 16.4698
7.48979591836735 29.3267
7.49387755102041 28.9212
7.49795918367347 30.5788
7.50204081632653 29.5408
7.50612244897959 23.4979
7.51020408163265 25.3839
7.51428571428571 26.7399
7.51836734693878 40.4851
7.52244897959184 33.9275
7.5265306122449 41.6666
7.53061224489796 70.7494
7.53469387755102 68.1064
7.53877551020408 120.107
7.54285714285714 140.104
7.5469387755102 140.943
7.55102040816327 129.33
7.55510204081633 127.013
7.55918367346939 129.504
7.56326530612245 119.952
7.56734693877551 104.818
7.57142857142857 90.479
7.57551020408163 66.937
7.57959183673469 59.7093
7.58367346938776 50.2536
7.58775510204082 37.6528
7.59183673469388 25.5427
7.59591836734694 22.2339
7.6 10.8216
7.60408163265306 5.63339
7.60816326530612 4.11813
7.61224489795918 4.42632
7.61632653061224 7.04402
7.62040816326531 7.80547
7.62448979591837 13.4123
7.62857142857143 15.8866
7.63265306122449 15.6827
7.63673469387755 13.8338
7.64081632653061 12.1733
7.64489795918367 8.03152
7.64897959183673 27.8322
7.6530612244898 34.5736
7.65714285714286 35.1921
7.66122448979592 31.7147
7.66530612244898 25.0702
7.66938775510204 19.9219
7.6734693877551 13.4754
7.67755102040816 12.9909
7.68163265306122 4.92573
7.68571428571429 3.57436
7.68979591836735 8.45906
7.69387755102041 2.2548
7.69795918367347 5.10713
7.70204081632653 2.08988
7.70612244897959 4.72892
7.71020408163265 0.685761
7.71428571428571 4.6451
7.71836734693878 6.8439
7.72244897959184 7.89847
7.7265306122449 16.7916
7.73061224489796 23.0724
7.73469387755102 24.9681
7.73877551020408 24.5883
7.74285714285714 19.6799
7.7469387755102 15.3851
7.75102040816327 11.6879
7.75510204081633 8.28668
7.75918367346939 13.3159
7.76326530612245 16.3332
7.76734693877551 14.1763
7.77142857142857 20.5932
7.77551020408163 10.6447
7.77959183673469 12.9699
7.78367346938775 7.83257
7.78775510204082 8.83259
7.79183673469388 4.84918
7.79591836734694 8.64319
7.8 9.71081
7.80408163265306 14.3338
7.80816326530612 18.3382
7.81224489795918 16.2461
7.81632653061224 16.5479
7.82040816326531 18.5864
7.82448979591837 25.4582
7.82857142857143 24.3478
7.83265306122449 36.5441
7.83673469387755 46.0535
7.84081632653061 52.0728
7.84489795918367 57.5607
7.84897959183674 53.374
7.8530612244898 49.9319
7.85714285714286 43.1381
7.86122448979592 30.1988
7.86530612244898 18.5337
7.86938775510204 13.3798
7.8734693877551 5.90172
7.87755102040816 3.79215
7.88163265306122 3.16159
7.88571428571429 0.63136
7.88979591836735 0.835816
7.89387755102041 0.725905
7.89795918367347 1.71505
7.90204081632653 3.45216
7.90612244897959 4.60586
7.91020408163265 5.32919
7.91428571428571 5.26813
7.91836734693878 5.00921
7.92244897959184 25.781
7.9265306122449 33.5038
7.93061224489796 36.2339
7.93469387755102 37.2646
7.93877551020408 27.8865
7.94285714285714 24.618
7.9469387755102 14.0837
7.95102040816327 6.91311
7.95510204081633 9.95922
7.95918367346939 18.9824
7.96326530612245 41.4517
7.96734693877551 57.2013
7.97142857142857 115.069
7.97551020408163 111.822
7.97959183673469 133.616
7.98367346938775 137.425
7.98775510204082 128.482
7.99183673469388 111.439
7.99591836734694 91.2785
8.0 96.5811
8.00408163265306 89.4037
8.00816326530612 68.5224
8.01224489795918 60.6632
8.01632653061225 41.3178
8.02040816326531 34.2653
8.02448979591837 27.3189
8.02857142857143 21.056
8.03265306122449 15.4702
8.03673469387755 11.9805
8.04081632653061 6.40424
8.04489795918367 7.33962
8.04897959183674 1.07574
8.0530612244898 0.549279
8.05714285714286 1.91067
8.06122448979592 14.3376
8.06530612244898 3.2146
8.06938775510204 1.12617
8.0734693877551 6.60523
8.07755102040816 1.827
8.08163265306122 0.587533
8.08571428571429 1.20558
8.08979591836735 0.882188
8.09387755102041 20.4792
8.09795918367347 20.2949
8.10204081632653 27.0593
8.10612244897959 20.7147
8.11020408163265 13.7017
8.11428571428571 8.54882
8.11836734693878 3.8962
8.12244897959184 22.5022
8.1265306122449 19.0644
8.13061224489796 22.9521
8.13469387755102 48.0691
8.13877551020408 59.396
8.14285714285714 77.2216
8.1469387755102 95.4583
8.15102040816327 92.8465
8.15510204081633 86.4814
8.15918367346939 76.8234
8.16326530612245 57.2036
8.16734693877551 53.8247
8.17142857142857 50.2108
8.17551020408163 34.2273
8.17959183673469 31.7102
8.18367346938776 20.8427
8.18775510204082 9.92896
8.19183673469388 6.26418
8.19591836734694 7.1228
8.2 9.97532
8.20408163265306 11.6023
8.20816326530612 6.46207
8.21224489795918 6.31626
8.21632653061224 10.1243
8.22040816326531 4.47856
8.22448979591837 1.87957
8.22857142857143 3.12662
8.23265306122449 0.381231
8.23673469387755 15.2254
8.24081632653061 31.4042
8.24489795918367 37.8532
8.24897959183673 36.9548
8.2530612244898 24.8115
8.25714285714286 22.1149
8.26122448979592 16.2661
8.26530612244898 12.3492
8.26938775510204 3.36502
8.2734693877551 5.1629
8.27755102040816 9.28393
8.28163265306122 11.2672
8.28571428571429 20.009
8.28979591836735 19.9175
8.29387755102041 28.6259
8.29795918367347 33.6107
8.30204081632653 35.1391
8.30612244897959 34.1472
8.31020408163265 37.5982
8.31428571428571 48.2579
8.31836734693877 60.2103
8.32244897959184 61.4887
8.3265306122449 59.3281
8.33061224489796 48.6744
8.33469387755102 39.5448
8.33877551020408 27.9658
8.34285714285714 23.5672
8.3469387755102 13.6165
8.35102040816327 7.8976
8.35510204081633 8.69272
8.35918367346939 10.8908
8.36326530612245 8.75869
8.36734693877551 16.006
8.37142857142857 10.0549
8.37551020408163 2.56203
8.37959183673469 11.2868
8.38367346938776 2.35954
8.38775510204082 5.47778
8.39183673469388 4.98941
8.39591836734694 13.3668
8.4 21.9229
8.40408163265306 26.6337
8.40816326530612 27.1726
8.41224489795918 23.8949
8.41632653061225 18.2222
8.42040816326531 10.47
8.42448979591837 16.263
8.42857142857143 15.8657
8.43265306122449 16.5822
8.43673469387755 31.5391
8.44081632653061 40.2666
8.44489795918367 45.9494
8.44897959183673 46.5747
8.4530612244898 47.2636
8.45714285714286 54.7755
8.46122448979592 62.7512
8.46530612244898 69.699
8.46938775510204 67.2214
8.4734693877551 56.5603
8.47755102040816 48.2694
8.48163265306122 40.0021
8.48571428571429 30.4558
8.48979591836735 21.9967
8.49387755102041 14.6912
8.49795918367347 5.24665
8.50204081632653 1.346
8.50612244897959 0.726183
8.51020408163265 0.854492
8.51428571428571 1.16708
8.51836734693878 1.10622
8.52244897959184 3.0183
8.5265306122449 3.42419
8.53061224489796 6.22469
8.53469387755102 6.36677
8.53877551020408 2.27382
8.54285714285714 5.28902
8.5469387755102 1.9903
8.55102040816327 17.4006
8.55510204081633 31.4007
8.55918367346939 35.1362
8.56326530612245 29.4035
8.56734693877551 23.3722
8.57142857142857 18.599
8.57551020408163 11.024
8.57959183673469 3.31995
8.58367346938775 1.00259
8.58775510204082 1.47307
8.59183673469388 0.310242
8.59591836734694 1.28839
8.6 0.0693301
8.60408163265306 0.608041
8.60816326530612 0.95683
8.61224489795918 0.941698
8.61632653061224 0.595133
8.62040816326531 0.20272
8.62448979591837 8.70154
8.62857142857143 21.2903
8.63265306122449 27.5461
8.63673469387755 26.9427
8.64081632653061 24.8822
8.64489795918367 19.3988
8.64897959183673 15.0013
8.6530612244898 11.1754
8.65714285714286 8.19212
8.66122448979592 9.75794
8.66530612244898 3.78797
8.66938775510204 4.28909
8.6734693877551 3.52176
8.67755102040816 3.11381
8.68163265306123 2.20855
8.68571428571429 1.1841
8.68979591836735 0.0340343
8.69387755102041 3.6367
8.69795918367347 4.56401
8.70204081632653 10.8665
8.70612244897959 14.3741
8.71020408163265 30.3405
8.71428571428571 15.0998
8.71836734693878 13.1976
8.72244897959184 10.6069
8.7265306122449 5.86502
8.73061224489796 0.898878
8.73469387755102 0.538866
8.73877551020408 2.67657
8.74285714285714 9.85156
8.7469387755102 26.3214
8.75102040816327 28.374
8.75510204081633 46.8241
8.75918367346939 45.3008
8.76326530612245 57.1088
8.76734693877551 62.5582
8.77142857142857 66.7105
8.77551020408163 69.4483
8.77959183673469 88.3157
8.78367346938776 90.1648
8.78775510204082 107.79
8.79183673469388 98.6488
8.79591836734694 87.4486
8.8 92.8979
8.80408163265306 89.6498
8.80816326530612 86.8597
8.81224489795918 79.885
8.81632653061224 77.9411
8.82040816326531 71.4513
8.82448979591837 64.9626
8.82857142857143 55.7894
8.83265306122449 40.5335
8.83673469387755 39.6626
8.84081632653061 23.0217
8.84489795918367 14.9083
8.84897959183673 8.96124
8.8530612244898 8.82363
8.85714285714286 4.21174
8.86122448979592 5.74948
8.86530612244898 9.28609
8.86938775510204 4.6796
8.8734693877551 8.18513
8.87755102040816 1.11882
8.88163265306122 6.3525
8.88571428571429 1.24393
8.88979591836735 0.899335
8.89387755102041 8.23991
8.89795918367347 21.3389
8.90204081632653 31.1151
8.90612244897959 30.8872
8.91020408163265 25.7321
8.91428571428571 19.6178
8.91836734693878 14.2777
8.92244897959184 8.70883
8.9265306122449 4.34786
8.93061224489796 0.929374
8.93469387755102 0.355086
8.93877551020408 4.75023
8.94285714285714 3.69279
8.9469387755102 6.42685
8.95102040816326 3.40847
8.95510204081633 5.29975
8.95918367346939 1.3685
8.96326530612245 5.68716
8.96734693877551 2.03361
8.97142857142857 10.8498
8.97551020408163 20.8208
8.97959183673469 24.844
8.98367346938775 27.0006
8.98775510204082 27.8167
8.99183673469388 22.8907
8.99591836734694 16.1221
9.0 10.9906
9.00408163265306 6.03506
9.00816326530612 5.28464
9.01224489795918 6.376
9.01632653061225 4.57654
9.02040816326531 7.35511
9.02448979591837 10.237
9.02857142857143 13.5884
9.03265306122449 6.10645
9.03673469387755 10.3052
9.04081632653061 0.555192
9.04489795918367 11.3867
9.04897959183674 7.07785
9.0530612244898 10.0807
9.05714285714286 15.3643
9.06122448979592 18.2839
9.06530612244898 14.8671
9.06938775510204 16.8613
9.0734693877551 11.1158
9.07755102040816 11.7838
9.08163265306122 1.20398
9.08571428571429 9.52114
9.08979591836735 6.30325
9.09387755102041 11.777
9.09795918367347 20.8422
9.10204081632653 36.1691
9.10612244897959 38.6741
9.11020408163265 39.3867
9.11428571428571 33.5146
9.11836734693878 24.9944
9.12244897959184 15.6921
9.1265306122449 15.337
9.13061224489796 5.8728
9.13469387755102 2.95624
9.13877551020408 4.94916
9.14285714285714 11.4479
9.1469387755102 25.3536
9.15102040816327 34.8695
9.15510204081633 32.4358
9.15918367346939 33.5834
9.16326530612245 25.2914
9.16734693877551 20.0764
9.17142857142857 12.6946
9.17551020408163 6.49436
9.17959183673469 3.89113
9.18367346938776 0.0
9.18775510204082 3.94571
9.19183673469388 1.35898
9.19591836734694 3.79313
9.2 3.76874
9.20408163265306 3.38256
9.20816326530612 8.78812
9.21224489795918 1.98741
9.21632653061224 0.801335
9.22040816326531 0.0
9.22448979591837 12.3975
9.22857142857143 19.0781
9.23265306122449 18.3235
9.23673469387755 27.3039
9.24081632653061 42.3214
9.24489795918367 46.0689
9.24897959183673 52.9497
9.2530612244898 65.0133
9.25714285714286 66.9506
9.26122448979592 68.7676
9.26530612244898 68.004
9.26938775510204 63.9473
9.2734693877551 57.934
9.27755102040816 46.6904
9.28163265306122 42.1458
9.28571428571429 30.1712
9.28979591836735 23.9967
9.29387755102041 15.0114
9.29795918367347 21.5692
9.30204081632653 33.0207
9.30612244897959 34.3213
9.31020408163265 34.2337
9.31428571428571 31.7376
9.31836734693877 31.4529
9.32244897959184 20.4712
9.3265306122449 15.3032
9.33061224489796 11.5953
9.33469387755102 9.59648
9.33877551020408 5.83113
9.34285714285714 1.89432
9.3469387755102 2.13362
9.35102040816327 1.23731
9.35510204081633 1.08906
9.35918367346939 1.01533
9.36326530612245 1.38548
9.36734693877551 3.51618
9.37142857142857 5.5743
9.37551020408163 6.14816
9.37959183673469 10.6346
9.38367346938776 9.18134
9.38775510204082 10.4714
9.39183673469388 7.43851
9.39591836734694 7.88722
9.4 7.62565
9.40408163265306 9.09015
9.40816326530612 11.9049
9.41224489795918 18.7189
9.41632653061225 32.093
9.42040816326531 63.8021
9.42448979591837 110.52
9.42857142857143 125.131
9.43265306122449 125.783
9.43673469387755 115.665
9.44081632653061 109.828
9.44489795918367 97.4416
9.44897959183673 81.5984
9.4530612244898 67.9105
9.45714285714286 53.7634
9.46122448979592 43.2891
9.46530612244898 38.0156
9.46938775510204 28.3521
9.4734693877551 36.1443
9.47755102040816 34.4852
9.48163265306122 26.377
9.48571428571429 24.8805
9.48979591836735 21.138
9.49387755102041 19.0376
9.49795918367347 20.8942
9.50204081632653 16.086
9.50612244897959 4.6673
9.51020408163265 11.0258
9.51428571428571 2.14793
9.51836734693878 1.70908
9.52244897959184 1.93519
9.5265306122449 2.71135
9.53061224489796 6.1791
9.53469387755102 18.9174
9.53877551020408 32.8872
9.54285714285714 38.3711
9.5469387755102 32.9794
9.55102040816327 26.4014
9.55510204081633 17.5126
9.55918367346939 12.9667
9.56326530612245 5.54919
9.56734693877551 1.61648
9.57142857142857 0.11311
9.57551020408163 5.34501
9.57959183673469 8.52106
9.58367346938775 13.9862
9.58775510204082 6.84685
9.59183673469388 9.86988
9.59591836734694 5.98749
9.6 6.36744
9.60408163265306 4.54824
9.60816326530612 8.06375
9.61224489795918 18.485
9.61632653061224 41.3164
9.62040816326531 48.7988
9.62448979591837 51.8104
9.62857142857143 42.3526
9.63265306122449 33.0284
9.63673469387755 23.2753
9.64081632653061 15.4522
9.64489795918367 6.78247
9.64897959183673 7.5799
9.6530612244898 1.97386
9.65714285714286 5.42649
9.66122448979592 7.26689
9.66530612244898 12.9772
9.66938775510204 6.65968
9.6734693877551 6.40549
9.67755102040816 0.0
9.68163265306123 0.299811
9.68571428571429 1.66917
9.68979591836735 8.20285
9.69387755102041 12.1401
9.69795918367347 22.474
9.70204081632653 25.0041
9.70612244897959 30.4433
9.71020408163265 18.2065
9.71428571428571 14.0126
9.71836734693878 3.57568
9.72244897959184 4.6491
9.7265306122449 1.03776
9.73061224489796 11.984
9.73469387755102 7.40908
9.73877551020408 23.2183
9.74285714285714 30.9035
9.7469387755102 41.6298
9.75102040816327 39.7024
9.75510204081633 42.7499
9.75918367346939 38.2458
9.76326530612245 35.8208
9.76734693877551 22.5243
9.77142857142857 14.2217
9.77551020408163 9.08078
9.77959183673469 11.5019
9.78367346938776 14.1323
9.78775510204082 15.2218
9.79183673469388 12.4438
9.79591836734694 8.97091
9.8 7.6486
9.80408163265306 5.87676
9.80816326530612 5.21998
9.81224489795918 4.18442
9.81632653061224 2.87323
9.82040816326531 7.25701
9.82448979591837 20.6721
9.82857142857143 21.3946
9.83265306122449 27.2814
9.83673469387755 17.2239
9.84081632653061 17.2675
9.84489795918367 10.025
9.84897959183673 6.9347
9.8530612244898 2.78233
9.85714285714286 11.9043
9.86122448979592 5.39149
9.86530612244898 12.2494
9.86938775510204 13.1369
9.8734693877551 15.8561
9.87755102040816 5.45895
9.88163265306122 9.46113
9.88571428571429 2.52421
9.88979591836735 2.47409
9.89387755102041 10.6829
9.89795918367347 15.5813
9.90204081632653 17.9725
9.90612244897959 36.6313
9.91020408163265 40.7169
9.91428571428571 52.377
9.91836734693878 50.5169
9.92244897959184 48.7119
9.9265306122449 46.4232
9.93061224489796 43.2081
9.93469387755102 36.8687
9.93877551020408 33.427
9.94285714285714 25.1199
9.9469387755102 19.9357
9.95102040816326 16.2782
9.95510204081633 22.5031
9.95918367346939 10.0063
9.96326530612245 10.3585
9.96734693877551 14.1456
9.97142857142857 14.648
9.97551020408163 20.9284
9.97959183673469 16.8918
9.98367346938775 26.1488
9.98775510204082 32.9921
9.99183673469388 46.2385
9.99591836734694 60.8661
10.0 73.0871
10.0040816326531 78.2142
10.0081632653061 71.2866
10.0122448979592 66.2495
10.0163265306122 56.8514
10.0204081632653 46.3475
10.0244897959184 33.0556
10.0285714285714 30.7484
10.0326530612245 30.2957
10.0367346938776 25.6787
10.0408163265306 17.6472
10.0448979591837 15.7235
10.0489795918367 15.5185
10.0530612244898 14.1351
10.0571428571429 10.8431
10.0612244897959 7.60321
10.065306122449 4.66696
10.069387755102 1.99211
10.0734693877551 2.36315
10.0775510204082 3.39299
10.0816326530612 4.84575
10.0857142857143 3.63396
10.0897959183673 5.83663
10.0938775510204 5.0302
10.0979591836735 7.92815
10.1020408163265 43.779
10.1061224489796 73.6377
10.1102040816327 127.84
10.1142857142857 74.086
10.1183673469388 77.2243
10.1224489795918 67.9925
10.1265306122449 28.6419
10.130612244898 30.9619
10.134693877551 29.5881
10.1387755102041 4.08944
10.1428571428571 8.00475
10.1469387755102 0.57448
10.1510204081633 1.06755
10.1551020408163 5.41709
10.1591836734694 0.354449
10.1632653061224 0.932659
10.1673469387755 1.13949
10.1714285714286 0.581721
10.1755102040816 4.16605
10.1795918367347 0.213981
10.1836734693878 3.13347
10.1877551020408 24.7913
10.1918367346939 70.8615
10.1959183673469 46.3125
10.2 45.974
10.2040816326531 58.1476
10.2081632653061 8.6463
10.2122448979592 9.51045
10.2163265306122 24.2049
10.2204081632653 0.348217
10.2244897959184 3.10713
10.2285714285714 0.353801
10.2326530612245 2.00947
10.2367346938776 11.5128
10.2408163265306 0.650546
10.2448979591837 3.23709
10.2489795918367 1.453
10.2530612244898 3.24726
10.2571428571429 3.97366
10.2612244897959 3.73376
10.265306122449 6.35062
10.269387755102 4.47594
10.2734693877551 63.6429
10.2775510204082 82.9709
10.2816326530612 34.1681
10.2857142857143 63.7284
10.2897959183673 68.638
10.2938775510204 44.2103
10.2979591836735 46.6783
10.3020408163265 39.7873
10.3061224489796 42.0821
10.3102040816327 44.3755
10.3142857142857 35.5566
10.3183673469388 33.5078
10.3224489795918 27.7348
10.3265306122449 23.9107
10.330612244898 17.0109
10.334693877551 7.7747
10.3387755102041 4.84886
10.3428571428571 2.80184
10.3469387755102 2.4577
10.3510204081633 1.74563
10.3551020408163 0.60582
10.3591836734694 2.08064
10.3632653061224 0.169363
10.3673469387755 2.40361
10.3714285714286 6.1783
10.3755102040816 9.29619
10.3795918367347 14.906
10.3836734693878 9.32758
10.3877551020408 12.8371
10.3918367346939 10.1931
10.3959183673469 3.04695
10.4 3.61177
10.4040816326531 0.777066
10.4081632653061 1.02178
10.4122448979592 2.40207
10.4163265306122 7.86722
10.4204081632653 11.2985
10.4244897959184 11.7565
10.4285714285714 9.58351
10.4326530612245 8.7813
10.4367346938776 8.62524
10.4408163265306 7.47788
10.4448979591837 6.08399
10.4489795918367 4.74841
10.4530612244898 7.12602
10.4571428571429 13.8045
10.4612244897959 21.9309
10.465306122449 61.9377
10.469387755102 93.3075
10.4734693877551 143.946
10.4775510204082 151.7
10.4816326530612 142.898
10.4857142857143 132.982
10.4897959183673 117.19
10.4938775510204 95.3117
10.4979591836735 73.1285
10.5020408163265 52.1291
10.5061224489796 38.0448
10.5102040816327 21.9273
10.5142857142857 11.7215
10.5183673469388 7.77924
10.5224489795918 5.08364
10.5265306122449 3.43832
10.530612244898 2.90745
10.534693877551 2.95351
10.5387755102041 15.1043
10.5428571428571 25.4135
10.5469387755102 36.0703
10.5510204081633 46.3071
10.5551020408163 50.3647
10.5591836734694 50.0529
10.5632653061224 47.3309
10.5673469387755 38.8552
10.5714285714286 32.7995
10.5755102040816 25.1509
10.5795918367347 21.9533
10.5836734693878 18.7329
10.5877551020408 29.51
10.5918367346939 38.6572
10.5959183673469 44.2178
10.6 42.0807
10.6040816326531 39.4673
10.6081632653061 35.852
10.6122448979592 30.8115
10.6163265306122 23.4104
10.6204081632653 14.6114
10.6244897959184 12.6423
10.6285714285714 10.5556
10.6326530612245 8.91331
10.6367346938776 6.70439
10.6408163265306 4.28142
10.6448979591837 3.30843
10.6489795918367 3.26272
10.6530612244898 2.81767
10.6571428571429 24.9398
10.6612244897959 30.3242
10.665306122449 29.1903
10.669387755102 24.9568
10.6734693877551 21.3112
10.6775510204082 12.5492
10.6816326530612 7.28224
10.6857142857143 15.7508
10.6897959183673 21.4167
10.6938775510204 25.2541
10.6979591836735 26.4473
10.7020408163265 25.6927
10.7061224489796 23.0194
10.7102040816327 22.7888
10.7142857142857 24.0062
10.7183673469388 21.1361
10.7224489795918 20.3443
10.7265306122449 19.9017
10.730612244898 15.1018
10.734693877551 11.5795
10.7387755102041 9.1648
10.7428571428571 6.04965
10.7469387755102 4.6619
10.7510204081633 5.32014
10.7551020408163 8.39615
10.7591836734694 13.9829
10.7632653061224 20.7039
10.7673469387755 28.0019
10.7714285714286 32.9834
10.7755102040816 30.4055
10.7795918367347 29.8504
10.7836734693878 25.6581
10.7877551020408 25.7686
10.7918367346939 23.9538
10.7959183673469 22.5357
10.8 19.652
10.8040816326531 15.9433
10.8081632653061 12.8288
10.8122448979592 13.4185
10.8163265306122 14.2837
10.8204081632653 14.909
10.8244897959184 13.2702
10.8285714285714 9.83905
10.8326530612245 9.34266
10.8367346938776 8.3318
10.8408163265306 9.45703
10.8448979591837 11.117
10.8489795918367 11.6828
10.8530612244898 17.2131
10.8571428571429 16.9664
10.8612244897959 14.5444
10.865306122449 13.439
10.869387755102 9.53239
10.8734693877551 8.7414
10.8775510204082 6.28129
10.8816326530612 3.48495
10.8857142857143 3.90717
10.8897959183673 2.60381
10.8938775510204 3.1575
10.8979591836735 2.68015
10.9020408163265 2.36852
10.9061224489796 2.68181
10.9102040816327 1.9225
10.9142857142857 1.88711
10.9183673469388 8.77204
10.9224489795918 14.1809
10.9265306122449 17.8479
10.930612244898 19.8149
10.934693877551 19.6442
10.9387755102041 23.2961
10.9428571428571 49.4216
10.9469387755102 58.0818
10.9510204081633 52.838
10.9551020408163 47.108
10.9591836734694 38.6118
10.9632653061224 31.147
10.9673469387755 25.4485
10.9714285714286 17.6602
10.9755102040816 13.6534
10.9795918367347 10.5293
10.9836734693878 7.52494
10.9877551020408 5.65728
10.9918367346939 4.36104
10.9959183673469 30.3555
11.0 44.6922
11.0040816326531 45.8769
11.0081632653061 41.8401
11.0122448979592 34.7807
11.0163265306122 29.1494
11.0204081632653 24.0035
11.0244897959184 20.0239
11.0285714285714 18.9136
11.0326530612245 15.7229
11.0367346938776 13.1278
11.0408163265306 10.7438
11.0448979591837 9.17212
11.0489795918367 9.23157
11.0530612244898 7.62614
11.0571428571429 6.76807
11.0612244897959 5.92677
11.065306122449 5.97372
11.069387755102 5.72777
11.0734693877551 4.14999
11.0775510204082 2.94248
11.0816326530612 1.0612
11.0857142857143 1.05133
11.0897959183673 0.29246
11.0938775510204 0.0
11.0979591836735 0.177721
11.1020408163265 0.922913
11.1061224489796 2.0562
11.1102040816327 0.836591
11.1142857142857 1.07921
11.1183673469388 0.820001
11.1224489795918 1.39292
11.1265306122449 2.12283
11.130612244898 1.24383
11.134693877551 1.15258
11.1387755102041 1.06444
11.1428571428571 1.20475
11.1469387755102 2.50372
11.1510204081633 3.50938
11.1551020408163 4.86208
11.1591836734694 7.40307
11.1632653061224 11.2173
11.1673469387755 21.0765
11.1714285714286 20.996
11.1755102040816 23.7345
11.1795918367347 23.7135
11.1836734693878 28.5867
11.1877551020408 36.3894
11.1918367346939 41.0676
11.1959183673469 43.2716
11.2 43.8793
11.2040816326531 44.311
11.2081632653061 44.0694
11.2122448979592 34.4255
11.2163265306122 28.6131
11.2204081632653 20.2948
11.2244897959184 11.9775
11.2285714285714 9.99062
11.2326530612245 24.3779
11.2367346938776 33.824
11.2408163265306 53.5141
11.2448979591837 82.3484
11.2489795918367 115.635
11.2530612244898 149.84
11.2571428571429 167.766
11.2612244897959 173.756
11.265306122449 166.435
11.269387755102 151.417
11.2734693877551 138.005
11.2775510204082 112.108
11.2816326530612 87.5392
11.2857142857143 72.0909
11.2897959183673 62.593
11.2938775510204 54.7603
11.2979591836735 45.9571
11.3020408163265 40.6863
11.3061224489796 34.6497
11.3102040816327 28.4285
11.3142857142857 22.9975
11.3183673469388 19.14
11.3224489795918 16.2392
11.3265306122449 13.9559
11.330612244898 11.1289
11.334693877551 10.5972
11.3387755102041 7.09263
11.3428571428571 5.66403
11.3469387755102 4.61849
11.3510204081633 3.53257
11.3551020408163 9.01651
11.3591836734694 4.45612
11.3632653061224 6.48689
11.3673469387755 0.0831882
11.3714285714286 0.0
11.3755102040816 4.2696
11.3795918367347 0.0
11.3836734693878 0.133097
11.3877551020408 2.119
11.3918367346939 0.8533
11.3959183673469 8.72185
11.4 4.11609
11.4040816326531 3.70716
11.4081632653061 3.79311
11.4122448979592 0.0
11.4163265306122 3.08902
11.4204081632653 0.0968476
11.4244897959184 0.598658
11.4285714285714 1.77586
11.4326530612245 0.645439
11.4367346938776 3.45402
11.4408163265306 2.00563
11.4448979591837 1.51313
11.4489795918367 0.646909
11.4530612244898 0.303904
11.4571428571429 0.375512
11.4612244897959 1.8514
11.465306122449 1.63782
11.469387755102 0.567357
11.4734693877551 2.13584
11.4775510204082 0.539859
11.4816326530612 2.38628
11.4857142857143 5.18158
11.4897959183673 8.05219
11.4938775510204 4.41142
11.4979591836735 6.88993
11.5020408163265 3.64242
11.5061224489796 4.78255
11.5102040816327 7.21026
11.5142857142857 10.8464
11.5183673469388 17.381
11.5224489795918 13.4092
11.5265306122449 17.6487
11.530612244898 16.6419
11.534693877551 15.2665
11.5387755102041 15.993
11.5428571428571 16.3988
11.5469387755102 45.9796
11.5510204081633 65.9125
11.5551020408163 105.355
11.5591836734694 150.823
11.5632653061224 192.968
11.5673469387755 180.959
11.5714285714286 160.555
11.5755102040816 142.474
11.5795918367347 117.233
11.5836734693878 93.3502
11.5877551020408 70.6001
11.5918367346939 48.8175
11.5959183673469 34.9512
11.6 21.5152
11.6040816326531 10.4249
11.6081632653061 6.78298
11.6122448979592 3.27433
11.6163265306122 1.39454
11.6204081632653 0.942372
11.6244897959184 4.00776
11.6285714285714 6.34315
11.6326530612245 6.8902
11.6367346938776 6.08951
11.6408163265306 5.13941
11.6448979591837 5.52007
11.6489795918367 2.11535
11.6530612244898 0.702222
11.6571428571429 0.372688
11.6612244897959 0.265042
11.665306122449 0.216593
11.669387755102 0.553528
11.6734693877551 0.689701
11.6775510204082 0.972674
11.6816326530612 1.33729
11.6857142857143 2.80499
11.6897959183673 0.965705
11.6938775510204 1.26964
11.6979591836735 6.10801
11.7020408163265 0.993272
11.7061224489796 0.72366
11.7102040816327 0.459512
11.7142857142857 1.20374
11.7183673469388 5.06359
11.7224489795918 1.15691
11.7265306122449 0.790814
11.730612244898 1.08901
11.734693877551 2.63864
11.7387755102041 2.84124
11.7428571428571 0.728168
11.7469387755102 0.659879
11.7510204081633 0.273963
11.7551020408163 1.28973
11.7591836734694 1.90489
11.7632653061224 2.18648
11.7673469387755 2.06008
11.7714285714286 2.21076
11.7755102040816 1.84776
11.7795918367347 1.08629
11.7836734693878 4.59482
11.7877551020408 13.067
11.7918367346939 26.0586
11.7959183673469 35.9794
11.8 38.3186
11.8040816326531 39.0219
11.8081632653061 46.3693
11.8122448979592 55.8098
11.8163265306122 55.47
11.8204081632653 53.5784
11.8244897959184 47.061
11.8285714285714 37.5381
11.8326530612245 28.3274
11.8367346938776 17.3528
11.8408163265306 8.79166
11.8448979591837 2.49395
11.8489795918367 1.50532
11.8530612244898 1.66217
11.8571428571429 1.84554
11.8612244897959 22.7933
11.865306122449 67.0856
11.869387755102 87.826
11.8734693877551 109.265
11.8775510204082 158.204
11.8816326530612 217.008
11.8857142857143 232.739
11.8897959183673 228.446
11.8938775510204 205.813
11.8979591836735 180.352
11.9020408163265 148.625
11.9061224489796 116.798
11.9102040816327 90.9945
11.9142857142857 66.621
11.9183673469388 48.754
11.9224489795918 35.1354
11.9265306122449 25.0879
11.930612244898 15.9504
11.934693877551 8.67651
11.9387755102041 4.87558
11.9428571428571 4.99676
11.9469387755102 1.77993
11.9510204081633 5.80408
11.9551020408163 7.75154
11.9591836734694 8.04636
11.9632653061224 5.48829
11.9673469387755 6.17067
11.9714285714286 1.8184
11.9755102040816 2.33982
11.9795918367347 2.10642
11.9836734693878 12.6719
11.9877551020408 26.2675
11.9918367346939 32.3621
11.9959183673469 33.1855
12.0 27.1648
12.0040816326531 21.7383
12.0081632653061 13.0712
12.0122448979592 10.2525
12.0163265306122 2.13869
12.0204081632653 1.52938
12.0244897959184 0.0
12.0285714285714 0.578006
12.0326530612245 7.59299
12.0367346938776 7.39682
12.0408163265306 7.92748
12.0448979591837 6.52163
12.0489795918367 5.67582
12.0530612244898 1.51931
12.0571428571429 4.02584
12.0612244897959 12.3619
12.065306122449 18.876
12.069387755102 22.9047
12.0734693877551 21.3443
12.0775510204082 23.065
12.0816326530612 18.2132
12.0857142857143 15.789
12.0897959183673 7.40623
12.0938775510204 2.30296
12.0979591836735 0.0
12.1020408163265 0.0
12.1061224489796 0.0
12.1102040816327 1.01332
12.1142857142857 2.7829
12.1183673469388 0.561039
12.1224489795918 0.361125
12.1265306122449 1.65251
12.130612244898 6.41594
12.134693877551 9.4105
12.1387755102041 9.77282
12.1428571428571 16.5214
12.1469387755102 19.2308
12.1510204081633 20.5218
12.1551020408163 17.5491
12.1591836734694 14.1349
12.1632653061224 11.6921
12.1673469387755 6.80999
12.1714285714286 6.08583
12.1755102040816 6.73295
12.1795918367347 5.50995
12.1836734693878 0.855366
12.1877551020408 7.82008
12.1918367346939 15.0281
12.1959183673469 26.0023
12.2 41.5782
12.2040816326531 68.1965
12.2081632653061 67.6908
12.2122448979592 81.4117
12.2163265306122 66.4169
12.2204081632653 64.5866
12.2244897959184 45.7549
12.2285714285714 29.6733
12.2326530612245 20.2269
12.2367346938776 8.83148
12.2408163265306 3.62159
12.2448979591837 6.87917
12.2489795918367 0.224143
12.2530612244898 2.38476
12.2571428571429 1.69338
12.2612244897959 7.91688
12.265306122449 19.5695
12.269387755102 24.1946
12.2734693877551 28.8312
12.2775510204082 27.1893
12.2816326530612 21.4195
12.2857142857143 18.7993
12.2897959183673 13.6879
12.2938775510204 6.35541
12.2979591836735 1.10621
12.3020408163265 0.673791
12.3061224489796 0.00598033
12.3102040816327 0.571748
12.3142857142857 1.03867
12.3183673469388 1.24818
12.3224489795918 1.27284
12.3265306122449 3.54543
12.330612244898 10.0018
12.334693877551 5.96773
12.3387755102041 11.6635
12.3428571428571 15.6901
12.3469387755102 18.3052
12.3510204081633 22.4003
12.3551020408163 19.1753
12.3591836734694 16.0873
12.3632653061224 12.0399
12.3673469387755 11.2335
12.3714285714286 15.9809
12.3755102040816 13.2793
12.3795918367347 4.60316
12.3836734693878 3.82208
12.3877551020408 3.18126
12.3918367346939 0.36788
12.3959183673469 0.326296
12.4 0.174503
12.4040816326531 0.197411
12.4081632653061 0.665168
12.4122448979592 5.36591
12.4163265306122 12.5327
12.4204081632653 8.61715
12.4244897959184 10.4877
12.4285714285714 11.7162
12.4326530612245 6.62572
12.4367346938776 11.9375
12.4408163265306 14.677
12.4448979591837 22.3848
12.4489795918367 26.8332
12.4530612244898 32.7857
12.4571428571429 33.6107
12.4612244897959 28.7755
12.465306122449 34.9003
12.469387755102 40.9193
12.4734693877551 15.1941
12.4775510204082 19.2094
12.4816326530612 27.6496
12.4857142857143 37.3753
12.4897959183673 51.8941
12.4938775510204 64.1078
12.4979591836735 66.0769
12.5020408163265 107.227
12.5061224489796 103.539
12.5102040816327 104.071
12.5142857142857 117.617
12.5183673469388 105.327
12.5224489795918 94.9476
12.5265306122449 81.4747
12.530612244898 65.0309
12.534693877551 46.2943
12.5387755102041 32.8793
12.5428571428571 19.4397
12.5469387755102 15.7959
12.5510204081633 13.8972
12.5551020408163 7.78654
12.5591836734694 5.14622
12.5632653061224 2.80777
12.5673469387755 1.41486
12.5714285714286 3.97142
12.5755102040816 4.61826
12.5795918367347 6.66876
12.5836734693878 6.26909
12.5877551020408 6.42762
12.5918367346939 7.32916
12.5959183673469 7.61623
12.6 6.64934
12.6040816326531 6.4787
12.6081632653061 6.01856
12.6122448979592 6.48016
12.6163265306122 7.46586
12.6204081632653 6.36141
12.6244897959184 3.4589
12.6285714285714 3.43132
12.6326530612245 3.29781
12.6367346938776 2.8631
12.6408163265306 1.59607
12.6448979591837 1.21822
12.6489795918367 0.82762
12.6530612244898 0.785172
12.6571428571429 4.30468
12.6612244897959 5.67979
12.665306122449 5.7767
12.669387755102 3.87142
12.6734693877551 2.06179
12.6775510204082 3.2369
12.6816326530612 2.99822
12.6857142857143 5.80074
12.6897959183673 9.25909
12.6938775510204 5.57341
12.6979591836735 3.29674
12.7020408163265 4.4992
12.7061224489796 5.44556
12.7102040816327 5.10526
12.7142857142857 7.77244
12.7183673469388 14.1912
12.7224489795918 17.018
12.7265306122449 14.1494
12.730612244898 10.1301
12.734693877551 2.59267
12.7387755102041 1.841
12.7428571428571 3.13819
12.7469387755102 2.35092
12.7510204081633 2.40383
12.7551020408163 3.30181
12.7591836734694 33.1959
12.7632653061224 29.4666
12.7673469387755 67.1448
12.7714285714286 108.08
12.7755102040816 158.949
12.7795918367347 171.603
12.7836734693878 207.697
12.7877551020408 216.082
12.7918367346939 189.893
12.7959183673469 164.728
12.8 134.958
12.8040816326531 109.216
12.8081632653061 96.1582
12.8122448979592 81.4499
12.8163265306122 65.4398
12.8204081632653 47.8979
12.8244897959184 36.744
12.8285714285714 31.6523
12.8326530612245 26.2057
12.8367346938776 19.6035
12.8408163265306 12.6957
12.8448979591837 6.22913
12.8489795918367 3.29922
12.8530612244898 1.49832
12.8571428571429 0.400543
12.8612244897959 0.0
12.865306122449 0.0
12.869387755102 0.0
12.8734693877551 0.0
12.8775510204082 1.33777
12.8816326530612 13.0632
12.8857142857143 21.7148
12.8897959183673 14.5472
12.8938775510204 21.2506
12.8979591836735 18.9656
12.9020408163265 13.4215
12.9061224489796 16.193
12.9102040816327 9.95585
12.9142857142857 4.87178
12.9183673469388 7.5981
12.9224489795918 5.30002
12.9265306122449 4.91859
12.930612244898 3.30399
12.934693877551 9.71467
12.9387755102041 32.7074
12.9428571428571 31.4302
12.9469387755102 35.0997
12.9510204081633 29.749
12.9551020408163 20.6816
12.9591836734694 17.2929
12.9632653061224 12.3657
12.9673469387755 19.9754
12.9714285714286 5.20691
12.9755102040816 12.598
12.9795918367347 42.3705
12.9836734693878 22.6383
12.9877551020408 30.0409
12.9918367346939 31.422
12.9959183673469 17.1866
13.0 35.9541
13.0040816326531 36.53
13.0081632653061 34.6838
13.0122448979592 41.277
13.0163265306122 42.2102
13.0204081632653 44.6732
13.0244897959184 53.4465
13.0285714285714 45.5619
13.0326530612245 36.1956
13.0367346938776 40.5757
13.0408163265306 31.9039
13.0448979591837 27.8561
13.0489795918367 28.7208
13.0530612244898 18.9563
13.0571428571429 15.6841
13.0612244897959 14.6378
13.065306122449 15.5397
13.069387755102 24.0434
13.0734693877551 22.3609
13.0775510204082 31.4316
13.0816326530612 11.6166
13.0857142857143 6.28107
13.0897959183673 7.30608
13.0938775510204 9.31376
13.0979591836735 9.98218
13.1020408163265 10.2072
13.1061224489796 10.1729
13.1102040816327 9.18043
13.1142857142857 8.58419
13.1183673469388 13.4322
13.1224489795918 29.7931
13.1265306122449 53.4751
13.130612244898 143.306
13.134693877551 66.3435
13.1387755102041 140.38
13.1428571428571 149.547
13.1469387755102 183.497
13.1510204081633 176.849
13.1551020408163 155.868
13.1591836734694 139.226
13.1632653061224 113.63
13.1673469387755 93.0909
13.1714285714286 75.9256
13.1755102040816 53.5774
13.1795918367347 37.2449
13.1836734693878 23.2733
13.1877551020408 10.1452
13.1918367346939 3.48472
13.1959183673469 3.38159
13.2 2.74332
13.2040816326531 2.35544
13.2081632653061 2.79784
13.2122448979592 1.03132
13.2163265306122 0.310153
13.2204081632653 25.322
13.2244897959184 73.565
13.2285714285714 21.3794
13.2326530612245 40.9613
13.2367346938776 3.40046
13.2408163265306 0.0
13.2448979591837 0.793904
13.2489795918367 2.99805
13.2530612244898 0.576059
13.2571428571429 3.44043
13.2612244897959 0.636717
13.265306122449 0.636419
13.269387755102 12.3295
13.2734693877551 3.53079
13.2775510204082 63.0312
13.2816326530612 76.8103
13.2857142857143 82.0139
13.2897959183673 32.4845
13.2938775510204 23.8361
13.2979591836735 0.0
13.3020408163265 0.0
13.3061224489796 1.04968
13.3102040816327 6.91704
13.3142857142857 0.0
13.3183673469388 0.0
13.3224489795918 0.0
13.3265306122449 2.22278
13.330612244898 6.27415
13.334693877551 12.2452
13.3387755102041 86.935
13.3428571428571 73.2881
13.3469387755102 55.9623
13.3510204081633 28.5707
13.3551020408163 6.01612
13.3591836734694 2.35304
13.3632653061224 8.07613
13.3673469387755 4.28811
13.3714285714286 11.764
13.3755102040816 2.56309
13.3795918367347 0.406106
13.3836734693878 9.84618
13.3877551020408 0.314991
13.3918367346939 10.3103
13.3959183673469 71.5658
13.4 75.0711
13.4040816326531 65.9884
13.4081632653061 49.8898
13.4122448979592 33.1563
13.4163265306122 8.44524
13.4204081632653 2.53691
13.4244897959184 11.0289
13.4285714285714 6.99338
13.4326530612245 21.3749
13.4367346938776 7.93936
13.4408163265306 6.26975
13.4448979591837 17.8839
13.4489795918367 37.8098
13.4530612244898 15.7226
13.4571428571429 55.0369
13.4612244897959 172.928
13.465306122449 173.672
13.469387755102 185.884
13.4734693877551 170.763
13.4775510204082 158.839
13.4816326530612 133.831
13.4857142857143 116.654
13.4897959183673 88.8587
13.4938775510204 63.6672
13.4979591836735 43.6861
13.5020408163265 30.3008
13.5061224489796 21.6444
13.5102040816327 11.3125
13.5142857142857 5.72276
13.5183673469388 0.727922
13.5224489795918 0.377044
13.5265306122449 0.665372
13.530612244898 0.0287592
13.534693877551 0.245333
13.5387755102041 0.325521
13.5428571428571 0.196507
13.5469387755102 2.39495
13.5510204081633 0.367035
13.5551020408163 0.634054
13.5591836734694 0.804782
13.5632653061224 3.29237
13.5673469387755 1.44801
13.5714285714286 0.731379
13.5755102040816 0.794142
13.5795918367347 1.36946
13.5836734693878 2.92863
13.5877551020408 9.4568
13.5918367346939 1.45746
13.5959183673469 51.2757
13.6 3.31691
13.6040816326531 17.5956
13.6081632653061 86.3087
13.6122448979592 124.801
13.6163265306122 193.477
13.6204081632653 133.284
13.6244897959184 128.601
13.6285714285714 178.412
13.6326530612245 183.056
13.6367346938776 188.424
13.6408163265306 171.25
13.6448979591837 153.847
13.6489795918367 130.733
13.6530612244898 104.466
13.6571428571429 76.8056
13.6612244897959 56.5448
13.665306122449 35.6826
13.669387755102 20.3341
13.6734693877551 8.21852
13.6775510204082 4.7891
13.6816326530612 3.06608
13.6857142857143 2.03451
13.6897959183673 1.35591
13.6938775510204 0.783587
13.6979591836735 0.775238
13.7020408163265 0.905891
13.7061224489796 3.14575
13.7102040816327 3.46484
13.7142857142857 3.14032
13.7183673469388 14.899
13.7224489795918 1.77945
13.7265306122449 5.67838
13.730612244898 0.21114
13.734693877551 3.70355
13.7387755102041 18.3142
13.7428571428571 5.59314
13.7469387755102 11.1685
13.7510204081633 5.72449
13.7551020408163 9.36695
13.7591836734694 6.62864
13.7632653061224 6.40764
13.7673469387755 8.77738
13.7714285714286 21.0373
13.7755102040816 3.1871
13.7795918367347 36.6502
13.7836734693878 2.13595
13.7877551020408 6.77078
13.7918367346939 0.336975
13.7959183673469 16.1792
13.8 23.5914
13.8040816326531 0.0
13.8081632653061 0.350753
13.8122448979592 1.42931
13.8163265306122 2.78756
13.8204081632653 2.43604
13.8244897959184 2.5423
13.8285714285714 11.6455
13.8326530612245 162.086
13.8367346938776 75.5308
13.8408163265306 51.9471
13.8448979591837 68.5468
13.8489795918367 81.0165
13.8530612244898 70.2713
13.8571428571429 72.2272
13.8612244897959 73.622
13.865306122449 76.2807
13.869387755102 76.1867
13.8734693877551 64.3866
13.8775510204082 62.6482
13.8816326530612 49.7358
13.8857142857143 40.2294
13.8897959183673 30.8082
13.8938775510204 17.9682
13.8979591836735 6.72586
13.9020408163265 2.05407
13.9061224489796 1.81487
13.9102040816327 1.68614
13.9142857142857 2.45434
13.9183673469388 3.48889
13.9224489795918 1.8864
13.9265306122449 2.77845
13.930612244898 4.08088
13.934693877551 9.61226
13.9387755102041 14.1416
13.9428571428571 0.47795
13.9469387755102 4.3738
13.9510204081633 2.58754
13.9551020408163 1.62021
13.9591836734694 24.0988
13.9632653061224 31.4041
13.9673469387755 0.825132
13.9714285714286 3.0201
13.9755102040816 4.37792
13.9795918367347 18.9558
13.9836734693878 24.2545
13.9877551020408 69.9927
13.9918367346939 46.3611
13.9959183673469 51.4727
14.0 40.9401
14.0040816326531 25.063
14.0081632653061 30.9782
14.0122448979592 21.3254
14.0163265306122 16.4304
14.0204081632653 18.9226
14.0244897959184 8.60169
14.0285714285714 7.11738
14.0326530612245 7.5736
14.0367346938776 3.19805
14.0408163265306 3.02172
14.0448979591837 7.45808
14.0489795918367 7.47104
14.0530612244898 11.7836
14.0571428571429 26.565
14.0612244897959 0.701755
14.065306122449 0.592689
14.069387755102 1.39495
14.0734693877551 3.87005
14.0775510204082 45.2069
14.0816326530612 0.433087
14.0857142857143 16.6169
14.0897959183673 0.0
14.0938775510204 0.0
14.0979591836735 0.0
14.1020408163265 1.09402
14.1061224489796 8.30359
14.1102040816327 80.6564
14.1142857142857 4.74953
14.1183673469388 14.9064
14.1224489795918 6.21346
14.1265306122449 13.1277
14.130612244898 10.3256
14.134693877551 33.0617
14.1387755102041 0.982205
14.1428571428571 90.3492
14.1469387755102 83.3558
14.1510204081633 130.869
14.1551020408163 100.156
14.1591836734694 132.646
14.1632653061224 233.54
14.1673469387755 243.626
14.1714285714286 253.932
14.1755102040816 223.1
14.1795918367347 196.879
14.1836734693878 165.822
14.1877551020408 139.954
14.1918367346939 108.787
14.1959183673469 77.9632
14.2 56.0985
14.2040816326531 42.8811
14.2081632653061 30.2046
14.2122448979592 19.4799
14.2163265306122 11.2854
14.2204081632653 6.75268
14.2244897959184 4.92978
14.2285714285714 4.50914
14.2326530612245 4.09752
14.2367346938776 3.51359
14.2408163265306 3.17747
14.2448979591837 2.70889
14.2489795918367 2.28214
14.2530612244898 14.8125
14.2571428571429 0.469804
14.2612244897959 5.81104
14.265306122449 0.0
14.269387755102 0.0
14.2734693877551 0.207176
14.2775510204082 0.0
14.2816326530612 0.60149
14.2857142857143 0.252515
14.2897959183673 0.412772
14.2938775510204 1.02704
14.2979591836735 0.75139
14.3020408163265 1.52954
14.3061224489796 49.237
14.3102040816327 1.14
14.3142857142857 21.9883
14.3183673469388 0.459125
14.3224489795918 0.1447
14.3265306122449 0.237455
14.330612244898 0.234962
14.334693877551 9.49223
14.3387755102041 17.9315
14.3428571428571 25.0008
14.3469387755102 1.00622
14.3510204081633 0.738909
14.3551020408163 11.0723
14.3591836734694 17.5824
14.3632653061224 8.61993
14.3673469387755 53.0275
14.3714285714286 1.61146
14.3755102040816 26.633
14.3795918367347 0.132223
14.3836734693878 8.74798
14.3877551020408 8.55762
14.3918367346939 0.0
14.3959183673469 75.8515
14.4 0.0
14.4040816326531 30.5704
14.4081632653061 0.0
14.4122448979592 0.0
14.4163265306122 11.5661
14.4204081632653 34.8336
14.4244897959184 7.58799
14.4285714285714 87.4051
14.4326530612245 2.1892
14.4367346938776 49.5444
14.4408163265306 36.1096
14.4448979591837 65.8592
14.4489795918367 73.8269
14.4530612244898 39.6976
14.4571428571429 58.7105
14.4612244897959 22.4873
14.465306122449 28.3191
14.469387755102 11.6398
14.4734693877551 6.21851
14.4775510204082 11.3299
14.4816326530612 9.70858
14.4857142857143 139.048
14.4897959183673 355.02
14.4938775510204 164.417
14.4979591836735 226.96
14.5020408163265 248.386
14.5061224489796 252.575
14.5102040816327 274.414
14.5142857142857 229.939
14.5183673469388 201.013
14.5224489795918 161.749
14.5265306122449 122.083
14.530612244898 88.5072
14.534693877551 60.1096
14.5387755102041 37.5034
14.5428571428571 21.3289
14.5469387755102 6.27255
14.5510204081633 0.0
14.5551020408163 0.0
14.5591836734694 0.0
14.5632653061224 0.0
14.5673469387755 0.0
14.5714285714286 0.0
14.5755102040816 0.0
14.5795918367347 0.0
14.5836734693878 0.0
14.5877551020408 0.0
14.5918367346939 0.351243
14.5959183673469 1.21724
14.6 6.05583
14.6040816326531 5.5953
14.6081632653061 1.16929
14.6122448979592 16.8947
14.6163265306122 5.15512
14.6204081632653 6.64556
14.6244897959184 28.3417
14.6285714285714 5.08291
14.6326530612245 7.36488
14.6367346938776 2.90206
14.6408163265306 13.5987
14.6448979591837 7.02795
14.6489795918367 2.14085
14.6530612244898 47.3319
14.6571428571429 1.40845
14.6612244897959 3.08106
14.665306122449 2.18171
14.669387755102 2.21117
14.6734693877551 27.0951
14.6775510204082 57.4536
14.6816326530612 3.01441
14.6857142857143 35.1476
14.6897959183673 2.78929
14.6938775510204 3.40212
14.6979591836735 2.12564
14.7020408163265 12.2096
14.7061224489796 85.5133
14.7102040816327 0.395735
14.7142857142857 55.0834
14.7183673469388 0.419935
14.7224489795918 10.7426
14.7265306122449 0.627885
14.730612244898 28.3078
14.734693877551 35.1273
14.7387755102041 37.3047
14.7428571428571 18.3451
14.7469387755102 0.643658
14.7510204081633 1.14269
14.7551020408163 14.4947
14.7591836734694 1.53283
14.7632653061224 63.4209
14.7673469387755 101.841
14.7714285714286 4.051
14.7755102040816 44.8804
14.7795918367347 1.68852
14.7836734693878 23.7073
14.7877551020408 1.7614
14.7918367346939 28.9032
14.7959183673469 50.5975
14.8 6.41633
14.8040816326531 24.8624
14.8081632653061 0.100662
14.8122448979592 0.140846
14.8163265306122 26.8509
14.8204081632653 61.5398
14.8244897959184 29.0737
14.8285714285714 73.3753
14.8326530612245 9.4715
14.8367346938776 27.3869
14.8408163265306 0.0
14.8448979591837 18.5312
14.8489795918367 0.0
14.8530612244898 44.1523
14.8571428571429 117.709
14.8612244897959 15.1907
14.865306122449 31.7234
14.869387755102 20.1619
14.8734693877551 8.00314
14.8775510204082 44.223
14.8816326530612 77.6944
14.8857142857143 22.7062
14.8897959183673 36.1952
14.8938775510204 1.99893
14.8979591836735 26.2356
14.9020408163265 0.711687
14.9061224489796 9.84606
14.9102040816327 4.38926
14.9142857142857 88.3315
14.9183673469388 96.6435
14.9224489795918 11.566
14.9265306122449 8.96842
14.930612244898 10.8352
14.934693877551 0.740866
14.9387755102041 25.6524
14.9428571428571 75.5843
14.9469387755102 41.1035
14.9510204081633 26.6176
14.9551020408163 2.45032
14.9591836734694 18.8362
14.9632653061224 1.2561
14.9673469387755 37.2184
14.9714285714286 48.1367
14.9755102040816 1.09029
14.9795918367347 269.996
14.9836734693878 93.4082
14.9877551020408 143.005
14.9918367346939 117.759
14.9959183673469 121.276
15.0 113.027
15.0040816326531 87.3292
15.0081632653061 56.5255
15.0122448979592 44.5831
15.0163265306122 10.0269
15.0204081632653 0.0
15.0244897959184 0.0
15.0285714285714 0.0
