2.26530612244898 1
2.73061224489796 1
3.51836734693878 1
4.77551020408163 1
5.04081632653061 1
5.20408163265306 1
5.6530612244898 1
5.96326530612245 1
6.28163265306122 1
6.60816326530612 1
6.89387755102041 1
7.22448979591837 1
8.49795918367347 1
8.77142857142857 1
8.94285714285714 1
9.40816326530612 1
9.71836734693878 1
10.0163265306122 1
10.3387755102041 1
10.9428571428571 1
11.5591836734694 1
11.7795918367347 1
12.4979591836735 1
12.6571428571429 1
12.7918367346939 1
13.1183673469388 1
13.2530612244898 1
14.3265306122449 1
14.6448979591837 1
