1.85714285714286 1
2.10204081632653 1
2.51428571428571 1
2.9265306122449 1
3.71836734693878 1
3.97959183673469 1
4.2530612244898 1
4.62448979591837 1
5.00408163265306 1
5.80816326530612 1
6.35918367346939 1
6.70612244897959 1
7.09387755102041 1
7.29387755102041 1
7.62857142857143 1
8.35510204081633 1
9.09795918367347 1
9.8734693877551 1
10.2448979591837 1
10.4489795918367 1
10.6938775510204 1
10.8040816326531 1
10.9795918367347 1
11.2326530612245 1
11.9836734693878 1
12.2448979591837 1
12.8448979591837 1
12.9755102040816 1
13.2367346938776 1
14.0326530612245 1
14.5714285714286 1
