0.00408163265306122 115.947
0.00816326530612245 113.523
0.0122448979591837 114.17
0.0163265306122449 117.625
0.0204081632653061 113.752
0.0244897959183673 95.7599
0.0285714285714286 81.3029
0.0326530612244898 59.947
0.036734693877551 44.666
0.0408163265306122 32.4649
0.0448979591836735 25.0952
0.0489795918367347 18.8127
0.0530612244897959 15.9915
0.0571428571428571 8.19315
0.0612244897959184 1.72657
0.0653061224489796 0.425875
0.0693877551020408 1.46888
0.073469387755102 3.40644
0.0775510204081633 3.15708
0.0816326530612245 6.71903
0.0857142857142857 9.16665
0.0897959183673469 23.7751
0.0938775510204082 45.0761
0.0979591836734694 92.2375
0.102040816326531 105.087
0.106122448979592 105.512
0.110204081632653 235.952
0.114285714285714 297.229
0.118367346938776 387.813
0.122448979591837 384.612
0.126530612244898 382.788
0.130612244897959 369.694
0.13469387755102 318.697
0.138775510204082 268.461
0.142857142857143 231.619
0.146938775510204 168.747
0.151020408163265 144.709
0.155102040816327 108.719
0.159183673469388 77.526
0.163265306122449 54.9675
0.16734693877551 37.4754
0.171428571428571 24.2033
0.175510204081633 32.0607
0.179591836734694 25.8202
0.183673469387755 45.1851
0.187755102040816 16.091
0.191836734693878 23.3778
0.195918367346939 5.05567
0.2 3.23397
0.204081632653061 15.8268
0.208163265306122 3.92536
0.212244897959184 76.7381
0.216326530612245 11.0946
0.220408163265306 6.33703
0.224489795918367 22.7031
0.228571428571429 83.2265
0.23265306122449 4.69936
0.236734693877551 106.447
0.240816326530612 3.23935
0.244897959183673 62.4303
0.248979591836735 1.78119
0.253061224489796 128.737
0.257142857142857 42.9802
0.261224489795918 0.203609
0.26530612244898 62.215
0.269387755102041 1.5735
0.273469387755102 0.295222
0.277551020408163 36.801
0.281632653061224 2.02201
0.285714285714286 19.0617
0.289795918367347 8.8342
0.293877551020408 111.43
0.297959183673469 17.6404
0.302040816326531 1.39324
0.306122448979592 43.7212
0.310204081632653 0.67233
0.314285714285714 1.20832
0.318367346938775 30.589
0.322448979591837 1.12226
0.326530612244898 119.074
0.330612244897959 0.607908
0.33469387755102 91.2229
0.338775510204082 83.846
0.342857142857143 2.186
0.346938775510204 9.29727
0.351020408163265 2.17454
0.355102040816327 64.9917
0.359183673469388 87.1057
0.363265306122449 95.1053
0.36734693877551 184.76
0.371428571428571 255.778
0.375510204081633 91.0121
0.379591836734694 207.633
0.383673469387755 81.2681
0.387755102040816 118.23
0.391836734693878 68.3308
0.395918367346939 74.0586
0.4 42.8723
0.404081632653061 41.3054
0.408163265306122 27.6721
0.412244897959184 27.8143
0.416326530612245 6.51423
0.420408163265306 19.4347
0.424489795918367 3.69592
0.428571428571429 2.94218
0.43265306122449 2.16686
0.436734693877551 1.3502
0.440816326530612 0.632634
0.444897959183673 0.779897
0.448979591836735 0.668695
0.453061224489796 1.88984
0.457142857142857 0.622292
0.461224489795918 24.8068
0.46530612244898 59.1478
0.469387755102041 102.988
0.473469387755102 238.173
0.477551020408163 159.11
0.481632653061224 207.596
0.485714285714286 255.139
0.489795918367347 201.728
0.493877551020408 186.482
0.497959183673469 181.169
0.502040816326531 134.541
0.506122448979592 106.745
0.510204081632653 81.5732
0.514285714285714 56.0636
0.518367346938776 33.164
0.522448979591837 20.5918
0.526530612244898 7.35903
0.530612244897959 4.59472
0.53469387755102 2.69684
0.538775510204082 2.22675
0.542857142857143 2.00611
0.546938775510204 1.32088
0.551020408163265 1.33185
0.555102040816327 7.10152
0.559183673469388 5.79774
0.563265306122449 10.9379
0.56734693877551 13.0635
0.571428571428571 13.1481
0.575510204081633 39.8231
0.579591836734694 8.00155
0.583673469387755 57.8024
0.587755102040816 43.6853
0.591836734693878 70.8398
0.595918367346939 44.2491
0.6 44.6116
0.604081632653061 33.6388
0.608163265306122 25.1808
0.612244897959184 23.8804
0.616326530612245 14.1883
0.620408163265306 16.2401
0.624489795918367 20.5397
0.628571428571429 24.5944
0.63265306122449 41.5748
0.636734693877551 62.5503
0.640816326530612 84.4773
0.644897959183673 96.274
0.648979591836735 92.7151
0.653061224489796 80.0783
0.657142857142857 60.7912
0.661224489795918 42.616
0.66530612244898 27.6126
0.669387755102041 13.7251
0.673469387755102 0.0
0.677551020408163 0.0
0.681632653061224 0.0
0.685714285714286 0.0
0.689795918367347 0.0
0.693877551020408 0.0
0.697959183673469 0.0
0.702040816326531 0.0
0.706122448979592 0.660623
0.710204081632653 0.0
0.714285714285714 0.887625
0.718367346938775 0.27282
0.722448979591837 0.0
0.726530612244898 0.0
0.730612244897959 0.0
0.73469387755102 0.0
0.738775510204082 0.0
0.742857142857143 0.0
0.746938775510204 0.0
0.751020408163265 10.3337
0.755102040816326 21.1664
0.759183673469388 23.4856
0.763265306122449 30.0239
0.76734693877551 25.7765
0.771428571428571 15.5347
0.775510204081633 8.4684
0.779591836734694 8.0942
0.783673469387755 9.68904
0.787755102040816 9.08242
0.791836734693877 6.24464
0.795918367346939 5.73341
0.8 5.02693
0.804081632653061 2.88387
0.808163265306122 2.00097
0.812244897959184 8.75278
0.816326530612245 25.2875
0.820408163265306 60.9862
0.824489795918367 75.3669
0.828571428571429 122.536
0.83265306122449 146.225
0.836734693877551 163.482
0.840816326530612 156.34
0.844897959183673 181.071
0.848979591836735 254.764
0.853061224489796 357.931
0.857142857142857 404.529
0.861224489795918 433.939
0.86530612244898 490.544
0.869387755102041 466.164
0.873469387755102 394.026
0.877551020408163 372.785
0.881632653061225 306.514
0.885714285714286 262.149
0.889795918367347 208.363
0.893877551020408 172.243
0.897959183673469 125.474
0.902040816326531 93.2734
0.906122448979592 68.0329
0.910204081632653 41.8356
0.914285714285714 28.5737
0.918367346938776 15.2884
0.922448979591837 8.22763
0.926530612244898 2.75159
0.930612244897959 1.04309
0.93469387755102 0.664095
0.938775510204082 0.508567
0.942857142857143 0.240286
0.946938775510204 0.414987
0.951020408163265 0.696003
0.955102040816327 16.6729
0.959183673469388 0.314792
0.963265306122449 0.374566
0.96734693877551 7.18578
0.971428571428571 0.0625352
0.975510204081633 16.184
0.979591836734694 0.0594258
0.983673469387755 54.0517
0.987755102040816 2.82044
0.991836734693878 64.996
0.995918367346939 9.32933
1.0 27.8307
1.00408163265306 54.0149
1.00816326530612 87.2664
1.01224489795918 81.5485
1.01632653061224 63.5794
1.02040816326531 85.8107
1.02448979591837 41.7496
1.02857142857143 36.6297
1.03265306122449 27.9486
1.03673469387755 22.4156
1.04081632653061 20.8213
1.04489795918367 20.9297
1.04897959183673 33.193
1.0530612244898 38.0312
1.05714285714286 184.639
1.06122448979592 41.4128
1.06530612244898 106.786
1.06938775510204 73.3376
1.0734693877551 79.2735
1.07755102040816 82.2508
1.08163265306122 52.0687
1.08571428571429 53.0591
1.08979591836735 44.6804
1.09387755102041 30.2984
1.09795918367347 32.6566
1.10204081632653 9.02502
1.10612244897959 7.3898
1.11020408163265 7.63528
1.11428571428571 7.72389
1.11836734693878 7.81049
1.12244897959184 9.20764
1.1265306122449 7.85329
1.13061224489796 8.12633
1.13469387755102 7.0797
1.13877551020408 6.60841
1.14285714285714 7.27756
1.1469387755102 13.1846
1.15102040816327 4.36147
1.15510204081633 8.73903
1.15918367346939 4.33185
1.16326530612245 12.125
1.16734693877551 1.88191
1.17142857142857 14.2783
1.17551020408163 34.2421
1.17959183673469 66.6448
1.18367346938776 66.5122
1.18775510204082 19.8865
1.19183673469388 21.2155
1.19591836734694 37.2373
1.2 131.146
1.20408163265306 1.07961
1.20816326530612 0.580631
1.21224489795918 12.0961
1.21632653061224 39.3001
1.22040816326531 100.877
1.22448979591837 29.3925
1.22857142857143 54.6655
1.23265306122449 27.389
1.23673469387755 24.0811
1.24081632653061 61.838
1.24489795918367 18.9571
1.24897959183673 15.5908
1.2530612244898 24.5136
1.25714285714286 63.3873
1.26122448979592 55.4233
1.26530612244898 61.644
1.26938775510204 49.1421
1.2734693877551 70.5562
1.27755102040816 10.3638
1.28163265306122 73.0464
1.28571428571429 20.6713
1.28979591836735 9.52302
1.29387755102041 23.4633
1.29795918367347 3.00051
1.30204081632653 58.8243
1.30612244897959 51.07
1.31020408163265 84.9427
1.31428571428571 26.2872
1.31836734693878 56.184
1.32244897959184 38.615
1.3265306122449 80.2081
1.33061224489796 1.22713
1.33469387755102 16.4653
1.33877551020408 64.4782
1.34285714285714 38.2983
1.3469387755102 41.0142
1.35102040816327 37.3295
1.35510204081633 42.1475
1.35918367346939 9.63734
1.36326530612245 23.3795
1.36734693877551 4.70771
1.37142857142857 4.01249
1.37551020408163 9.89389
1.37959183673469 6.77856
1.38367346938776 50.1063
1.38775510204082 30.1251
1.39183673469388 176.328
1.39591836734694 22.2292
1.4 126.076
1.40408163265306 11.4267
1.40816326530612 86.4703
1.41224489795918 3.02669
1.41632653061225 70.2745
1.42040816326531 0.383278
1.42448979591837 18.8976
1.42857142857143 115.031
1.43265306122449 73.5973
1.43673469387755 0.0588298
1.44081632653061 19.9048
1.44489795918367 95.8381
1.44897959183673 48.7169
1.4530612244898 3.00656
1.45714285714286 25.8954
1.46122448979592 8.9816
1.46530612244898 85.8202
1.46938775510204 32.9511
1.4734693877551 58.2423
1.47755102040816 14.3008
1.48163265306122 9.86742
1.48571428571429 10.6339
1.48979591836735 3.56414
1.49387755102041 0.57736
1.49795918367347 27.3333
1.50204081632653 36.5834
1.50612244897959 0.62265
1.51020408163265 1.24974
1.51428571428571 82.531
1.51836734693878 63.0125
1.52244897959184 66.4554
1.5265306122449 25.887
1.53061224489796 35.5387
1.53469387755102 14.7484
1.53877551020408 194.701
1.54285714285714 5.95179
1.5469387755102 196.687
1.55102040816327 180.677
1.55510204081633 174.299
1.55918367346939 184.342
1.56326530612245 235.869
1.56734693877551 242.922
1.57142857142857 296.601
1.57551020408163 312.521
1.57959183673469 344.366
1.58367346938775 300.579
1.58775510204082 287.171
1.59183673469388 246.899
1.59591836734694 206.114
1.6 162.88
1.60408163265306 123.725
1.60816326530612 92.2721
1.61224489795918 55.9734
1.61632653061224 33.3049
1.62040816326531 30.2302
1.62448979591837 35.2418
1.62857142857143 40.579
1.63265306122449 42.6054
1.63673469387755 40.6256
1.64081632653061 35.3914
1.64489795918367 29.3664
1.64897959183673 27.2175
1.6530612244898 23.146
1.65714285714286 19.0134
1.66122448979592 19.9025
1.66530612244898 17.2631
1.66938775510204 13.3543
1.6734693877551 11.0404
1.67755102040816 5.70381
1.68163265306122 2.46815
1.68571428571429 0.454684
1.68979591836735 0.0
1.69387755102041 0.0
1.69795918367347 0.0
1.70204081632653 0.0
1.70612244897959 0.0
1.71020408163265 0.0
1.71428571428571 0.621537
1.71836734693878 0.0
1.72244897959184 10.358
1.7265306122449 46.1469
1.73061224489796 127.119
1.73469387755102 0.267552
1.73877551020408 0.0
1.74285714285714 9.72223
1.7469387755102 3.15313
1.75102040816327 0.0
1.75510204081633 0.0
1.75918367346939 0.0
1.76326530612245 0.0
1.76734693877551 0.0
1.77142857142857 0.0
1.77551020408163 0.0
1.77959183673469 0.089099
1.78367346938776 6.26076
1.78775510204082 12.7462
1.79183673469388 18.3683
1.79591836734694 23.7261
1.8 32.7508
1.80408163265306 40.2731
1.80816326530612 44.0306
1.81224489795918 62.4015
1.81632653061224 87.5282
1.82040816326531 88.8184
1.82448979591837 94.1579
1.82857142857143 76.985
1.83265306122449 57.9234
1.83673469387755 71.6589
1.84081632653061 278.991
1.84489795918367 141.466
1.84897959183673 396.541
1.8530612244898 365.354
1.85714285714286 400.893
1.86122448979592 381.977
1.86530612244898 338.585
1.86938775510204 287.909
1.8734693877551 238.092
1.87755102040816 189.876
1.88163265306122 141.491
1.88571428571429 93.5215
1.88979591836735 57.7079
1.89387755102041 30.9846
1.89795918367347 11.131
1.90204081632653 4.89266
1.90612244897959 1.42676
1.91020408163265 0.0
1.91428571428571 0.0
1.91836734693878 0.0
1.92244897959184 5.19148
1.9265306122449 4.33
1.93061224489796 0.0
1.93469387755102 0.0
1.93877551020408 0.331442
1.94285714285714 0.0
1.9469387755102 0.0
1.95102040816327 0.0
1.95510204081633 0.0
1.95918367346939 0.0
1.96326530612245 0.0
1.96734693877551 0.0
1.97142857142857 0.0
1.97551020408163 72.0479
1.97959183673469 22.043
1.98367346938776 35.5696
1.98775510204082 19.5697
1.99183673469388 7.34305
1.99591836734694 4.48311
2.0 0.0
2.00408163265306 0.0
2.00816326530612 0.0
2.01224489795918 0.282586
2.01632653061225 0.573973
2.02040816326531 4.13521
2.02448979591837 11.2243
2.02857142857143 37.1296
2.03265306122449 58.5326
2.03673469387755 99.22
2.04081632653061 122.935
2.04489795918367 174.395
2.04897959183673 231.604
2.0530612244898 227.153
2.05714285714286 218.774
2.06122448979592 190.28
2.06530612244898 178.691
2.06938775510204 149.299
2.0734693877551 152.529
2.07755102040816 130.945
2.08163265306122 123.072
2.08571428571429 102.485
2.08979591836735 87.122
2.09387755102041 68.6842
2.09795918367347 174.211
2.10204081632653 468.979
2.10612244897959 389.853
2.11020408163265 398.882
2.11428571428571 411.359
2.11836734693878 410.85
2.12244897959184 386.42
2.1265306122449 359.109
2.13061224489796 316.124
2.13469387755102 261.608
2.13877551020408 210.798
2.14285714285714 160.089
2.1469387755102 115.582
2.15102040816327 74.6212
2.15510204081633 45.9373
2.15918367346939 27.3605
2.16326530612245 14.0362
2.16734693877551 9.79791
2.17142857142857 6.54177
2.17551020408163 3.93373
2.17959183673469 2.04689
2.18367346938776 4.17984
2.18775510204082 0.235101
2.19183673469388 0.153701
2.19591836734694 6.53773
2.2 3.76715
2.20408163265306 7.6199
2.20816326530612 2.78564
2.21224489795918 13.9408
2.21632653061224 0.10096
2.22040816326531 0.19149
2.22448979591837 2.2739
2.22857142857143 0.354469
2.23265306122449 0.317812
2.23673469387755 7.01349
2.24081632653061 18.957
2.24489795918367 10.6231
2.24897959183673 132.126
2.2530612244898 99.8148
2.25714285714286 65.4002
2.26122448979592 118.959
2.26530612244898 53.8781
2.26938775510204 54.2061
2.2734693877551 113.558
2.27755102040816 61.1163
2.28163265306122 66.9762
2.28571428571429 116.683
2.28979591836735 87.8708
2.29387755102041 55.4581
2.29795918367347 43.4796
2.30204081632653 68.8507
2.30612244897959 44.8215
2.31020408163265 24.3175
2.31428571428571 79.3579
2.31836734693878 86.4735
2.32244897959184 16.4758
2.3265306122449 36.7663
2.33061224489796 42.6812
2.33469387755102 33.2777
2.33877551020408 41.9335
2.34285714285714 56.3227
2.3469387755102 80.5352
2.35102040816327 37.7619
2.35510204081633 62.5988
2.35918367346939 4.03617
2.36326530612245 14.7908
2.36734693877551 0.0
2.37142857142857 23.8005
2.37551020408163 15.151
2.37959183673469 91.7988
2.38367346938776 182.121
2.38775510204082 74.6294
2.39183673469388 95.0043
2.39591836734694 116.996
2.4 104.145
2.40408163265306 97.504
2.40816326530612 99.9995
2.41224489795918 85.5272
2.41632653061225 58.2787
2.42040816326531 38.8593
2.42448979591837 19.7242
2.42857142857143 19.9845
2.43265306122449 0.0
2.43673469387755 2.19189
2.44081632653061 1.2339
2.44489795918367 3.97443
2.44897959183673 0.215446
2.4530612244898 1.74391
2.45714285714286 0.0
2.46122448979592 1.15222
2.46530612244898 9.01835
2.46938775510204 5.37006
2.4734693877551 1.08793
2.47755102040816 1.40769
2.48163265306122 0.0
2.48571428571429 10.3325
2.48979591836735 10.2854
2.49387755102041 129.895
2.49795918367347 312.202
2.50204081632653 463.781
2.50612244897959 377.883
2.51020408163265 463.64
2.51428571428571 495.947
2.51836734693878 446.895
2.52244897959184 384.208
2.5265306122449 323.944
2.53061224489796 265.554
2.53469387755102 213.441
2.53877551020408 164.387
2.54285714285714 119.052
2.5469387755102 79.7915
2.55102040816327 48.7195
2.55510204081633 28.1285
2.55918367346939 14.4789
2.56326530612245 10.3813
2.56734693877551 7.50353
2.57142857142857 6.02686
2.57551020408163 4.36654
2.57959183673469 4.1531
2.58367346938775 5.89282
2.58775510204082 3.60711
2.59183673469388 13.089
2.59591836734694 11.6712
2.6 19.9299
2.60408163265306 10.3268
2.60816326530612 7.66119
2.61224489795918 1.16184
2.61632653061224 0.125964
2.62040816326531 0.107765
2.62448979591837 0.0605782
2.62857142857143 36.8013
2.63265306122449 45.9578
2.63673469387755 66.1982
2.64081632653061 69.7493
2.64489795918367 61.2438
2.64897959183673 54.2977
2.6530612244898 47.4084
2.65714285714286 47.8156
2.66122448979592 39.3228
2.66530612244898 122.821
2.66938775510204 138.41
2.6734693877551 206.415
2.67755102040816 224.72
2.68163265306122 231.204
2.68571428571429 232.894
2.68979591836735 216.295
2.69387755102041 186.732
2.69795918367347 151.027
2.70204081632653 117.456
2.70612244897959 83.5118
2.71020408163265 55.0446
2.71428571428571 34.7011
2.71836734693878 19.5829
2.72244897959184 8.87536
2.7265306122449 3.82486
2.73061224489796 4.03746
2.73469387755102 4.11024
2.73877551020408 3.14199
2.74285714285714 2.20741
2.7469387755102 0.674774
2.75102040816327 0.0
2.75510204081633 1.12491
2.75918367346939 0.0
2.76326530612245 0.0
2.76734693877551 0.0
2.77142857142857 0.910511
2.77551020408163 0.626067
2.77959183673469 0.0
2.78367346938776 4.06707
2.78775510204082 0.0
2.79183673469388 5.58013
2.79591836734694 0.0
2.8 0.0
2.80408163265306 1.17977
2.80816326530612 3.39623
2.81224489795918 0.963132
2.81632653061224 0.804782
2.82040816326531 9.32817
2.82448979591837 13.5008
2.82857142857143 16.0125
2.83265306122449 20.5984
2.83673469387755 11.6978
2.84081632653061 4.70253
2.84489795918367 5.98007
2.84897959183673 6.65282
2.8530612244898 6.47446
2.85714285714286 5.97544
2.86122448979592 5.14615
2.86530612244898 4.11816
2.86938775510204 3.52627
2.8734693877551 31.4673
2.87755102040816 51.2646
2.88163265306122 47.0995
2.88571428571429 57.817
2.88979591836735 69.2316
2.89387755102041 65.4712
2.89795918367347 86.3294
2.90204081632653 96.0321
2.90612244897959 112.059
2.91020408163265 320.316
2.91428571428571 370.255
2.91836734693878 327.548
2.92244897959184 430.334
2.9265306122449 466.613
2.93061224489796 449.414
2.93469387755102 394.805
2.93877551020408 336.637
2.94285714285714 280.638
2.9469387755102 227.508
2.95102040816327 179.571
2.95510204081633 135.698
2.95918367346939 93.573
2.96326530612245 56.672
2.96734693877551 35.4067
2.97142857142857 19.3741
2.97551020408163 12.2167
2.97959183673469 6.31229
2.98367346938775 3.06626
2.98775510204082 1.21345
2.99183673469388 0.444677
2.99591836734694 0.0
3.0 0.0
3.00408163265306 0.0
3.00816326530612 1.30977
3.01224489795918 2.34221
3.01632653061225 3.33785
3.02040816326531 4.54148
3.02448979591837 19.1678
3.02857142857143 3.82694
3.03265306122449 3.13472
3.03673469387755 8.68268
3.04081632653061 43.6725
3.04489795918367 58.2059
3.04897959183673 24.7935
3.0530612244898 40.4002
3.05714285714286 46.6608
3.06122448979592 42.9109
3.06530612244898 52.4543
3.06938775510204 36.028
3.0734693877551 23.0646
3.07755102040816 47.0501
3.08163265306122 25.3013
3.08571428571429 30.9194
3.08979591836735 11.9091
3.09387755102041 14.2424
3.09795918367347 37.1661
3.10204081632653 7.23274
3.10612244897959 26.2922
3.11020408163265 15.0274
3.11428571428571 16.997
3.11836734693878 19.4583
3.12244897959184 14.982
3.1265306122449 16.1977
3.13061224489796 15.5838
3.13469387755102 0.0
3.13877551020408 3.63794
3.14285714285714 0.273963
3.1469387755102 11.5403
3.15102040816327 3.33645
3.15510204081633 1.97747
3.15918367346939 10.8896
3.16326530612245 21.7843
3.16734693877551 29.5434
3.17142857142857 12.8961
3.17551020408163 21.2061
3.17959183673469 26.1664
3.18367346938776 20.6345
3.18775510204082 40.2745
3.19183673469388 11.2729
3.19591836734694 34.1184
3.2 35.9021
3.20408163265306 115.655
3.20816326530612 135.838
3.21224489795918 182.232
3.21632653061224 258.712
3.22040816326531 254.212
3.22448979591837 242.39
3.22857142857143 205.653
3.23265306122449 174.905
3.23673469387755 138.761
3.24081632653061 109.051
3.24489795918367 78.8345
3.24897959183673 50.9459
3.2530612244898 31.9265
3.25714285714286 15.8763
3.26122448979592 7.84611
3.26530612244898 3.03065
3.26938775510204 4.22078
3.2734693877551 2.28092
3.27755102040816 1.84455
3.28163265306122 2.40671
3.28571428571429 2.3498
3.28979591836735 4.04037
3.29387755102041 6.59745
3.29795918367347 3.94738
3.30204081632653 11.4225
3.30612244897959 9.67745
3.31020408163265 6.00699
3.31428571428571 7.59259
3.31836734693878 3.03936
3.32244897959184 24.3149
3.3265306122449 3.94445
3.33061224489796 5.94122
3.33469387755102 8.19385
3.33877551020408 7.11269
3.34285714285714 0.226219
3.3469387755102 4.11571
3.35102040816327 14.9947
3.35510204081633 14.8644
3.35918367346939 17.1178
3.36326530612245 12.8457
3.36734693877551 7.09087
3.37142857142857 2.70052
3.37551020408163 7.80091
3.37959183673469 30.5633
3.38367346938776 28.7683
3.38775510204082 8.70153
3.39183673469388 16.6137
3.39591836734694 10.7767
3.4 9.08215
3.40408163265306 6.95189
3.40816326530612 12.2516
3.41224489795918 10.2516
3.41632653061225 3.68863
3.42040816326531 5.13466
3.42448979591837 6.1352
3.42857142857143 9.10732
3.43265306122449 17.4996
3.43673469387755 15.1147
3.44081632653061 14.9895
3.44489795918367 11.9737
3.44897959183673 0.731379
3.4530612244898 0.344408
3.45714285714286 0.723273
3.46122448979592 2.76346
3.46530612244898 3.17591
3.46938775510204 0.271407
3.4734693877551 0.127129
3.47755102040816 0.302695
3.48163265306122 2.77571
3.48571428571429 8.55505
3.48979591836735 2.36144
3.49387755102041 16.9637
3.49795918367347 5.71864
3.50204081632653 1.55867
3.50612244897959 5.49726
3.51020408163265 0.591005
3.51428571428571 7.67121
3.51836734693878 17.2321
3.52244897959184 18.9229
3.5265306122449 12.7786
3.53061224489796 1.03696
3.53469387755102 0.353768
3.53877551020408 0.439177
3.54285714285714 0.357469
3.5469387755102 9.75272
3.55102040816327 5.87004
3.55510204081633 12.5302
3.55918367346939 9.38189
3.56326530612245 6.94574
3.56734693877551 14.0526
3.57142857142857 7.95801
3.57551020408163 22.6373
3.57959183673469 21.3254
3.58367346938775 5.96243
3.58775510204082 11.3913
3.59183673469388 2.15052
3.59591836734694 2.29884
3.6 5.05025
3.60408163265306 6.10316
3.60816326530612 14.1732
3.61224489795918 5.29656
3.61632653061224 12.5751
3.62040816326531 10.8602
3.62448979591837 4.79561
3.62857142857143 7.98658
3.63265306122449 9.93466
3.63673469387755 2.47198
3.64081632653061 0.78251
3.64489795918367 0.0
3.64897959183673 2.14581
3.6530612244898 0.0
3.65714285714286 7.56973
3.66122448979592 13.9373
3.66530612244898 5.71545
3.66938775510204 8.20777
3.6734693877551 0.586102
3.67755102040816 5.81005
3.68163265306122 21.1687
3.68571428571429 37.9498
3.68979591836735 137.687
3.69387755102041 269.259
3.69795918367347 262.362
3.70204081632653 228.84
3.70612244897959 236.214
3.71020408163265 200.336
3.71428571428571 274.968
3.71836734693878 326.244
3.72244897959184 282.994
3.7265306122449 263.442
3.73061224489796 225.14
3.73469387755102 176.751
3.73877551020408 132.837
3.74285714285714 95.1266
3.7469387755102 64.436
3.75102040816327 43.5184
3.75510204081633 25.7807
3.75918367346939 18.0112
3.76326530612245 10.7038
3.76734693877551 3.33452
3.77142857142857 0.0
3.77551020408163 0.0
3.77959183673469 0.0
3.78367346938776 0.0
3.78775510204082 0.971586
3.79183673469388 0.0
3.79591836734694 3.54906
3.8 0.706951
3.80408163265306 10.8418
3.80816326530612 17.9656
3.81224489795918 38.6241
3.81632653061224 38.6368
3.82040816326531 28.3751
3.82448979591837 25.5731
3.82857142857143 18.909
3.83265306122449 13.0455
3.83673469387755 7.75684
3.84081632653061 4.07734
3.84489795918367 0.495871
3.84897959183673 1.36978
3.8530612244898 0.0
3.85714285714286 0.0
3.86122448979592 0.0178218
3.86530612244898 6.98024
3.86938775510204 13.2079
3.8734693877551 14.5776
3.87755102040816 14.7935
3.88163265306122 11.5722
3.88571428571429 6.22348
3.88979591836735 0.407318
3.89387755102041 0.0
3.89795918367347 0.0
3.90204081632653 0.0
3.90612244897959 0.0
3.91020408163265 0.0
3.91428571428571 0.439247
3.91836734693878 0.588179
3.92244897959184 50.8537
3.9265306122449 64.7963
3.93061224489796 56.4287
3.93469387755102 66.6494
3.93877551020408 76.6296
3.94285714285714 88.3415
3.9469387755102 91.1407
3.95102040816327 108.27
3.95510204081633 150.291
3.95918367346939 166.39
3.96326530612245 188.608
3.96734693877551 214.76
3.97142857142857 250.518
3.97551020408163 274.19
3.97959183673469 294.889
3.98367346938775 294.266
3.98775510204082 271.559
3.99183673469388 236.248
3.99591836734694 193.93
4.0 151.394
4.00408163265306 112.666
4.00816326530612 78.6168
4.01224489795918 52.2903
4.01632653061225 30.6101
4.02040816326531 15.3517
4.02448979591837 5.9159
4.02857142857143 2.58632
4.03265306122449 1.33654
4.03673469387755 0.749523
4.04081632653061 0.968285
4.04489795918367 0.810004
4.04897959183673 0.635921
4.0530612244898 1.03496
4.05714285714286 8.70122
4.06122448979592 4.73276
4.06530612244898 20.7196
4.06938775510204 19.3348
4.0734693877551 16.2135
4.07755102040816 16.7721
4.08163265306122 20.9487
4.08571428571429 45.5011
4.08979591836735 48.0069
4.09387755102041 42.7348
4.09795918367347 40.8956
4.10204081632653 10.7139
4.10612244897959 13.1439
4.11020408163265 26.3848
4.11428571428571 30.7646
4.11836734693878 38.2231
4.12244897959184 11.6555
4.1265306122449 1.42879
4.13061224489796 1.5672
4.13469387755102 0.368909
4.13877551020408 6.49261
4.14285714285714 4.88803
4.1469387755102 8.75214
4.15102040816326 11.4846
4.15510204081633 9.98198
4.15918367346939 25.3281
4.16326530612245 24.9751
4.16734693877551 46.9893
4.17142857142857 48.1468
4.17551020408163 29.3766
4.17959183673469 50.7057
4.18367346938776 62.7675
4.18775510204082 73.1386
4.19183673469388 90.574
4.19591836734694 103.284
4.2 109.927
4.20408163265306 125.267
4.20816326530612 100.856
4.21224489795918 93.829
4.21632653061225 82.7168
4.22040816326531 70.5673
4.22448979591837 57.7427
4.22857142857143 57.0831
4.23265306122449 44.8776
4.23673469387755 155.266
4.24081632653061 161.163
4.24489795918367 215.291
4.24897959183673 270.479
4.2530612244898 281.035
4.25714285714286 270.114
4.26122448979592 234.289
4.26530612244898 192.877
4.26938775510204 160.559
4.2734693877551 116.606
4.27755102040816 84.9511
4.28163265306122 60.2773
4.28571428571429 40.4075
4.28979591836735 20.8904
4.29387755102041 9.12982
4.29795918367347 8.55986
4.30204081632653 0.0
4.30612244897959 0.0730827
4.31020408163265 1.2973
4.31428571428571 4.61812
4.31836734693878 6.65015
4.32244897959184 8.77092
4.3265306122449 8.50502
4.33061224489796 10.1087
4.33469387755102 9.95586
4.33877551020408 10.8724
4.34285714285714 13.2128
4.3469387755102 16.8175
4.35102040816327 12.7536
4.35510204081633 11.687
4.35918367346939 9.85805
4.36326530612245 20.7103
4.36734693877551 7.7154
4.37142857142857 8.36512
4.37551020408163 7.95498
4.37959183673469 7.00129
4.38367346938776 38.6818
4.38775510204082 33.2437
4.39183673469388 13.6235
4.39591836734694 63.3109
4.4 58.8607
4.40408163265306 80.9431
4.40816326530612 50.681
4.41224489795918 54.9021
4.41632653061224 61.8928
4.42040816326531 52.1267
4.42448979591837 49.6384
4.42857142857143 57.2619
4.43265306122449 52.7875
4.43673469387755 35.6227
4.44081632653061 63.6413
4.44489795918367 21.3933
4.44897959183673 17.8049
4.4530612244898 30.3602
4.45714285714286 2.12797
4.46122448979592 14.6254
4.46530612244898 16.5936
4.46938775510204 0.099798
4.4734693877551 17.7212
4.47755102040816 6.65597
4.48163265306122 60.3709
4.48571428571429 4.8336
4.48979591836735 2.78443
4.49387755102041 28.5003
4.49795918367347 0.0
4.50204081632653 6.202
4.50612244897959 76.0877
4.51020408163265 54.759
4.51428571428571 69.4862
4.51836734693878 78.1032
4.52244897959184 89.0782
4.5265306122449 121.369
4.53061224489796 138.484
4.53469387755102 125.019
4.53877551020408 108.097
4.54285714285714 92.472
4.5469387755102 70.7002
4.55102040816327 49.2547
4.55510204081633 32.1144
4.55918367346939 21.2204
4.56326530612245 10.8225
4.56734693877551 2.59503
4.57142857142857 0.0
4.57551020408163 0.157744
4.57959183673469 0.421246
4.58367346938776 0.667294
4.58775510204082 0.812203
4.59183673469388 0.896573
4.59591836734694 1.08251
4.6 24.331
4.60408163265306 157.757
4.60816326530612 216.034
4.61224489795918 335.448
4.61632653061224 341.627
4.62040816326531 318.348
4.62448979591837 344.923
4.62857142857143 303.824
4.63265306122449 255.975
4.63673469387755 210.696
4.64081632653061 161.648
4.64489795918367 119.937
4.64897959183673 78.8031
4.6530612244898 47.1888
4.65714285714286 31.9405
4.66122448979592 17.7825
4.66530612244898 8.68978
4.66938775510204 5.21265
4.6734693877551 3.82403
4.67755102040816 2.81662
4.68163265306122 2.16597
4.68571428571429 2.06868
4.68979591836735 0.694374
4.69387755102041 0.950187
4.69795918367347 0.350128
4.70204081632653 6.75677
4.70612244897959 13.9473
4.71020408163265 17.5746
4.71428571428571 21.1374
4.71836734693878 26.3266
4.72244897959184 62.1005
4.7265306122449 74.6174
4.73061224489796 102.544
4.73469387755102 109.274
4.73877551020408 130.339
4.74285714285714 138.777
4.7469387755102 166.559
4.75102040816327 166.794
4.75510204081633 156.198
4.75918367346939 145.91
4.76326530612245 142.492
4.76734693877551 132.036
4.77142857142857 105.876
4.77551020408163 78.1925
4.77959183673469 50.5406
4.78367346938775 32.871
4.78775510204082 18.8295
4.79183673469388 8.27583
4.79591836734694 0.0430743
4.8 0.0
4.80408163265306 0.0
4.80816326530612 0.0
4.81224489795918 0.0
4.81632653061224 0.0
4.82040816326531 0.0
4.82448979591837 32.6569
4.82857142857143 41.0478
4.83265306122449 35.1433
4.83673469387755 25.4883
4.84081632653061 18.9406
4.84489795918367 10.4271
4.84897959183674 0.386556
4.8530612244898 0.0
4.85714285714286 0.0
4.86122448979592 0.0
4.86530612244898 0.0
4.86938775510204 0.0
4.8734693877551 0.0
4.87755102040816 0.0
4.88163265306122 0.705873
4.88571428571429 1.00294
4.88979591836735 0.0
4.89387755102041 0.0
4.89795918367347 0.0
4.90204081632653 0.0
4.90612244897959 1.11373
4.91020408163265 1.62584
4.91428571428571 1.38114
4.91836734693878 1.05808
4.92244897959184 2.49936
4.9265306122449 1.29019
4.93061224489796 1.46187
4.93469387755102 21.3106
4.93877551020408 32.5747
4.94285714285714 20.1719
4.9469387755102 21.0669
4.95102040816327 24.2579
4.95510204081633 8.7578
4.95918367346939 2.55389
4.96326530612245 1.99099
4.96734693877551 3.6551
4.97142857142857 2.84365
4.97551020408163 3.13222
4.97959183673469 6.9637
4.98367346938775 49.4515
4.98775510204082 253.685
4.99183673469388 300.752
4.99591836734694 448.325
5.0 455.297
5.00408163265306 493.124
5.00816326530612 448.885
5.01224489795918 435.003
5.01632653061225 359.841
5.02040816326531 321.08
5.02448979591837 255.949
5.02857142857143 209.797
5.03265306122449 166.467
5.03673469387755 128.769
5.04081632653061 90.4616
5.04489795918367 66.7541
5.04897959183673 41.534
5.0530612244898 26.5195
5.05714285714286 16.8324
5.06122448979592 10.3275
5.06530612244898 6.44355
5.06938775510204 3.19698
5.0734693877551 1.89568
5.07755102040816 2.2124
5.08163265306122 3.08948
5.08571428571429 4.27396
5.08979591836735 16.1635
5.09387755102041 3.37139
5.09795918367347 29.9234
5.10204081632653 1.60342
5.10612244897959 47.5601
5.11020408163265 0.470142
5.11428571428571 39.6021
5.11836734693878 0.363832
5.12244897959184 16.4176
5.1265306122449 14.3913
5.13061224489796 41.633
5.13469387755102 33.1248
5.13877551020408 6.96512
5.14285714285714 11.3779
5.1469387755102 19.82
5.15102040816326 4.67458
5.15510204081633 16.4473
5.15918367346939 4.2858
5.16326530612245 105.92
5.16734693877551 0.637551
5.17142857142857 129.911
5.17551020408163 34.8047
5.17959183673469 59.0436
5.18367346938776 68.9604
5.18775510204082 23.5364
5.19183673469388 32.0037
5.19591836734694 31.3388
5.2 7.74208
5.20408163265306 0.424594
5.20816326530612 1.87669
5.21224489795918 8.37353
5.21632653061225 0.0
5.22040816326531 0.668158
5.22448979591837 1.10807
5.22857142857143 0.506165
5.23265306122449 0.815963
5.23673469387755 0.617507
5.24081632653061 36.1138
5.24489795918367 0.327739
5.24897959183673 21.7242
5.2530612244898 15.6113
5.25714285714286 56.2523
5.26122448979592 49.207
5.26530612244898 16.1385
5.26938775510204 0.256568
5.2734693877551 52.5167
5.27755102040816 125.3
5.28163265306122 103.729
5.28571428571429 152.649
5.28979591836735 155.614
5.29387755102041 171.889
5.29795918367347 118.512
5.30204081632653 129.762
5.30612244897959 136.711
5.31020408163265 95.9802
5.31428571428571 88.0144
5.31836734693878 67.0944
5.32244897959184 58.3599
5.3265306122449 41.259
5.33061224489796 32.7532
5.33469387755102 29.3423
5.33877551020408 28.396
5.34285714285714 34.1398
5.3469387755102 36.1625
5.35102040816327 33.813
5.35510204081633 31.0202
5.35918367346939 25.7798
5.36326530612245 20.8061
5.36734693877551 35.9558
5.37142857142857 34.7959
5.37551020408163 30.5374
5.37959183673469 11.8509
5.38367346938776 10.7575
5.38775510204082 8.20828
5.39183673469388 8.61528
5.39591836734694 9.27503
5.4 18.7957
5.40408163265306 22.9194
5.40816326530612 40.0197
5.41224489795918 30.0377
5.41632653061224 9.78925
5.42040816326531 41.8295
5.42448979591837 8.68212
5.42857142857143 24.9312
5.43265306122449 18.6843
5.43673469387755 22.8819
5.44081632653061 17.0113
5.44489795918367 23.8422
5.44897959183673 8.65481
5.4530612244898 4.19855
5.45714285714286 16.6722
5.46122448979592 3.74216
5.46530612244898 9.14394
5.46938775510204 45.7836
5.4734693877551 9.7135
5.47755102040816 3.15883
5.48163265306122 4.61123
5.48571428571429 10.789
5.48979591836735 12.401
5.49387755102041 8.82184
5.49795918367347 15.5993
5.50204081632653 57.4424
5.50612244897959 0.74781
5.51020408163265 0.167946
5.51428571428571 17.321
5.51836734693878 19.7725
5.52244897959184 0.295808
5.5265306122449 6.95286
5.53061224489796 4.87315
5.53469387755102 0.303566
5.53877551020408 9.40437
5.54285714285714 2.32349
5.5469387755102 0.448843
5.55102040816327 27.1195
5.55510204081633 0.580887
5.55918367346939 0.635256
5.56326530612245 0.780463
5.56734693877551 0.452926
5.57142857142857 0.565509
5.57551020408163 0.078847
5.57959183673469 12.0404
5.58367346938776 44.0369
5.58775510204082 7.94945
5.59183673469388 13.083
5.59591836734694 25.6789
5.6 39.0915
5.60408163265306 15.9262
5.60816326530612 15.5332
5.61224489795918 24.8663
5.61632653061224 27.7809
5.62040816326531 41.3818
5.62448979591837 31.1116
5.62857142857143 20.0598
5.63265306122449 67.3602
5.63673469387755 9.32384
5.64081632653061 10.0421
5.64489795918367 7.98085
5.64897959183673 5.15069
5.6530612244898 3.15184
5.65714285714286 2.5437
5.66122448979592 11.2254
5.66530612244898 18.9143
5.66938775510204 12.558
5.6734693877551 20.4056
5.67755102040816 6.37208
5.68163265306122 27.2541
5.68571428571429 7.23734
5.68979591836735 9.79801
5.69387755102041 2.01579
5.69795918367347 1.8004
5.70204081632653 18.9081
5.70612244897959 13.0466
5.71020408163265 8.85962
5.71428571428571 50.7191
5.71836734693878 11.454
5.72244897959184 6.63164
5.7265306122449 18.3797
5.73061224489796 18.3409
5.73469387755102 0.637035
5.73877551020408 8.25064
5.74285714285714 5.01893
5.7469387755102 27.0243
5.75102040816327 27.5648
5.75510204081633 47.7646
5.75918367346939 67.6849
5.76326530612245 63.7151
5.76734693877551 72.5768
5.77142857142857 59.9626
5.77551020408163 47.0941
5.77959183673469 40.4247
5.78367346938775 31.8452
5.78775510204082 39.4556
5.79183673469388 126.031
5.79591836734694 207.327
5.8 297.102
5.80408163265306 262.556
5.80816326530612 396.338
5.81224489795918 385.89
5.81632653061224 345.72
5.82040816326531 306.858
5.82448979591837 258.686
5.82857142857143 210.992
5.83265306122449 167.353
5.83673469387755 127.483
5.84081632653061 87.686
5.84489795918367 55.8243
5.84897959183674 29.404
5.8530612244898 17.3868
5.85714285714286 12.1319
5.86122448979592 11.1283
5.86530612244898 8.94425
5.86938775510204 5.49556
5.8734693877551 1.87715
5.87755102040816 0.0
5.88163265306122 0.0
5.88571428571429 0.0
5.88979591836735 2.47445
5.89387755102041 14.5671
5.89795918367347 25.6594
5.90204081632653 33.3887
5.90612244897959 34.7098
5.91020408163265 33.5013
5.91428571428571 29.5991
5.91836734693878 24.1451
5.92244897959184 17.3456
5.9265306122449 12.7906
5.93061224489796 9.85822
5.93469387755102 6.53306
5.93877551020408 4.16994
5.94285714285714 21.2481
5.9469387755102 26.9615
5.95102040816327 21.4483
5.95510204081633 24.5922
5.95918367346939 18.1181
5.96326530612245 9.24443
5.96734693877551 1.15079
5.97142857142857 0.0
5.97551020408163 0.0
5.97959183673469 0.808954
5.98367346938775 0.0
5.98775510204082 0.0
5.99183673469388 4.06171
5.99591836734694 8.46088
6.0 13.3911
6.00408163265306 15.5127
6.00816326530612 15.7799
6.01224489795918 14.9667
6.01632653061225 13.1067
6.02040816326531 13.7555
6.02448979591837 29.5279
6.02857142857143 36.2839
6.03265306122449 53.0586
6.03673469387755 55.4209
6.04081632653061 46.8813
6.04489795918367 47.9636
6.04897959183673 47.4379
6.0530612244898 59.1984
6.05714285714286 70.0013
6.06122448979592 101.162
6.06530612244898 122.749
6.06938775510204 144.277
6.0734693877551 148.7
6.07755102040816 156.959
6.08163265306122 166.516
6.08571428571429 152.718
6.08979591836735 144.065
6.09387755102041 111.621
6.09795918367347 119.877
6.10204081632653 120.783
6.10612244897959 240.246
6.11020408163265 247.025
6.11428571428571 152.101
6.11836734693878 199.36
6.12244897959184 221.361
6.1265306122449 169.683
6.13061224489796 130.539
6.13469387755102 112.198
6.13877551020408 102.951
6.14285714285714 79.0816
6.1469387755102 60.0509
6.15102040816326 49.9958
6.15510204081633 37.9724
6.15918367346939 22.7903
6.16326530612245 15.9655
6.16734693877551 10.4157
6.17142857142857 6.02041
6.17551020408163 3.79919
6.17959183673469 0.899817
6.18367346938776 0.508232
6.18775510204082 6.56149
6.19183673469388 0.561587
6.19591836734694 5.80579
6.2 0.583487
6.20408163265306 3.04059
6.20816326530612 7.23319
6.21224489795918 0.626191
6.21632653061225 4.39255
6.22040816326531 29.1616
6.22448979591837 25.5841
6.22857142857143 58.2541
6.23265306122449 37.465
6.23673469387755 30.743
6.24081632653061 33.9944
6.24489795918367 42.403
6.24897959183673 38.1123
6.2530612244898 29.7925
6.25714285714286 4.04765
6.26122448979592 3.55628
6.26530612244898 11.756
6.26938775510204 23.7313
6.2734693877551 58.0598
6.27755102040816 97.1438
6.28163265306122 73.9348
6.28571428571429 112.113
6.28979591836735 89.366
6.29387755102041 168.656
6.29795918367347 95.9092
6.30204081632653 135.709
6.30612244897959 110.715
6.31020408163265 99.427
6.31428571428571 90.4089
6.31836734693878 62.7229
6.32244897959184 60.7566
6.3265306122449 29.7013
6.33061224489796 38.9427
6.33469387755102 90.6882
6.33877551020408 113.969
6.34285714285714 201.163
6.3469387755102 210.698
6.35102040816327 309.879
6.35510204081633 359.753
6.35918367346939 366.792
6.36326530612245 320.448
6.36734693877551 295.279
6.37142857142857 254.671
6.37551020408163 201.391
6.37959183673469 166.438
6.38367346938776 112.056
6.38775510204082 85.9583
6.39183673469388 60.5597
6.39591836734694 30.1596
6.4 18.366
6.40408163265306 7.13508
6.40816326530612 4.95586
6.41224489795918 3.56178
6.41632653061224 2.57744
6.42040816326531 1.65479
6.42448979591837 5.84695
6.42857142857143 9.86751
6.43265306122449 18.466
6.43673469387755 7.36224
6.44081632653061 13.5365
6.44489795918367 11.4032
6.44897959183673 9.47766
6.4530612244898 6.99443
6.45714285714286 4.53458
6.46122448979592 2.2251
6.46530612244898 0.961895
6.46938775510204 9.18859
6.4734693877551 9.49558
6.47755102040816 127.643
6.48163265306122 81.8103
6.48571428571429 55.7084
6.48979591836735 108.257
6.49387755102041 44.6573
6.49795918367347 120.021
6.50204081632653 17.6289
6.50612244897959 56.2283
6.51020408163265 62.4967
6.51428571428571 30.6174
6.51836734693878 60.0658
6.52244897959184 27.7332
6.5265306122449 43.0081
6.53061224489796 34.6862
6.53469387755102 97.3719
6.53877551020408 28.3619
6.54285714285714 46.087
6.5469387755102 11.9151
6.55102040816327 8.3078
6.55510204081633 37.1559
6.55918367346939 0.0
6.56326530612245 0.0
6.56734693877551 0.0
6.57142857142857 33.0158
6.57551020408163 14.7876
6.57959183673469 49.8531
6.58367346938776 29.6082
6.58775510204082 73.8443
6.59183673469388 10.3061
6.59591836734694 3.19141
6.6 26.5801
6.60408163265306 44.0414
6.60816326530612 61.0297
6.61224489795918 53.0091
6.61632653061224 88.6624
6.62040816326531 137.148
6.62448979591837 109.732
6.62857142857143 107.369
6.63265306122449 90.1175
6.63673469387755 64.6064
6.64081632653061 51.7918
6.64489795918367 35.495
6.64897959183673 31.3808
6.6530612244898 8.58557
6.65714285714286 7.95704
6.66122448979592 0.39657
6.66530612244898 0.0
6.66938775510204 0.0
6.6734693877551 0.0
6.67755102040816 11.1008
6.68163265306122 9.4045
6.68571428571429 35.6104
6.68979591836735 149.691
6.69387755102041 165.302
6.69795918367347 213.88
6.70204081632653 250.569
6.70612244897959 258.13
6.71020408163265 246.465
6.71428571428571 207.586
6.71836734693878 177.372
6.72244897959184 140.972
6.7265306122449 106.034
6.73061224489796 74.0981
6.73469387755102 45.3418
6.73877551020408 23.1002
6.74285714285714 13.2454
6.7469387755102 7.20737
6.75102040816327 4.25452
6.75510204081633 2.60054
6.75918367346939 1.13104
6.76326530612245 0.823498
6.76734693877551 0.392993
6.77142857142857 0.0
6.77551020408163 0.0
6.77959183673469 0.0
6.78367346938775 0.268857
6.78775510204082 0.573794
6.79183673469388 0.112375
6.79591836734694 1.16106
6.8 56.0364
6.80408163265306 71.6124
6.80816326530612 84.5332
6.81224489795918 72.1804
6.81632653061224 67.873
6.82040816326531 62.4332
6.82448979591837 52.1314
6.82857142857143 47.5707
6.83265306122449 23.874
6.83673469387755 41.7611
6.84081632653061 67.7816
6.84489795918367 102.409
6.84897959183674 126.517
6.8530612244898 136.86
6.85714285714286 128.361
6.86122448979592 109.863
6.86530612244898 89.9672
6.86938775510204 62.0459
6.8734693877551 34.1339
6.87755102040816 7.22587
6.88163265306122 2.91157
6.88571428571429 0.0
6.88979591836735 0.0
6.89387755102041 0.0
6.89795918367347 0.0
6.90204081632653 0.0
6.90612244897959 0.0
6.91020408163265 0.0
6.91428571428571 0.0
6.91836734693878 0.0
6.92244897959184 17.2561
6.9265306122449 45.6343
6.93061224489796 19.7325
6.93469387755102 22.4785
6.93877551020408 27.1616
6.94285714285714 22.7405
6.9469387755102 22.5163
6.95102040816327 21.5634
6.95510204081633 19.1951
6.95918367346939 20.671
6.96326530612245 20.4003
6.96734693877551 17.8796
6.97142857142857 8.48869
6.97551020408163 6.84834
6.97959183673469 3.98942
6.98367346938775 0.842988
6.98775510204082 0.325084
6.99183673469388 0.0
6.99591836734694 0.0
7.0 0.0
7.00408163265306 0.0
7.00816326530612 0.0
7.01224489795918 0.0
7.01632653061225 0.0
7.02040816326531 0.0
7.02448979591837 0.0
7.02857142857143 0.0
7.03265306122449 0.0
7.03673469387755 0.966787
7.04081632653061 12.5337
7.04489795918367 33.4109
7.04897959183673 48.1311
7.0530612244898 58.285
7.05714285714286 62.9947
7.06122448979592 52.075
7.06530612244898 54.4026
7.06938775510204 52.1198
7.0734693877551 88.1536
7.07755102040816 97.0373
7.08163265306122 196.872
7.08571428571429 234.238
7.08979591836735 225.016
7.09387755102041 237.55
7.09795918367347 228.721
7.10204081632653 207.196
7.10612244897959 184.017
7.11020408163265 157.697
7.11428571428571 134.468
7.11836734693878 108.955
7.12244897959184 94.0406
7.1265306122449 78.6724
7.13061224489796 63.6988
7.13469387755102 55.2506
7.13877551020408 53.3673
7.14285714285714 44.5355
7.1469387755102 58.8735
7.15102040816326 56.2546
7.15510204081633 37.0303
7.15918367346939 30.1852
7.16326530612245 24.6653
7.16734693877551 17.7525
7.17142857142857 11.2679
7.17551020408163 5.39031
7.17959183673469 2.98969
7.18367346938776 2.04526
7.18775510204082 1.55437
7.19183673469388 1.11733
7.19591836734694 0.767698
7.2 0.414908
7.20408163265306 0.305653
7.20816326530612 0.11
7.21224489795918 0.329912
7.21632653061225 25.363
7.22040816326531 0.206411
7.22448979591837 0.234654
7.22857142857143 116.915
7.23265306122449 62.7695
7.23673469387755 0.327607
7.24081632653061 0.439217
7.24489795918367 11.7903
7.24897959183673 176.389
7.2530612244898 0.629236
7.25714285714286 6.08313
7.26122448979592 33.4815
7.26530612244898 13.5412
7.26938775510204 28.9839
7.2734693877551 6.68929
7.27755102040816 18.7123
7.28163265306122 1.06026
7.28571428571429 1.19642
7.28979591836735 1.30186
7.29387755102041 233.436
7.29795918367347 1.47723
7.30204081632653 1.53686
7.30612244897959 176.96
7.31020408163265 106.135
7.31428571428571 1.41602
7.31836734693878 70.777
7.32244897959184 28.3483
7.3265306122449 48.1949
7.33061224489796 49.5207
7.33469387755102 107.992
7.33877551020408 66.6286
7.34285714285714 29.1805
7.3469387755102 105.321
7.35102040816327 150.175
7.35510204081633 105.646
7.35918367346939 124.73
7.36326530612245 118.394
7.36734693877551 99.2618
7.37142857142857 113.565
7.37551020408163 98.345
7.37959183673469 93.9756
7.38367346938776 79.0276
7.38775510204082 73.1971
7.39183673469388 63.014
7.39591836734694 43.5096
7.4 41.9905
7.40408163265306 17.8044
7.40816326530612 13.1725
7.41224489795918 11.3286
7.41632653061224 5.22193
7.42040816326531 0.0271201
7.42448979591837 0.0
7.42857142857143 0.0
7.43265306122449 0.0
7.43673469387755 0.14473
7.44081632653061 5.88647
7.44489795918367 0.341644
7.44897959183673 28.8451
7.4530612244898 14.7566
7.45714285714286 11.0726
7.46122448979592 12.9928
7.46530612244898 0.903311
7.46938775510204 0.0
7.4734693877551 0.231435
7.47755102040816 0.0
7.48163265306122 8.52002
7.48571428571429 25.7673
7.48979591836735 27.5761
7.49387755102041 20.5307
7.49795918367347 13.7551
7.50204081632653 11.5198
7.50612244897959 21.7091
7.51020408163265 7.16693
7.51428571428571 3.77597
7.51836734693878 6.04737
7.52244897959184 7.00118
7.5265306122449 1.28292
7.53061224489796 4.8775
7.53469387755102 0.207663
7.53877551020408 6.80658
7.54285714285714 68.9234
7.5469387755102 71.4775
7.55102040816327 74.7297
7.55510204081633 78.8421
7.55918367346939 80.6856
7.56326530612245 67.4974
7.56734693877551 52.0621
7.57142857142857 40.4104
7.57551020408163 24.5478
7.57959183673469 10.5591
7.58367346938776 3.72056
7.58775510204082 6.58337
7.59183673469388 7.7726
7.59591836734694 7.39829
7.6 4.8914
7.60408163265306 12.9786
7.60816326530612 44.4208
7.61224489795918 144.826
7.61632653061224 164.765
7.62040816326531 226.42
7.62448979591837 237.316
7.62857142857143 265.913
7.63265306122449 263.523
7.63673469387755 234.903
7.64081632653061 201.159
7.64489795918367 164.507
7.64897959183673 127.475
7.6530612244898 105.752
7.65714285714286 77.3277
7.66122448979592 52.5641
7.66530612244898 38.8244
7.66938775510204 26.1258
7.6734693877551 18.2907
7.67755102040816 12.8679
7.68163265306122 9.18463
7.68571428571429 3.98626
7.68979591836735 3.82651
7.69387755102041 2.4741
7.69795918367347 2.06914
7.70204081632653 1.45015
7.70612244897959 0.482808
7.71020408163265 0.0218848
7.71428571428571 1.61124
7.71836734693878 0.0
7.72244897959184 0.193785
7.7265306122449 30.9172
7.73061224489796 0.549505
7.73469387755102 2.01069
7.73877551020408 1.13652
7.74285714285714 3.3697
7.7469387755102 42.9173
7.75102040816327 26.0715
7.75510204081633 50.4536
7.75918367346939 33.0006
7.76326530612245 25.538
7.76734693877551 23.7301
7.77142857142857 15.0698
7.77551020408163 14.9621
7.77959183673469 26.8796
7.78367346938775 11.0473
7.78775510204082 13.2136
7.79183673469388 17.834
7.79591836734694 4.12114
7.8 6.70544
7.80408163265306 1.00359
7.80816326530612 5.01629
7.81224489795918 34.2569
7.81632653061224 4.06656
7.82040816326531 9.02792
7.82448979591837 4.22414
7.82857142857143 0.242015
7.83265306122449 0.0
7.83673469387755 16.3932
7.84081632653061 0.830531
7.84489795918367 33.9187
7.84897959183674 7.51204
7.8530612244898 17.4037
7.85714285714286 29.6524
7.86122448979592 39.1489
7.86530612244898 64.4806
7.86938775510204 99.4592
7.8734693877551 80.1909
7.87755102040816 86.4383
7.88163265306122 54.895
7.88571428571429 37.9077
7.88979591836735 20.89
7.89387755102041 1.70692
7.89795918367347 3.68174
7.90204081632653 2.02598
7.90612244897959 0.181725
7.91020408163265 3.98447
7.91428571428571 0.507941
7.91836734693878 0.0
7.92244897959184 0.334684
7.9265306122449 0.728684
7.93061224489796 20.7821
7.93469387755102 38.6742
7.93877551020408 25.5218
7.94285714285714 18.7114
7.9469387755102 19.7929
7.95102040816327 22.2697
7.95510204081633 14.6081
7.95918367346939 0.635942
7.96326530612245 9.02377
7.96734693877551 1.29777
7.97142857142857 0.312922
7.97551020408163 0.578957
7.97959183673469 3.06624
7.98367346938775 0.0
7.98775510204082 8.89825
7.99183673469388 0.895758
7.99591836734694 29.0619
8.0 23.7038
8.00408163265306 15.5262
8.00816326530612 47.309
8.01224489795918 2.11307
8.01632653061225 19.132
8.02040816326531 5.35345
8.02448979591837 2.86782
8.02857142857143 22.7118
8.03265306122449 5.70454
8.03673469387755 10.8193
8.04081632653061 28.9192
8.04489795918367 1.17977
8.04897959183674 0.924716
8.0530612244898 16.1076
8.05714285714286 8.54289
8.06122448979592 16.8715
8.06530612244898 20.7939
8.06938775510204 38.3945
8.0734693877551 28.9781
8.07755102040816 19.597
8.08163265306122 24.7278
8.08571428571429 44.3806
8.08979591836735 62.8316
8.09387755102041 70.4206
8.09795918367347 44.7068
8.10204081632653 57.075
8.10612244897959 78.9309
8.11020408163265 68.1014
8.11428571428571 93.6724
8.11836734693878 86.9119
8.12244897959184 122.653
8.1265306122449 158.724
8.13061224489796 153.488
8.13469387755102 135.685
8.13877551020408 128.787
8.14285714285714 107.578
8.1469387755102 78.6245
8.15102040816327 72.6559
8.15510204081633 58.2987
8.15918367346939 40.0205
8.16326530612245 27.8045
8.16734693877551 23.5642
8.17142857142857 18.9052
8.17551020408163 15.095
8.17959183673469 11.7715
8.18367346938776 8.37598
8.18775510204082 5.42943
8.19183673469388 2.81739
8.19591836734694 6.00001
8.2 4.03803
8.20408163265306 1.19227
8.20816326530612 1.61117
8.21224489795918 6.95346
8.21632653061224 48.3193
8.22040816326531 33.2199
8.22448979591837 0.260004
8.22857142857143 14.2385
8.23265306122449 38.6133
8.23673469387755 85.8925
8.24081632653061 82.8229
8.24489795918367 56.005
8.24897959183673 29.1755
8.2530612244898 21.6747
8.25714285714286 6.87412
8.26122448979592 1.78279
8.26530612244898 56.8098
8.26938775510204 9.87374
8.2734693877551 114.794
8.27755102040816 42.792
8.28163265306122 33.1163
8.28571428571429 22.3674
8.28979591836735 51.1781
8.29387755102041 29.2295
8.29795918367347 41.0278
8.30204081632653 3.1016
8.30612244897959 82.79
8.31020408163265 40.5523
8.31428571428571 72.2823
8.31836734693877 58.1562
8.32244897959184 75.6767
8.3265306122449 60.6704
8.33061224489796 80.0196
8.33469387755102 240.321
8.33877551020408 91.8042
8.34285714285714 165.284
8.3469387755102 243.293
8.35102040816327 215.589
8.35510204081633 391.342
8.35918367346939 314.181
8.36326530612245 350.7
8.36734693877551 266.499
8.37142857142857 268.641
8.37551020408163 245.743
8.37959183673469 215.781
8.38367346938776 183.292
8.38775510204082 138.589
8.39183673469388 110.21
8.39591836734694 78.2097
8.4 53.0452
8.40408163265306 37.731
8.40816326530612 28.9645
8.41224489795918 21.3141
8.41632653061225 15.2769
8.42040816326531 13.2775
8.42448979591837 7.89589
8.42857142857143 6.98931
8.43265306122449 4.21939
8.43673469387755 4.31565
8.44081632653061 4.54919
8.44489795918367 18.7552
8.44897959183673 4.0798
8.4530612244898 3.55534
8.45714285714286 2.81531
8.46122448979592 1.94337
8.46530612244898 0.989179
8.46938775510204 0.23373
8.4734693877551 0.0782808
8.47755102040816 0.0
8.48163265306122 0.0
8.48571428571429 0.0
8.48979591836735 32.0339
8.49387755102041 43.609
8.49795918367347 126.227
8.50204081632653 11.0501
8.50612244897959 4.95987
8.51020408163265 64.0967
8.51428571428571 1.93019
8.51836734693878 30.717
8.52244897959184 0.148774
8.5265306122449 92.5804
8.53061224489796 0.57993
8.53469387755102 65.1541
8.53877551020408 70.4828
8.54285714285714 137.519
8.5469387755102 9.51881
8.55102040816327 100.814
8.55510204081633 67.2376
8.55918367346939 92.5117
8.56326530612245 84.6622
8.56734693877551 47.1586
8.57142857142857 40.4433
8.57551020408163 28.3245
8.57959183673469 32.6638
8.58367346938775 17.071
8.58775510204082 53.418
8.59183673469388 71.4439
8.59591836734694 30.0802
8.6 1.50008
8.60408163265306 13.2716
8.60816326530612 39.6196
8.61224489795918 1.07529
8.61632653061224 19.8907
8.62040816326531 54.4324
8.62448979591837 71.397
8.62857142857143 99.4314
8.63265306122449 109.921
8.63673469387755 82.8987
8.64081632653061 90.8922
8.64489795918367 70.8807
8.64897959183673 59.0864
8.6530612244898 40.4121
8.65714285714286 29.6632
8.66122448979592 19.3688
8.66530612244898 11.6903
8.66938775510204 8.71495
8.6734693877551 3.94245
8.67755102040816 1.77928
8.68163265306123 0.185768
8.68571428571429 0.0
8.68979591836735 0.0
8.69387755102041 13.5578
8.69795918367347 0.0
8.70204081632653 30.7066
8.70612244897959 51.8635
8.71020408163265 59.7492
8.71428571428571 125.43
8.71836734693878 172.346
8.72244897959184 222.91
8.7265306122449 213.306
8.73061224489796 199.534
8.73469387755102 170.555
8.73877551020408 136.357
8.74285714285714 105.059
8.7469387755102 77.5047
8.75102040816327 50.9835
8.75510204081633 26.0396
8.75918367346939 10.2949
8.76326530612245 5.13742
8.76734693877551 2.37647
8.77142857142857 0.965218
8.77551020408163 0.201782
8.77959183673469 0.0
8.78367346938776 0.0
8.78775510204082 0.0
8.79183673469388 0.0
8.79591836734694 0.0
8.8 0.0
8.80408163265306 1.88899
8.80816326530612 4.31426
8.81224489795918 3.38205
8.81632653061224 4.14563
8.82040816326531 4.55659
8.82448979591837 87.7476
8.82857142857143 100.244
8.83265306122449 47.4435
8.83673469387755 81.3536
8.84081632653061 86.4637
8.84489795918367 90.0095
8.84897959183673 64.7222
8.8530612244898 62.5237
8.85714285714286 51.4703
8.86122448979592 34.5345
8.86530612244898 19.6807
8.86938775510204 12.6589
8.8734693877551 16.7179
8.87755102040816 15.5631
8.88163265306122 28.3107
8.88571428571429 48.4258
8.88979591836735 55.9455
8.89387755102041 49.46
8.89795918367347 40.1506
8.90204081632653 24.4128
8.90612244897959 10.6439
8.91020408163265 3.86143
8.91428571428571 0.0
8.91836734693878 0.0
8.92244897959184 0.0
8.9265306122449 0.0
8.93061224489796 0.0
8.93469387755102 0.0
8.93877551020408 0.0
8.94285714285714 0.0
8.9469387755102 0.0
8.95102040816326 13.6939
8.95510204081633 0.0
8.95918367346939 0.0
8.96326530612245 0.789781
8.96734693877551 1.3865
8.97142857142857 0.576536
8.97551020408163 3.2325
8.97959183673469 1.93571
8.98367346938775 0.0267824
8.98775510204082 2.54794
8.99183673469388 9.99385
8.99591836734694 3.62946
9.0 8.66065
9.00408163265306 1.17978
9.00816326530612 7.62169
9.01224489795918 0.994358
9.01632653061225 0.120362
9.02040816326531 0.0
9.02448979591837 2.05934
9.02857142857143 2.13444
9.03265306122449 15.0002
9.03673469387755 6.20387
9.04081632653061 16.2938
9.04489795918367 12.6401
9.04897959183674 22.1307
9.0530612244898 17.893
9.05714285714286 17.5694
9.06122448979592 20.5351
9.06530612244898 30.3804
9.06938775510204 54.317
9.0734693877551 77.7076
9.07755102040816 153.88
9.08163265306122 219.63
9.08571428571429 213.369
9.08979591836735 232.89
9.09387755102041 251.109
9.09795918367347 329.19
9.10204081632653 316.45
9.10612244897959 321.663
9.11020408163265 288.469
9.11428571428571 291.576
9.11836734693878 257.019
9.12244897959184 232.992
9.1265306122449 205.331
9.13061224489796 178.945
9.13469387755102 146.866
9.13877551020408 119.49
9.14285714285714 92.4062
9.1469387755102 65.8883
9.15102040816327 44.0485
9.15510204081633 28.4864
9.15918367346939 15.8695
9.16326530612245 9.14972
9.16734693877551 3.44101
9.17142857142857 2.36297
9.17551020408163 1.61163
9.17959183673469 1.26432
9.18367346938776 0.953257
9.18775510204082 0.701825
9.19183673469388 0.554025
9.19591836734694 0.374138
9.2 0.184655
9.20408163265306 0.0
9.20816326530612 0.0101924
9.21224489795918 0.240855
9.21632653061224 16.9081
9.22040816326531 0.560577
9.22448979591837 0.806491
9.22857142857143 0.818094
9.23265306122449 0.855873
9.23673469387755 97.4181
9.24081632653061 36.6313
9.24489795918367 43.5813
9.24897959183673 42.9314
9.2530612244898 29.7003
9.25714285714286 19.1696
9.26122448979592 37.6113
9.26530612244898 46.8238
9.26938775510204 39.9478
9.2734693877551 41.6263
9.27755102040816 27.338
9.28163265306122 29.8951
9.28571428571429 32.3219
9.28979591836735 34.1397
9.29387755102041 22.7201
9.29795918367347 36.4848
9.30204081632653 12.1402
9.30612244897959 14.8213
9.31020408163265 10.0268
9.31428571428571 7.30783
9.31836734693877 10.2009
9.32244897959184 6.21563
9.3265306122449 5.69631
9.33061224489796 11.8899
9.33469387755102 10.1402
9.33877551020408 6.62176
9.34285714285714 7.78815
9.3469387755102 29.6401
9.35102040816327 16.1568
9.35510204081633 41.305
9.35918367346939 8.85823
9.36326530612245 57.2277
9.36734693877551 38.7049
9.37142857142857 47.85
9.37551020408163 67.4374
9.37959183673469 82.8935
9.38367346938776 85.8625
9.38775510204082 81.9923
9.39183673469388 76.331
9.39591836734694 69.6129
9.4 51.0649
9.40408163265306 43.6676
9.40816326530612 30.0319
9.41224489795918 21.7476
9.41632653061225 8.69854
9.42040816326531 5.15647
9.42448979591837 3.51106
9.42857142857143 0.51588
9.43265306122449 0.596171
9.43673469387755 1.56247
9.44081632653061 1.654
9.44489795918367 3.08888
9.44897959183673 3.82142
9.4530612244898 3.53472
9.45714285714286 1.94709
9.46122448979592 0.497361
9.46530612244898 12.1731
9.46938775510204 3.79972
9.4734693877551 34.4374
9.47755102040816 22.0035
9.48163265306122 25.2186
9.48571428571429 19.0958
9.48979591836735 19.7826
9.49387755102041 5.91044
9.49795918367347 5.67139
9.50204081632653 5.18937
9.50612244897959 5.40976
9.51020408163265 4.46085
9.51428571428571 13.3541
9.51836734693878 8.87675
9.52244897959184 22.9031
9.5265306122449 7.94779
9.53061224489796 11.1758
9.53469387755102 5.8981
9.53877551020408 8.03733
9.54285714285714 2.75938
9.5469387755102 3.61909
9.55102040816327 3.5594
9.55510204081633 3.05005
9.55918367346939 2.70743
9.56326530612245 4.17377
9.56734693877551 2.55428
9.57142857142857 16.4879
9.57551020408163 1.93019
9.57959183673469 1.89062
9.58367346938775 1.51478
9.58775510204082 1.77411
9.59183673469388 5.48633
9.59591836734694 5.22769
9.6 4.32304
9.60408163265306 4.40948
9.60816326530612 1.99832
9.61224489795918 1.74988
9.61632653061224 0.454033
9.62040816326531 8.67402
9.62448979591837 18.7452
9.62857142857143 0.236352
9.63265306122449 0.193924
9.63673469387755 0.732789
9.64081632653061 0.360981
9.64489795918367 0.126282
9.64897959183673 0.345012
9.6530612244898 10.3334
9.65714285714286 0.822753
9.66122448979592 2.29528
9.66530612244898 0.823127
9.66938775510204 4.29851
9.6734693877551 4.68489
9.67755102040816 5.97206
9.68163265306123 2.87753
9.68571428571429 10.3115
9.68979591836735 0.224054
9.69387755102041 0.688612
9.69795918367347 0.427216
9.70204081632653 0.70709
9.70612244897959 8.19775
9.71020408163265 0.699043
9.71428571428571 5.78783
9.71836734693878 3.74261
9.72244897959184 0.347575
9.7265306122449 0.674248
9.73061224489796 0.83369
9.73469387755102 19.2832
9.73877551020408 4.64958
9.74285714285714 5.24022
9.7469387755102 3.10724
9.75102040816327 7.95958
9.75510204081633 5.17812
9.75918367346939 22.1117
9.76326530612245 11.9012
9.76734693877551 36.5996
9.77142857142857 1.44572
9.77551020408163 1.64431
9.77959183673469 1.24634
9.78367346938776 1.97704
9.78775510204082 9.55957
9.79183673469388 7.91147
9.79591836734694 8.70334
9.8 11.3124
9.80408163265306 14.0737
9.80816326530612 15.991
9.81224489795918 17.7473
9.81632653061224 26.815
9.82040816326531 17.6049
9.82448979591837 10.6795
9.82857142857143 6.96424
9.83265306122449 8.41966
9.83673469387755 7.68439
9.84081632653061 21.1221
9.84489795918367 26.5004
9.84897959183673 75.0311
9.8530612244898 25.4775
9.85714285714286 46.8128
9.86122448979592 92.0572
9.86530612244898 255.175
9.86938775510204 251.745
9.8734693877551 263.393
9.87755102040816 252.967
9.88163265306122 222.071
9.88571428571429 186.674
9.88979591836735 152.755
9.89387755102041 119.067
9.89795918367347 86.089
9.90204081632653 54.1604
9.90612244897959 31.9556
9.91020408163265 15.773
9.91428571428571 7.31493
9.91836734693878 1.01678
9.92244897959184 0.673751
9.9265306122449 0.447561
9.93061224489796 0.4644
9.93469387755102 1.01531
9.93877551020408 2.00218
9.94285714285714 3.06836
9.9469387755102 3.9851
9.95102040816326 4.75649
9.95510204081633 6.12663
9.95918367346939 8.05583
9.96326530612245 8.98295
9.96734693877551 9.64852
9.97142857142857 10.7719
9.97551020408163 10.9874
9.97959183673469 10.6397
9.98367346938775 9.53008
9.98775510204082 7.54619
9.99183673469388 5.14137
9.99591836734694 2.4202
10.0 0.66228
10.0040816326531 0.353595
10.0081632653061 2.12389
10.0122448979592 33.749
10.0163265306122 64.4922
10.0204081632653 70.6724
10.0244897959184 64.1233
10.0285714285714 51.579
10.0326530612245 35.9852
10.0367346938776 25.0218
10.0408163265306 11.1121
10.0448979591837 6.94197
10.0489795918367 2.86244
10.0530612244898 0.0
10.0571428571429 0.0
10.0612244897959 0.356197
10.065306122449 0.300745
10.069387755102 0.0
10.0734693877551 0.0
10.0775510204082 1.69487
10.0816326530612 21.1686
10.0857142857143 34.7249
10.0897959183673 42.4671
10.0938775510204 45.0959
10.0979591836735 45.9373
10.1020408163265 39.291
10.1061224489796 32.2163
10.1102040816327 23.3288
10.1142857142857 14.628
10.1183673469388 9.21322
10.1224489795918 7.53679
10.1265306122449 5.23714
10.130612244898 3.26665
10.134693877551 1.68888
10.1387755102041 1.31122
10.1428571428571 3.01576
10.1469387755102 12.0154
10.1510204081633 23.6985
10.1551020408163 33.2152
10.1591836734694 35.9779
10.1632653061224 36.0475
10.1673469387755 35.3129
10.1714285714286 30.2947
10.1755102040816 36.0276
10.1795918367347 41.8171
10.1836734693878 44.9649
10.1877551020408 51.6683
10.1918367346939 59.2869
10.1959183673469 58.1787
10.2 64.5937
10.2040816326531 57.9805
10.2081632653061 54.8093
10.2122448979592 37.7163
10.2163265306122 29.651
10.2204081632653 29.9577
10.2244897959184 70.9704
10.2285714285714 176.349
10.2326530612245 188.035
10.2367346938776 267.503
10.2408163265306 345.347
10.2448979591837 355.346
10.2489795918367 327.041
10.2530612244898 290.353
10.2571428571429 235.369
10.2612244897959 228.425
10.265306122449 170.93
10.269387755102 161.426
10.2734693877551 169.087
10.2775510204082 171.51
10.2816326530612 177.494
10.2857142857143 170.455
10.2897959183673 150.74
10.2938775510204 126.993
10.2979591836735 100.695
10.3020408163265 74.962
10.3061224489796 49.3897
10.3102040816327 24.9253
10.3142857142857 8.79264
10.3183673469388 0.784079
10.3224489795918 0.0
10.3265306122449 0.0
10.330612244898 0.0
10.334693877551 0.0
10.3387755102041 0.0
10.3428571428571 0.0
10.3469387755102 0.0
10.3510204081633 0.0
10.3551020408163 5.14912
10.3591836734694 0.0
10.3632653061224 10.4978
10.3673469387755 2.96386
10.3714285714286 14.0939
10.3755102040816 25.5477
10.3795918367347 37.683
10.3836734693878 40.7543
10.3877551020408 53.9334
10.3918367346939 87.0433
10.3959183673469 133.64
10.4 140.701
10.4040816326531 122.91
10.4081632653061 117.687
10.4122448979592 104.727
10.4163265306122 78.6421
10.4204081632653 79.4292
10.4244897959184 72.6765
10.4285714285714 73.8034
10.4326530612245 65.7435
10.4367346938776 179.774
10.4408163265306 353.549
10.4448979591837 417.157
10.4489795918367 453.554
10.4530612244898 451.752
10.4571428571429 453.014
10.4612244897959 403.868
10.465306122449 379.473
10.469387755102 334.782
10.4734693877551 280.302
10.4775510204082 228.194
10.4816326530612 176.54
10.4857142857143 129.866
10.4897959183673 86.2815
10.4938775510204 49.9836
10.4979591836735 28.4914
10.5020408163265 14.5841
10.5061224489796 7.71737
10.5102040816327 3.22418
10.5142857142857 1.04217
10.5183673469388 0.0
10.5224489795918 0.0
10.5265306122449 0.0
10.530612244898 0.316759
10.534693877551 0.9344
10.5387755102041 4.02524
10.5428571428571 2.07028
10.5469387755102 30.9463
10.5510204081633 27.2064
10.5551020408163 25.827
10.5591836734694 20.1457
10.5632653061224 21.8239
10.5673469387755 31.2413
10.5714285714286 10.6508
10.5755102040816 12.6178
10.5795918367347 14.2525
10.5836734693878 142.472
10.5877551020408 37.6483
10.5918367346939 72.1891
10.5959183673469 46.1721
10.6 74.8747
10.6040816326531 16.6933
10.6081632653061 59.4383
10.6122448979592 74.892
10.6163265306122 47.9524
10.6204081632653 89.6462
10.6244897959184 70.1075
10.6285714285714 100.714
10.6326530612245 23.9987
10.6367346938776 123.95
10.6408163265306 26.479
10.6448979591837 26.593
10.6489795918367 138.411
10.6530612244898 36.1005
10.6571428571429 14.8508
10.6612244897959 58.6226
10.665306122449 127.359
10.669387755102 1.10408
10.6734693877551 37.9722
10.6775510204082 56.0347
10.6816326530612 29.8198
10.6857142857143 69.1611
10.6897959183673 46.5575
10.6938775510204 377.98
10.6979591836735 0.0
10.7020408163265 110.621
10.7061224489796 143.805
10.7102040816327 109.794
10.7142857142857 102.411
10.7183673469388 100.623
10.7224489795918 70.7215
10.7265306122449 81.1581
10.730612244898 94.4529
10.734693877551 102.942
10.7387755102041 89.5843
10.7428571428571 65.689
10.7469387755102 45.7673
10.7510204081633 32.4584
10.7551020408163 18.1306
10.7591836734694 4.32007
10.7632653061224 0.0
10.7673469387755 0.0
10.7714285714286 0.0
10.7755102040816 0.0
10.7795918367347 0.0
10.7836734693878 59.414
10.7877551020408 163.19
10.7918367346939 155.387
10.7959183673469 247.447
10.8 294.779
10.8040816326531 375.046
10.8081632653061 373.147
10.8122448979592 338.709
10.8163265306122 304.777
10.8204081632653 260.931
10.8244897959184 207.746
10.8285714285714 168.936
10.8326530612245 124.268
10.8367346938776 85.0511
10.8408163265306 60.6471
10.8448979591837 36.6191
10.8489795918367 25.1145
10.8530612244898 12.1715
10.8571428571429 8.19793
10.8612244897959 5.55715
10.865306122449 3.68515
10.869387755102 2.60918
10.8734693877551 2.12542
10.8775510204082 1.79508
10.8816326530612 6.56347
10.8857142857143 5.66249
10.8897959183673 3.72031
10.8938775510204 4.94993
10.8979591836735 25.6487
10.9020408163265 29.969
10.9061224489796 39.2031
10.9102040816327 37.1326
10.9142857142857 43.864
10.9183673469388 35.7457
10.9224489795918 26.8328
10.9265306122449 14.9629
10.930612244898 10.5754
10.934693877551 0.68744
10.9387755102041 0.0
10.9428571428571 0.0
10.9469387755102 0.0
10.9510204081633 18.6483
10.9551020408163 6.51912
10.9591836734694 35.9824
10.9632653061224 68.8574
10.9673469387755 167.017
10.9714285714286 216.256
10.9755102040816 213.874
10.9795918367347 322.215
10.9836734693878 285.3
10.9877551020408 267.847
10.9918367346939 234.762
10.9959183673469 201.726
11.0 164.349
11.0040816326531 127.906
11.0081632653061 96.2054
11.0122448979592 66.4623
11.0163265306122 38.283
11.0204081632653 14.2198
11.0244897959184 5.52736
11.0285714285714 4.83704
11.0326530612245 4.371
11.0367346938776 3.86483
11.0408163265306 3.15582
11.0448979591837 1.7019
11.0489795918367 2.15026
11.0530612244898 4.18934
11.0571428571429 7.73123
11.0612244897959 3.81894
11.065306122449 6.59845
11.069387755102 7.2457
11.0734693877551 8.29625
11.0775510204082 16.8613
11.0816326530612 13.6921
11.0857142857143 6.97009
11.0897959183673 3.09535
11.0938775510204 0.0
11.0979591836735 0.0
11.1020408163265 0.0
11.1061224489796 0.0
11.1102040816327 0.695318
11.1142857142857 1.92546
11.1183673469388 1.30751
11.1224489795918 0.760915
11.1265306122449 0.0
11.130612244898 0.0
11.134693877551 8.69039
11.1387755102041 13.0996
11.1428571428571 12.5955
11.1469387755102 14.8706
11.1510204081633 10.8464
11.1551020408163 1.23099
11.1591836734694 20.5189
11.1632653061224 33.6881
11.1673469387755 40.9593
11.1714285714286 57.7851
11.1755102040816 64.9677
11.1795918367347 74.1515
11.1836734693878 78.1357
11.1877551020408 68.4782
11.1918367346939 65.307
11.1959183673469 63.567
11.2 68.4888
11.2040816326531 93.0171
11.2081632653061 97.2125
11.2122448979592 103.809
11.2163265306122 162.698
11.2204081632653 277.303
11.2244897959184 225.978
11.2285714285714 289.655
11.2326530612245 358.51
11.2367346938776 337.726
11.2408163265306 358.033
11.2448979591837 320.187
11.2489795918367 263.185
11.2530612244898 219.043
11.2571428571429 169.757
11.2612244897959 127.711
11.265306122449 86.2349
11.269387755102 53.8365
11.2734693877551 38.5227
11.2775510204082 22.3699
11.2816326530612 11.9265
11.2857142857143 7.15044
11.2897959183673 3.66471
11.2938775510204 1.45649
11.2979591836735 0.542328
11.3020408163265 0.0
11.3061224489796 0.0
11.3102040816327 8.4609
11.3142857142857 0.0180503
11.3183673469388 1.5272
11.3224489795918 11.785
11.3265306122449 0.645379
11.330612244898 5.66446
11.334693877551 0.958145
11.3387755102041 2.98566
11.3428571428571 6.83016
11.3469387755102 5.23278
11.3510204081633 3.24922
11.3551020408163 0.967612
11.3591836734694 77.3768
11.3632653061224 5.61972
11.3673469387755 26.8631
11.3714285714286 32.3456
11.3755102040816 32.5814
11.3795918367347 70.6968
11.3836734693878 27.3879
11.3877551020408 29.4111
11.3918367346939 33.131
11.3959183673469 18.2092
11.4 15.8507
11.4040816326531 10.3266
11.4081632653061 38.8241
11.4122448979592 7.31622
11.4163265306122 1.45881
11.4204081632653 26.123
11.4244897959184 9.68327
11.4285714285714 30.515
11.4326530612245 28.4699
11.4367346938776 20.4883
11.4408163265306 39.102
11.4448979591837 12.9653
11.4489795918367 18.2656
11.4530612244898 11.7295
11.4571428571429 0.837182
11.4612244897959 2.56971
11.465306122449 13.9842
11.469387755102 32.0433
11.4734693877551 33.3408
11.4775510204082 25.7946
11.4816326530612 63.5785
11.4857142857143 103.56
11.4897959183673 95.8714
11.4938775510204 139.858
11.4979591836735 185.943
11.5020408163265 244.287
11.5061224489796 239.094
11.5102040816327 231.693
11.5142857142857 217.216
11.5183673469388 185.088
11.5224489795918 158.207
11.5265306122449 131.033
11.530612244898 99.6465
11.534693877551 68.863
11.5387755102041 52.4357
11.5428571428571 31.0055
11.5469387755102 19.3662
11.5510204081633 7.57257
11.5551020408163 4.7926
11.5591836734694 3.00775
11.5632653061224 1.919
11.5673469387755 2.03361
11.5714285714286 1.89478
11.5755102040816 2.26898
11.5795918367347 2.46825
11.5836734693878 2.83329
11.5877551020408 2.18329
11.5918367346939 5.39161
11.5959183673469 3.75945
11.6 2.71348
11.6040816326531 2.9515
11.6081632653061 13.0254
11.6122448979592 4.90578
11.6163265306122 2.5952
11.6204081632653 1.35902
11.6244897959184 1.79083
11.6285714285714 12.1849
11.6326530612245 24.3895
11.6367346938776 3.25067
11.6408163265306 12.3737
11.6448979591837 4.3682
11.6489795918367 4.8455
11.6530612244898 2.74691
11.6571428571429 1.95302
11.6612244897959 1.93623
11.665306122449 3.11635
11.669387755102 31.574
11.6734693877551 15.4084
11.6775510204082 0.723203
11.6816326530612 22.6045
11.6857142857143 9.20821
11.6897959183673 37.1513
11.6938775510204 56.1765
11.6979591836735 5.92131
11.7020408163265 31.8674
11.7061224489796 14.5696
11.7102040816327 3.15217
11.7142857142857 2.06141
11.7183673469388 0.200843
11.7224489795918 1.31319
11.7265306122449 2.0079
11.730612244898 2.39218
11.734693877551 3.25779
11.7387755102041 1.06362
11.7428571428571 20.4681
11.7469387755102 20.9601
11.7510204081633 46.8278
11.7551020408163 25.9693
11.7591836734694 2.38937
11.7632653061224 5.38004
11.7673469387755 1.89097
11.7714285714286 1.96527
11.7755102040816 12.0797
11.7795918367347 1.73227
11.7836734693878 14.2216
11.7877551020408 3.34002
11.7918367346939 2.40079
11.7959183673469 10.4824
11.8 0.954322
11.8040816326531 4.80014
11.8081632653061 3.28382
11.8122448979592 7.29144
11.8163265306122 17.9608
11.8204081632653 0.871724
11.8244897959184 11.605
11.8285714285714 2.09625
11.8326530612245 27.8309
11.8367346938776 16.6722
11.8408163265306 0.612913
11.8448979591837 25.6851
11.8489795918367 2.09695
11.8530612244898 9.15341
11.8571428571429 16.8894
11.8612244897959 4.50215
11.865306122449 21.8641
11.869387755102 1.5695
11.8734693877551 10.7501
11.8775510204082 17.9045
11.8816326530612 3.89995
11.8857142857143 9.2902
11.8897959183673 0.477314
11.8938775510204 24.817
11.8979591836735 7.57406
11.9020408163265 0.189384
11.9061224489796 2.85181
11.9102040816327 0.0
11.9142857142857 37.6458
11.9183673469388 24.9466
11.9224489795918 9.65804
11.9265306122449 54.871
11.930612244898 0.162045
11.934693877551 8.57472
11.9387755102041 18.4763
11.9428571428571 16.1993
11.9469387755102 47.0972
11.9510204081633 4.88702
11.9551020408163 36.7894
11.9591836734694 78.6162
11.9632653061224 82.3619
11.9673469387755 84.4625
11.9714285714286 279.595
11.9755102040816 244.65
11.9795918367347 285.232
11.9836734693878 350.246
11.9877551020408 322.119
11.9918367346939 306.143
11.9959183673469 271.908
12.0 235.387
12.0040816326531 194.867
12.0081632653061 155.753
12.0122448979592 117.163
12.0163265306122 79.5581
12.0204081632653 46.2614
12.0244897959184 23.308
12.0285714285714 8.1923
12.0326530612245 0.0550747
12.0367346938776 0.0
12.0408163265306 0.0
12.0448979591837 0.0
12.0489795918367 0.0
12.0530612244898 0.0
12.0571428571429 0.0
12.0612244897959 0.265708
12.065306122449 0.852118
12.069387755102 6.2647
12.0734693877551 11.8707
12.0775510204082 15.7892
12.0816326530612 17.7306
12.0857142857143 18.7905
12.0897959183673 17.1322
12.0938775510204 8.79682
12.0979591836735 6.30697
12.1020408163265 2.93683
12.1061224489796 0.282506
12.1102040816327 10.9424
12.1142857142857 22.1773
12.1183673469388 24.8534
12.1224489795918 18.845
12.1265306122449 12.5569
12.130612244898 7.09061
12.134693877551 4.73112
12.1387755102041 4.44586
12.1428571428571 3.18595
12.1469387755102 2.19868
12.1510204081633 1.22321
12.1551020408163 3.88583
12.1591836734694 3.10757
12.1632653061224 4.48395
12.1673469387755 4.98313
12.1714285714286 6.75336
12.1755102040816 23.1435
12.1795918367347 45.4278
12.1836734693878 54.7861
12.1877551020408 51.4103
12.1918367346939 40.1326
12.1959183673469 29.0465
12.2 17.6639
12.2040816326531 21.8378
12.2081632653061 21.3909
12.2122448979592 31.0524
12.2163265306122 50.1163
12.2204081632653 64.685
12.2244897959184 115.968
12.2285714285714 189.34
12.2326530612245 201.651
12.2367346938776 328.94
12.2408163265306 374.065
12.2448979591837 401.21
12.2489795918367 379.467
12.2530612244898 321.746
12.2571428571429 266.372
12.2612244897959 211.895
12.265306122449 165.561
12.269387755102 123.91
12.2734693877551 81.5798
12.2775510204082 55.1627
12.2816326530612 34.2267
12.2857142857143 16.5016
12.2897959183673 5.06245
12.2938775510204 1.76641
12.2979591836735 0.758039
12.3020408163265 1.09001
12.3061224489796 1.18372
12.3102040816327 1.39648
12.3142857142857 2.29306
12.3183673469388 2.70356
12.3224489795918 7.13441
12.3265306122449 5.13274
12.330612244898 12.72
12.334693877551 4.09823
12.3387755102041 7.79497
12.3428571428571 17.4853
12.3469387755102 27.7311
12.3510204081633 20.5485
12.3551020408163 22.76
12.3591836734694 30.9442
12.3632653061224 11.1062
12.3673469387755 1.43049
12.3714285714286 3.83304
12.3755102040816 0.816421
12.3795918367347 10.5806
12.3836734693878 21.1796
12.3877551020408 18.7635
12.3918367346939 16.4621
12.3959183673469 4.82204
12.4 7.11612
12.4040816326531 5.44036
12.4081632653061 19.1035
12.4122448979592 29.6581
12.4163265306122 24.4829
12.4204081632653 19.6748
12.4244897959184 29.6846
12.4285714285714 44.1015
12.4326530612245 100.461
12.4367346938776 152.434
12.4408163265306 177.443
12.4448979591837 174.754
12.4489795918367 159.086
12.4530612244898 138.742
12.4571428571429 113.237
12.4612244897959 89.5926
12.465306122449 65.7409
12.469387755102 42.2896
12.4734693877551 25.2129
12.4775510204082 14.8484
12.4816326530612 11.4159
12.4857142857143 8.51239
12.4897959183673 36.891
12.4938775510204 77.4712
12.4979591836735 127.399
12.5020408163265 155.178
12.5061224489796 166.611
12.5102040816327 173.201
12.5142857142857 163.174
12.5183673469388 152.781
12.5224489795918 141.533
12.5265306122449 115.02
12.530612244898 87.8613
12.534693877551 64.6599
12.5387755102041 49.2908
12.5428571428571 36.2056
12.5469387755102 22.4732
12.5510204081633 18.2499
12.5551020408163 15.4056
12.5591836734694 15.5804
12.5632653061224 16.1989
12.5673469387755 16.4077
12.5714285714286 15.9302
12.5755102040816 17.1483
12.5795918367347 14.8496
12.5836734693878 15.8006
12.5877551020408 14.6755
12.5918367346939 13.9958
12.5959183673469 12.4272
12.6 10.8753
12.6040816326531 8.77109
12.6081632653061 5.89371
12.6122448979592 20.3624
12.6163265306122 36.3218
12.6204081632653 35.5934
12.6244897959184 42.7233
12.6285714285714 45.6061
12.6326530612245 23.3878
12.6367346938776 25.2507
12.6408163265306 42.2331
12.6448979591837 71.9022
12.6489795918367 19.7784
12.6530612244898 32.8728
12.6571428571429 64.7009
12.6612244897959 35.1294
12.665306122449 35.3462
12.669387755102 69.5498
12.6734693877551 21.4532
12.6775510204082 26.3541
12.6816326530612 14.9321
12.6857142857143 16.9965
12.6897959183673 3.14536
12.6938775510204 0.336632
12.6979591836735 8.88487
12.7020408163265 0.333065
12.7061224489796 3.03675
12.7102040816327 14.1103
12.7142857142857 9.42345
12.7183673469388 1.53879
12.7224489795918 2.1085
12.7265306122449 0.0
12.730612244898 15.6425
12.734693877551 28.4561
12.7387755102041 61.4208
12.7428571428571 73.5044
12.7469387755102 101.844
12.7510204081633 100.217
12.7551020408163 82.1733
12.7591836734694 66.3283
12.7632653061224 51.0912
12.7673469387755 31.3308
12.7714285714286 15.1307
12.7755102040816 2.48022
12.7795918367347 0.0
12.7836734693878 0.0
12.7877551020408 0.0
12.7918367346939 0.0
12.7959183673469 0.0
12.8 0.0
12.8040816326531 0.0
12.8081632653061 0.0
12.8122448979592 0.0
12.8163265306122 0.0
12.8204081632653 11.6752
12.8244897959184 64.8191
12.8285714285714 163.992
12.8326530612245 231.685
12.8367346938776 334.85
12.8408163265306 346.903
12.8448979591837 349.178
12.8489795918367 329.381
12.8530612244898 291.65
12.8571428571429 247.829
12.8612244897959 202.814
12.865306122449 159.353
12.869387755102 120.81
12.8734693877551 81.2766
12.8775510204082 48.533
12.8816326530612 29.5064
12.8857142857143 15.2109
12.8897959183673 8.68543
12.8938775510204 5.14511
12.8979591836735 3.08238
12.9020408163265 1.80615
12.9061224489796 1.69052
12.9102040816327 2.40184
12.9142857142857 4.29174
12.9183673469388 4.94388
12.9224489795918 4.73582
12.9265306122449 3.3373
12.930612244898 1.03759
12.934693877551 0.959555
12.9387755102041 0.94374
12.9428571428571 21.1967
12.9469387755102 35.487
12.9510204081633 26.5161
12.9551020408163 52.756
12.9591836734694 94.3962
12.9632653061224 244.563
12.9673469387755 231.704
12.9714285714286 250.572
12.9755102040816 253.052
12.9795918367347 230.208
12.9836734693878 201.416
12.9877551020408 175.096
12.9918367346939 143.479
12.9959183673469 115.738
13.0 89.509
13.0040816326531 64.0855
13.0081632653061 39.9657
13.0122448979592 16.8207
13.0163265306122 2.08481
13.0204081632653 0.0
13.0244897959184 0.0
13.0285714285714 0.0
13.0326530612245 0.0
13.0367346938776 0.0
13.0408163265306 0.0
13.0448979591837 0.0
13.0489795918367 0.0
13.0530612244898 0.0
13.0571428571429 0.0
13.0612244897959 0.0
13.065306122449 0.0
13.069387755102 0.0
13.0734693877551 0.0
13.0775510204082 0.0
13.0816326530612 0.0
13.0857142857143 0.0
13.0897959183673 0.0
13.0938775510204 0.0
13.0979591836735 0.0
13.1020408163265 0.0
13.1061224489796 0.301093
13.1102040816327 16.5428
13.1142857142857 40.16
13.1183673469388 45.0892
13.1224489795918 38.6686
13.1265306122449 32.3154
13.130612244898 22.4749
13.134693877551 16.4054
13.1387755102041 10.1404
13.1428571428571 8.39225
13.1469387755102 6.05212
13.1510204081633 14.1407
13.1551020408163 21.1285
13.1591836734694 18.9027
13.1632653061224 14.3505
13.1673469387755 1.3592
13.1714285714286 10.814
13.1755102040816 4.54948
13.1795918367347 2.36956
13.1836734693878 3.29191
13.1877551020408 2.83375
13.1918367346939 2.07803
13.1959183673469 1.16862
13.2 0.0
13.2040816326531 0.0
13.2081632653061 7.38567
13.2122448979592 24.0378
13.2163265306122 60.513
13.2204081632653 113.849
13.2244897959184 195.01
13.2285714285714 203.341
13.2326530612245 373.213
13.2367346938776 500.466
13.2408163265306 366.509
13.2448979591837 404.533
13.2489795918367 378.724
13.2530612244898 327.037
13.2571428571429 289.578
13.2612244897959 244.197
13.265306122449 193.867
13.269387755102 148.846
13.2734693877551 118.642
13.2775510204082 81.1139
13.2816326530612 61.9449
13.2857142857143 41.8236
13.2897959183673 31.8604
13.2938775510204 25.7331
13.2979591836735 20.1715
13.3020408163265 14.7147
13.3061224489796 11.1697
13.3102040816327 9.07758
13.3142857142857 7.23403
13.3183673469388 5.77264
13.3224489795918 4.22624
13.3265306122449 3.55225
13.330612244898 0.971699
13.334693877551 0.0
13.3387755102041 0.118216
13.3428571428571 0.0
13.3469387755102 9.84541
13.3510204081633 0.0
13.3551020408163 0.0
13.3591836734694 0.0
13.3632653061224 5.34229
13.3673469387755 0.0
13.3714285714286 162.345
13.3755102040816 1.69304
13.3795918367347 4.71711
13.3836734693878 93.4207
13.3877551020408 12.0683
13.3918367346939 111.593
13.3959183673469 3.58698
13.4 17.7884
13.4040816326531 1.34337
13.4081632653061 39.0617
13.4122448979592 10.6443
13.4163265306122 41.836
13.4204081632653 45.364
13.4244897959184 49.9053
13.4285714285714 16.7791
13.4326530612245 38.1693
13.4367346938776 36.6275
13.4408163265306 15.1482
13.4448979591837 0.949432
13.4489795918367 4.53636
13.4530612244898 226.634
13.4571428571429 71.7842
13.4612244897959 94.3241
13.465306122449 120.467
13.469387755102 140.157
13.4734693877551 36.7567
13.4775510204082 65.668
13.4816326530612 45.3554
13.4857142857143 29.9851
13.4897959183673 24.3765
13.4938775510204 28.0377
13.4979591836735 34.9877
13.5020408163265 67.7863
13.5061224489796 41.2972
13.5102040816327 77.8366
13.5142857142857 89.8224
13.5183673469388 76.6818
13.5224489795918 72.1203
13.5265306122449 66.2151
13.530612244898 54.3758
13.534693877551 48.543
13.5387755102041 50.4417
13.5428571428571 44.5813
13.5469387755102 50.0768
13.5510204081633 54.7948
13.5551020408163 47.4769
13.5591836734694 43.5951
13.5632653061224 42.473
13.5673469387755 29.2309
13.5714285714286 23.7845
13.5755102040816 18.7655
13.5795918367347 15.1814
13.5836734693878 14.3593
13.5877551020408 5.98188
13.5918367346939 7.87807
13.5959183673469 8.26534
13.6 8.20849
13.6040816326531 8.62484
13.6081632653061 7.12172
13.6122448979592 5.88053
13.6163265306122 4.36965
13.6204081632653 28.1818
13.6244897959184 3.17871
13.6285714285714 46.5595
13.6326530612245 3.21109
13.6367346938776 2.67104
13.6408163265306 52.5128
13.6448979591837 52.886
13.6489795918367 9.08964
13.6530612244898 24.033
13.6571428571429 73.2947
13.6612244897959 30.6785
13.665306122449 87.1576
13.669387755102 58.3448
13.6734693877551 38.4074
13.6775510204082 53.1515
13.6816326530612 30.1183
13.6857142857143 31.0431
13.6897959183673 28.4317
13.6938775510204 4.57734
13.6979591836735 62.8156
13.7020408163265 0.325128
13.7061224489796 25.941
13.7102040816327 57.1364
13.7142857142857 43.8681
13.7183673469388 47.8834
13.7224489795918 48.4617
13.7265306122449 60.2055
13.730612244898 34.4246
13.734693877551 11.41
13.7387755102041 14.4526
13.7428571428571 24.1526
13.7469387755102 34.8885
13.7510204081633 8.48097
13.7551020408163 2.3217
13.7591836734694 58.3614
13.7632653061224 3.41285
13.7673469387755 18.7477
13.7714285714286 10.1114
13.7755102040816 1.81838
13.7795918367347 30.5253
13.7836734693878 6.42174
13.7877551020408 0.0616014
13.7918367346939 39.3237
13.7959183673469 0.282149
13.8 3.66573
13.8040816326531 21.4523
13.8081632653061 16.8431
13.8122448979592 7.87243
13.8163265306122 0.105759
13.8204081632653 17.7822
13.8244897959184 9.93105
13.8285714285714 45.7121
13.8326530612245 27.449
13.8367346938776 11.4798
13.8408163265306 60.6132
13.8448979591837 5.58025
13.8489795918367 5.687
13.8530612244898 10.1578
13.8571428571429 0.477036
13.8612244897959 12.0992
13.865306122449 17.5885
13.869387755102 21.7588
13.8734693877551 53.5812
13.8775510204082 20.3618
13.8816326530612 24.4367
13.8857142857143 42.0295
13.8897959183673 35.4351
13.8938775510204 11.9131
13.8979591836735 10.9054
13.9020408163265 8.54484
13.9061224489796 7.156
13.9102040816327 30.3005
13.9142857142857 23.4105
13.9183673469388 3.44624
13.9224489795918 21.0892
13.9265306122449 20.0859
13.930612244898 8.02075
13.934693877551 45.4792
13.9387755102041 57.6336
13.9428571428571 31.5854
13.9469387755102 34.041
13.9510204081633 44.4829
13.9551020408163 28.9602
13.9591836734694 26.3125
13.9632653061224 25.2899
13.9673469387755 17.9945
13.9714285714286 15.5243
13.9755102040816 1.86112
13.9795918367347 3.41079
13.9836734693878 2.71171
13.9877551020408 41.9551
13.9918367346939 97.9091
13.9959183673469 16.6943
14.0 96.8738
14.0040816326531 120.497
14.0081632653061 91.206
14.0122448979592 138.135
14.0163265306122 192.137
14.0204081632653 191.166
14.0244897959184 217.325
14.0285714285714 314.066
14.0326530612245 378.017
14.0367346938776 370.095
14.0408163265306 356.909
14.0448979591837 314.68
14.0489795918367 272.281
14.0530612244898 224.425
14.0571428571429 178.131
14.0612244897959 133.924
14.065306122449 93.0083
14.069387755102 57.606
14.0734693877551 30.6732
14.0775510204082 11.8377
14.0816326530612 1.25165
14.0857142857143 0.307709
14.0897959183673 0.0
14.0938775510204 0.0
14.0979591836735 0.0
14.1020408163265 0.0
14.1061224489796 0.0
14.1102040816327 0.0
14.1142857142857 0.0
14.1183673469388 0.0
14.1224489795918 29.5624
14.1265306122449 40.1842
14.130612244898 49.2221
14.134693877551 65.6076
14.1387755102041 71.876
14.1428571428571 69.2122
14.1469387755102 62.7864
14.1510204081633 54.1335
14.1551020408163 57.0349
14.1591836734694 59.1043
14.1632653061224 61.2184
14.1673469387755 55.1525
14.1714285714286 45.073
14.1755102040816 35.4835
14.1795918367347 25.6415
14.1836734693878 14.8088
14.1877551020408 4.35058
14.1918367346939 0.0
14.1959183673469 0.0
14.2 0.0
14.2040816326531 0.0
14.2081632653061 1.08575
14.2122448979592 0.0
14.2163265306122 1.33
14.2204081632653 0.12366
14.2244897959184 1.65312
14.2285714285714 2.27796
14.2326530612245 3.78026
14.2367346938776 4.48929
14.2408163265306 13.2661
14.2448979591837 19.6289
14.2489795918367 44.2027
14.2530612244898 44.3853
14.2571428571429 44.5527
14.2612244897959 28.5206
14.265306122449 21.1377
14.269387755102 17.455
14.2734693877551 19.9721
14.2775510204082 19.9325
14.2816326530612 40.4036
14.2857142857143 52.053
14.2897959183673 82.7194
14.2938775510204 107.806
14.2979591836735 136.71
14.3020408163265 148.147
14.3061224489796 155.85
14.3102040816327 144.902
14.3142857142857 144.077
14.3183673469388 140.563
14.3224489795918 110.955
14.3265306122449 82.0671
14.330612244898 62.4572
14.334693877551 42.4356
14.3387755102041 27.4075
14.3428571428571 22.5681
14.3469387755102 17.228
14.3510204081633 13.8068
14.3551020408163 34.051
14.3591836734694 65.5657
14.3632653061224 96.2458
14.3673469387755 127.805
14.3714285714286 151.893
14.3755102040816 166.448
14.3795918367347 200.799
14.3836734693878 202.604
14.3877551020408 157.259
14.3918367346939 131.86
14.3959183673469 114.73
14.4 96.2981
14.4040816326531 73.1108
14.4081632653061 54.3266
14.4122448979592 41.7822
14.4163265306122 28.8825
14.4204081632653 17.8497
14.4244897959184 12.8115
14.4285714285714 8.22695
14.4326530612245 4.30548
14.4367346938776 0.975023
14.4408163265306 1.1031
14.4448979591837 1.90473
14.4489795918367 4.06806
14.4530612244898 30.3289
14.4571428571429 21.105
14.4612244897959 10.4679
14.465306122449 33.9142
14.469387755102 19.2177
14.4734693877551 29.8092
14.4775510204082 22.9103
14.4816326530612 12.7813
14.4857142857143 2.02999
14.4897959183673 4.20425
14.4938775510204 10.2583
14.4979591836735 1.34184
14.5020408163265 1.08349
14.5061224489796 0.0638316
14.5102040816327 5.52134
14.5142857142857 45.2995
14.5183673469388 133.257
14.5224489795918 150.134
14.5265306122449 133.222
14.530612244898 151.973
14.534693877551 187.474
14.5387755102041 168.771
14.5428571428571 161.969
14.5469387755102 186.808
14.5510204081633 269.492
14.5551020408163 319.079
14.5591836734694 324.172
14.5632653061224 325.151
14.5673469387755 381.266
14.5714285714286 405.975
14.5755102040816 349.606
14.5795918367347 285.855
14.5836734693878 259.344
14.5877551020408 205.921
14.5918367346939 188.907
14.5959183673469 146.413
14.6 109.0
14.6040816326531 79.8054
14.6081632653061 57.4648
14.6122448979592 32.1151
14.6163265306122 17.9709
14.6204081632653 8.10591
14.6244897959184 5.04333
14.6285714285714 3.30553
14.6326530612245 2.35183
14.6367346938776 1.75219
14.6408163265306 1.46817
14.6448979591837 1.19978
14.6489795918367 0.903189
14.6530612244898 12.4047
14.6571428571429 0.754793
14.6612244897959 1.50196
14.665306122449 11.4429
14.669387755102 4.45054
14.6734693877551 6.34656
14.6775510204082 21.3652
14.6816326530612 17.8706
14.6857142857143 4.30071
14.6897959183673 2.71247
14.6938775510204 110.25
14.6979591836735 1.91667
14.7020408163265 1.96769
14.7061224489796 86.334
14.7102040816327 37.7358
14.7142857142857 48.0603
14.7183673469388 29.3875
14.7224489795918 86.7273
14.7265306122449 113.398
14.730612244898 104.702
14.734693877551 110.947
14.7387755102041 33.3071
14.7428571428571 35.9774
14.7469387755102 18.8684
14.7510204081633 102.781
14.7551020408163 24.3477
14.7591836734694 73.8705
14.7632653061224 7.17103
14.7673469387755 25.9629
14.7714285714286 27.6266
14.7755102040816 6.98037
14.7795918367347 42.8348
14.7836734693878 6.59993
14.7877551020408 33.7119
14.7918367346939 5.74665
14.7959183673469 30.1502
14.8 10.5723
14.8040816326531 47.8444
14.8081632653061 0.430604
14.8122448979592 4.4834
14.8163265306122 0.500967
14.8204081632653 10.8236
14.8244897959184 12.7293
14.8285714285714 24.5063
14.8326530612245 91.0221
14.8367346938776 78.3377
14.8408163265306 81.1919
14.8448979591837 82.8801
14.8489795918367 87.2714
14.8530612244898 59.1177
14.8571428571429 44.4384
14.8612244897959 28.7894
14.865306122449 11.6085
14.869387755102 6.34102
14.8734693877551 1.95034
14.8775510204082 0.0
14.8816326530612 0.0
14.8857142857143 0.0
14.8897959183673 0.0
14.8938775510204 0.0
14.8979591836735 0.0
14.9020408163265 55.1964
14.9061224489796 0.0
14.9102040816327 121.354
14.9142857142857 153.038
14.9183673469388 193.003
14.9224489795918 177.558
14.9265306122449 383.838
14.930612244898 364.273
14.934693877551 367.187
14.9387755102041 328.685
14.9428571428571 285.614
14.9469387755102 228.341
14.9510204081633 174.526
14.9551020408163 123.48
14.9591836734694 72.5517
14.9632653061224 25.2263
14.9673469387755 0.0
14.9714285714286 0.0
14.9755102040816 0.0
