0.00408163265306122 30.3004
0.00816326530612245 14.0954
0.0122448979591837 3.66167
0.0163265306122449 2.53733
0.0204081632653061 2.44353
0.0244897959183673 1.56144
0.0285714285714286 1.46816
0.0326530612244898 9.67016
0.036734693877551 21.2244
0.0408163265306122 41.042
0.0448979591836735 79.2906
0.0489795918367347 88.8532
0.0530612244897959 88.2697
0.0571428571428571 62.9716
0.0612244897959184 43.5128
0.0653061224489796 28.2688
0.0693877551020408 33.2596
0.073469387755102 117.26
0.0775510204081633 662.686
0.0816326530612245 475.942
0.0857142857142857 462.862
0.0897959183673469 585.637
0.0938775510204082 538.073
0.0979591836734694 451.98
0.102040816326531 379.827
0.106122448979592 322.19
0.110204081632653 256.328
0.114285714285714 205.784
0.118367346938776 160.154
0.122448979591837 119.799
0.126530612244898 86.2746
0.130612244897959 64.9653
0.13469387755102 50.0044
0.138775510204082 40.1809
0.142857142857143 31.215
0.146938775510204 21.294
0.151020408163265 12.0553
0.155102040816327 6.10161
0.159183673469388 0.0
0.163265306122449 0.0
0.16734693877551 0.0
0.171428571428571 0.0
0.175510204081633 0.0
0.179591836734694 0.0
0.183673469387755 0.0
0.187755102040816 0.0
0.191836734693878 0.0
0.195918367346939 2.15238
0.2 8.01491
0.204081632653061 5.80318
0.208163265306122 10.8538
0.212244897959184 11.412
0.216326530612245 13.3936
0.220408163265306 27.8373
0.224489795918367 37.6255
0.228571428571429 40.1332
0.23265306122449 42.0121
0.236734693877551 62.3958
0.240816326530612 79.5713
0.244897959183673 79.76
0.248979591836735 61.7864
0.253061224489796 42.5444
0.257142857142857 38.6099
0.261224489795918 17.318
0.26530612244898 3.43579
0.269387755102041 0.916123
0.273469387755102 0.0693997
0.277551020408163 0.746111
0.281632653061224 1.26387
0.285714285714286 3.57521
0.289795918367347 5.59605
0.293877551020408 5.45774
0.297959183673469 5.10976
0.302040816326531 3.32825
0.306122448979592 4.45422
0.310204081632653 16.6537
0.314285714285714 31.1584
0.318367346938775 35.587
0.322448979591837 50.9541
0.326530612244898 62.3601
0.330612244897959 73.3189
0.33469387755102 142.792
0.338775510204082 442.852
0.342857142857143 355.981
0.346938775510204 380.781
0.351020408163265 422.626
0.355102040816327 413.384
0.359183673469388 407.602
0.363265306122449 350.19
0.36734693877551 300.655
0.371428571428571 239.788
0.375510204081633 191.988
0.379591836734694 147.105
0.383673469387755 100.444
0.387755102040816 62.6078
0.391836734693878 42.2438
0.395918367346939 23.6332
0.4 16.352
0.404081632653061 10.9083
0.408163265306122 8.61935
0.412244897959184 7.54946
0.416326530612245 6.78769
0.420408163265306 6.09112
0.424489795918367 5.33072
0.428571428571429 4.43145
0.43265306122449 3.60408
0.436734693877551 2.34991
0.440816326530612 1.41603
0.444897959183673 0.674347
0.448979591836735 3.7033
0.453061224489796 28.8555
0.457142857142857 19.5678
0.461224489795918 22.0896
0.46530612244898 0.0772377
0.469387755102041 0.186443
0.473469387755102 83.9181
0.477551020408163 88.2868
0.481632653061224 49.4379
0.485714285714286 48.8539
0.489795918367347 78.6903
0.493877551020408 48.8559
0.497959183673469 57.6357
0.502040816326531 51.0115
0.506122448979592 31.1244
0.510204081632653 64.0647
0.514285714285714 30.1472
0.518367346938776 30.542
0.522448979591837 26.3168
0.526530612244898 11.2234
0.530612244897959 52.3008
0.53469387755102 39.1102
0.538775510204082 30.1406
0.542857142857143 72.2657
0.546938775510204 38.614
0.551020408163265 34.4976
0.555102040816327 14.9415
0.559183673469388 17.619
0.563265306122449 11.6532
0.56734693877551 12.8516
0.571428571428571 0.0
0.575510204081633 5.45013
0.579591836734694 12.3647
0.583673469387755 64.7284
0.587755102040816 107.941
0.591836734693878 354.88
0.595918367346939 332.907
0.6 343.719
0.604081632653061 527.858
0.608163265306122 471.584
0.612244897959184 397.615
0.616326530612245 338.014
0.620408163265306 287.779
0.624489795918367 232.805
0.628571428571429 186.599
0.63265306122449 144.253
0.636734693877551 105.245
0.640816326530612 70.3605
0.644897959183673 47.9166
0.648979591836735 31.2851
0.653061224489796 18.2851
0.657142857142857 8.62574
0.661224489795918 5.85035
0.66530612244898 3.5818
0.669387755102041 2.03644
0.673469387755102 1.21449
0.677551020408163 1.44464
0.681632653061224 1.44475
0.685714285714286 1.26246
0.689795918367347 1.03265
0.693877551020408 0.724365
0.697959183673469 0.509411
0.702040816326531 4.43644
0.706122448979592 0.266025
0.710204081632653 0.246267
0.714285714285714 2.14102
0.718367346938775 0.179708
0.722448979591837 28.6601
0.726530612244898 2.76578
0.730612244897959 3.14816
0.73469387755102 21.911
0.738775510204082 7.98869
0.742857142857143 0.0
0.746938775510204 46.8265
0.751020408163265 7.09722
0.755102040816326 7.83031
0.759183673469388 18.5081
0.763265306122449 19.324
0.76734693877551 17.56
0.771428571428571 18.6084
0.775510204081633 17.5246
0.779591836734694 80.3657
0.783673469387755 8.10615
0.787755102040816 90.5902
0.791836734693877 2.016
0.795918367346939 10.3395
0.8 21.123
0.804081632653061 31.7237
0.808163265306122 6.69684
0.812244897959184 45.7195
0.816326530612245 0.00692407
0.820408163265306 0.174875
0.824489795918367 5.25812
0.828571428571429 8.53042
0.83265306122449 22.0837
0.836734693877551 1.74745
0.840816326530612 96.7298
0.844897959183673 59.8591
0.848979591836735 70.1046
0.853061224489796 75.4289
0.857142857142857 74.7421
0.861224489795918 58.6789
0.86530612244898 46.4166
0.869387755102041 38.1492
0.873469387755102 25.3478
0.877551020408163 22.179
0.881632653061225 11.4944
0.885714285714286 9.10465
0.889795918367347 3.81215
0.893877551020408 1.32819
0.897959183673469 0.0
0.902040816326531 0.0
0.906122448979592 0.0
0.910204081632653 0.0
0.914285714285714 0.0
0.918367346938776 0.0
0.922448979591837 0.665809
0.926530612244898 9.0608
0.930612244897959 15.3049
0.93469387755102 32.3931
0.938775510204082 103.714
0.942857142857143 138.689
0.946938775510204 218.473
0.951020408163265 300.262
0.955102040816327 347.724
0.959183673469388 375.805
0.963265306122449 354.002
0.96734693877551 320.563
0.971428571428571 275.199
0.975510204081633 228.647
0.979591836734694 184.946
0.983673469387755 141.915
0.987755102040816 103.721
0.991836734693878 68.3346
0.995918367346939 41.9245
1.0 25.6963
1.00408163265306 15.5555
1.00816326530612 10.5583
1.01224489795918 7.26579
1.01632653061224 5.21269
1.02040816326531 3.99303
1.02448979591837 2.98564
1.02857142857143 2.05918
1.03265306122449 5.0561
1.03673469387755 3.9615
1.04081632653061 1.34989
1.04489795918367 1.29784
1.04897959183673 1.1622
1.0530612244898 0.931873
1.05714285714286 0.600034
1.06122448979592 0.162625
1.06530612244898 0.0
1.06938775510204 0.0
1.0734693877551 0.0
1.07755102040816 88.5929
1.08163265306122 55.1404
1.08571428571429 116.359
1.08979591836735 222.065
1.09387755102041 267.031
1.09795918367347 264.593
1.10204081632653 231.77
1.10612244897959 202.784
1.11020408163265 166.464
1.11428571428571 136.676
1.11836734693878 101.92
1.12244897959184 70.1843
1.1265306122449 43.2078
1.13061224489796 20.5505
1.13469387755102 6.67847
1.13877551020408 3.97975
1.14285714285714 3.51955
1.1469387755102 2.29941
1.15102040816327 1.88204
1.15510204081633 1.22275
1.15918367346939 0.67536
1.16326530612245 0.00487765
1.16734693877551 0.0
1.17142857142857 0.0
1.17551020408163 0.0
1.17959183673469 0.0
1.18367346938776 0.0
1.18775510204082 1.15967
1.19183673469388 0.0
1.19591836734694 0.0
1.2 0.0
1.20408163265306 0.0
1.20816326530612 0.0
1.21224489795918 0.0
1.21632653061224 0.335673
1.22040816326531 0.101348
1.22448979591837 1.36341
1.22857142857143 3.83425
1.23265306122449 6.00811
1.23673469387755 6.69932
1.24081632653061 6.90004
1.24489795918367 3.63431
1.24897959183673 6.45934
1.2530612244898 5.77919
1.25714285714286 5.39246
1.26122448979592 4.03272
1.26530612244898 5.76368
1.26938775510204 3.45561
1.2734693877551 2.80943
1.27755102040816 9.90546
1.28163265306122 18.6651
1.28571428571429 31.957
1.28979591836735 45.6773
1.29387755102041 38.6476
1.29795918367347 57.4107
1.30204081632653 65.9111
1.30612244897959 70.959
1.31020408163265 62.5909
1.31428571428571 51.7544
1.31836734693878 43.0315
1.32244897959184 30.4899
1.3265306122449 25.0532
1.33061224489796 23.939
1.33469387755102 25.9905
1.33877551020408 39.1936
1.34285714285714 56.6297
1.3469387755102 231.947
1.35102040816327 419.177
1.35510204081633 345.679
1.35918367346939 470.295
1.36326530612245 503.041
1.36734693877551 469.431
1.37142857142857 401.63
1.37551020408163 347.1
1.37959183673469 287.716
1.38367346938776 234.408
1.38775510204082 184.977
1.39183673469388 141.147
1.39591836734694 98.1151
1.4 61.6774
1.40408163265306 41.1396
1.40816326530612 23.326
1.41224489795918 14.0545
1.41632653061225 8.97953
1.42040816326531 5.41913
1.42448979591837 2.85414
1.42857142857143 1.47886
1.43265306122449 0.864493
1.43673469387755 0.223299
1.44081632653061 0.0
1.44489795918367 0.216668
1.44897959183673 1.14027
1.4530612244898 1.96682
1.45714285714286 3.16486
1.46122448979592 27.3588
1.46530612244898 1.22746
1.46938775510204 3.07671
1.4734693877551 1.07611
1.47755102040816 28.1637
1.48163265306122 48.778
1.48571428571429 7.83555
1.48979591836735 4.99709
1.49387755102041 18.7602
1.49795918367347 2.90432
1.50204081632653 14.3325
1.50612244897959 9.22539
1.51020408163265 27.5774
1.51428571428571 29.9963
1.51836734693878 12.8695
1.52244897959184 28.3888
1.5265306122449 40.175
1.53061224489796 25.7875
1.53469387755102 38.5761
1.53877551020408 20.6393
1.54285714285714 25.911
1.5469387755102 13.5421
1.55102040816327 12.3589
1.55510204081633 9.35825
1.55918367346939 8.38197
1.56326530612245 13.482
1.56734693877551 31.4739
1.57142857142857 1.78049
1.57551020408163 4.39057
1.57959183673469 11.3632
1.58367346938775 70.99
1.58775510204082 96.2984
1.59183673469388 178.727
1.59591836734694 231.344
1.6 272.63
1.60408163265306 255.588
1.60816326530612 219.727
1.61224489795918 181.858
1.61632653061224 149.457
1.62040816326531 116.867
1.62448979591837 92.1689
1.62857142857143 59.5076
1.63265306122449 45.6619
1.63673469387755 47.4079
1.64081632653061 63.1154
1.64489795918367 84.5644
1.64897959183673 101.717
1.6530612244898 109.377
1.65714285714286 110.73
1.66122448979592 103.063
1.66530612244898 78.6219
1.66938775510204 62.5268
1.6734693877551 41.8957
1.67755102040816 34.6336
1.68163265306122 20.7152
1.68571428571429 14.6542
1.68979591836735 3.07442
1.69387755102041 1.24216
1.69795918367347 0.335094
1.70204081632653 0.322203
1.70612244897959 0.318492
1.71020408163265 0.46403
1.71428571428571 1.35582
1.71836734693878 2.57109
1.72244897959184 3.65026
1.7265306122449 4.01278
1.73061224489796 27.0963
1.73469387755102 9.21794
1.73877551020408 27.9396
1.74285714285714 8.93639
1.7469387755102 11.5542
1.75102040816327 18.7736
1.75510204081633 6.30832
1.75918367346939 1.55675
1.76326530612245 1.34306
1.76734693877551 1.32751
1.77142857142857 1.65331
1.77551020408163 1.55201
1.77959183673469 1.37073
1.78367346938776 13.5994
1.78775510204082 9.92167
1.79183673469388 31.9287
1.79591836734694 19.1012
1.8 20.8409
1.80408163265306 16.7646
1.80816326530612 7.70258
1.81224489795918 23.3094
1.81632653061224 0.656595
1.82040816326531 7.49505
1.82448979591837 2.80751
1.82857142857143 2.11165
1.83265306122449 11.4475
1.83673469387755 2.05387
1.84081632653061 9.4193
1.84489795918367 5.64247
1.84897959183673 4.82965
1.8530612244898 25.4204
1.85714285714286 0.44393
1.86122448979592 10.8417
1.86530612244898 32.0629
1.86938775510204 0.0
1.8734693877551 29.524
1.87755102040816 15.8216
1.88163265306122 11.0345
1.88571428571429 0.29556
1.88979591836735 0.814075
1.89387755102041 5.81409
1.89795918367347 0.723089
1.90204081632653 8.9013
1.90612244897959 12.4796
1.91020408163265 0.434508
1.91428571428571 26.6894
1.91836734693878 2.05132
1.92244897959184 14.3178
1.9265306122449 6.62158
1.93061224489796 11.9052
1.93469387755102 11.9515
1.93877551020408 0.198785
1.94285714285714 10.6807
1.9469387755102 0.130888
1.95102040816327 0.0300581
1.95510204081633 22.6562
1.95918367346939 0.227675
1.96326530612245 7.51474
1.96734693877551 0.329976
1.97142857142857 0.269612
1.97551020408163 17.7527
1.97959183673469 3.36323
1.98367346938776 50.1362
1.98775510204082 28.8819
1.99183673469388 1.02277
1.99591836734694 29.366
2.0 19.8531
2.00408163265306 34.3969
2.00816326530612 0.781337
2.01224489795918 16.6751
2.01632653061225 32.8848
2.02040816326531 0.134806
2.02448979591837 12.3944
2.02857142857143 1.59088
2.03265306122449 0.984361
2.03673469387755 22.9123
2.04081632653061 1.82465
2.04489795918367 29.2582
2.04897959183673 1.39763
2.0530612244898 1.49421
2.05714285714286 14.3203
2.06122448979592 0.0
2.06530612244898 48.5823
2.06938775510204 9.20996
2.0734693877551 1.18698
2.07755102040816 18.6678
2.08163265306122 0.436266
2.08571428571429 45.4021
2.08979591836735 20.0006
2.09387755102041 72.7006
2.09795918367347 142.716
2.10204081632653 260.53
2.10612244897959 208.367
2.11020408163265 198.089
2.11428571428571 230.972
2.11836734693878 259.871
2.12244897959184 236.019
2.1265306122449 222.026
2.13061224489796 209.468
2.13469387755102 194.947
2.13877551020408 170.84
2.14285714285714 143.292
2.1469387755102 114.254
2.15102040816327 86.0406
2.15510204081633 61.7492
2.15918367346939 36.1902
2.16326530612245 11.8525
2.16734693877551 0.0138382
2.17142857142857 0.0
2.17551020408163 0.0
2.17959183673469 0.0
2.18367346938776 0.0
2.18775510204082 0.0
2.19183673469388 0.0
2.19591836734694 0.0
2.2 0.0
2.20408163265306 0.0
2.20816326530612 0.0
2.21224489795918 0.0
2.21632653061224 0.0
2.22040816326531 0.0
2.22448979591837 0.0
2.22857142857143 2.08437
2.23265306122449 5.50634
2.23673469387755 7.52082
2.24081632653061 8.1421
2.24489795918367 8.94373
2.24897959183673 9.63902
2.2530612244898 9.94789
2.25714285714286 12.7104
2.26122448979592 12.6846
2.26530612244898 10.2522
2.26938775510204 5.21947
2.2734693877551 0.89403
2.27755102040816 1.08254
2.28163265306122 3.48975
2.28571428571429 9.81146
2.28979591836735 15.5407
2.29387755102041 7.77429
2.29795918367347 15.9481
2.30204081632653 14.0028
2.30612244897959 0.0
2.31020408163265 0.0
2.31428571428571 0.868897
2.31836734693878 7.46463
2.32244897959184 3.25814
2.3265306122449 5.67083
2.33061224489796 13.3857
2.33469387755102 26.6537
2.33877551020408 36.8232
2.34285714285714 47.587
2.3469387755102 57.0451
2.35102040816327 84.1727
2.35510204081633 86.4242
2.35918367346939 73.2723
2.36326530612245 85.8451
2.36734693877551 85.5349
2.37142857142857 85.3982
2.37551020408163 106.107
2.37959183673469 130.723
2.38367346938776 146.562
2.38775510204082 174.549
2.39183673469388 193.284
2.39591836734694 194.718
2.4 177.363
2.40408163265306 149.256
2.40816326530612 119.606
2.41224489795918 90.5644
2.41632653061225 65.3836
2.42040816326531 44.2086
2.42448979591837 26.1395
2.42857142857143 11.681
2.43265306122449 5.48714
2.43673469387755 2.55086
2.44081632653061 1.56172
2.44489795918367 1.53793
2.44897959183673 1.51188
2.4530612244898 1.63064
2.45714285714286 2.11897
2.46122448979592 3.05059
2.46530612244898 5.98389
2.46938775510204 1.84279
2.4734693877551 6.98731
2.47755102040816 3.90188
2.48163265306122 3.51871
2.48571428571429 5.20144
2.48979591836735 35.45
2.49387755102041 49.75
2.49795918367347 25.7077
2.50204081632653 20.6251
2.50612244897959 14.206
2.51020408163265 11.2834
2.51428571428571 14.1855
2.51836734693878 16.7046
2.52244897959184 20.8855
2.5265306122449 31.8602
2.53061224489796 18.5885
2.53469387755102 16.7155
2.53877551020408 18.9474
2.54285714285714 17.6995
2.5469387755102 27.539
2.55102040816327 46.6982
2.55510204081633 30.6285
2.55918367346939 32.9464
2.56326530612245 41.4828
2.56734693877551 84.7778
2.57142857142857 128.527
2.57551020408163 153.842
2.57959183673469 164.425
2.58367346938775 159.17
2.58775510204082 158.15
2.59183673469388 152.616
2.59591836734694 136.939
2.6 120.483
2.60408163265306 101.647
2.60816326530612 85.2257
2.61224489795918 70.2657
2.61632653061224 56.8655
2.62040816326531 44.1186
2.62448979591837 38.1256
2.62857142857143 31.1214
2.63265306122449 30.7446
2.63673469387755 44.9417
2.64081632653061 61.1752
2.64489795918367 184.388
2.64897959183673 164.325
2.6530612244898 228.744
2.65714285714286 250.341
2.66122448979592 244.243
2.66530612244898 221.354
2.66938775510204 207.799
2.6734693877551 183.166
2.67755102040816 143.068
2.68163265306122 118.104
2.68571428571429 92.9977
2.68979591836735 62.5529
2.69387755102041 47.4495
2.69795918367347 39.2732
2.70204081632653 30.5131
2.70612244897959 26.4033
2.71020408163265 24.0524
2.71428571428571 21.5181
2.71836734693878 18.4707
2.72244897959184 15.2092
2.7265306122449 11.3218
2.73061224489796 7.10599
2.73469387755102 4.26517
2.73877551020408 10.3762
2.74285714285714 0.779967
2.7469387755102 0.410557
2.75102040816327 1.07662
2.75510204081633 1.54684
2.75918367346939 2.51166
2.76326530612245 2.44845
2.76734693877551 10.8879
2.77142857142857 2.64767
2.77551020408163 1.95914
2.77959183673469 14.7662
2.78367346938776 9.7781
2.78775510204082 33.4726
2.79183673469388 31.8194
2.79591836734694 0.0
2.8 35.7636
2.80408163265306 16.674
2.80816326530612 22.1677
2.81224489795918 35.5229
2.81632653061224 25.9786
2.82040816326531 30.6463
2.82448979591837 22.991
2.82857142857143 30.0465
2.83265306122449 22.4768
2.83673469387755 23.6418
2.84081632653061 13.3816
2.84489795918367 9.96145
2.84897959183673 13.9383
2.8530612244898 4.23756
2.85714285714286 16.8622
2.86122448979592 1.10265
2.86530612244898 0.114029
2.86938775510204 0.145932
2.8734693877551 0.338306
2.87755102040816 0.316223
2.88163265306122 4.42332
2.88571428571429 0.0230521
2.88979591836735 0.206058
2.89387755102041 0.178089
2.89795918367347 0.0231067
2.90204081632653 1.55056
2.90612244897959 1.70274
2.91020408163265 29.1478
2.91428571428571 39.4814
2.91836734693878 81.0495
2.92244897959184 105.203
2.9265306122449 89.5342
2.93061224489796 94.9811
2.93469387755102 87.7967
2.93877551020408 66.868
2.94285714285714 50.0726
2.9469387755102 41.5618
2.95102040816327 15.236
2.95510204081633 3.54731
2.95918367346939 0.725269
2.96326530612245 0.0
2.96734693877551 0.0
2.97142857142857 0.141044
2.97551020408163 0.153507
2.97959183673469 0.217299
2.98367346938775 0.199139
2.98775510204082 0.145763
2.99183673469388 0.0187258
2.99591836734694 0.0
3.0 1.7063
3.00408163265306 0.0
3.00816326530612 2.28726
3.01224489795918 41.0035
3.01632653061225 11.9656
3.02040816326531 27.3497
3.02448979591837 82.2104
3.02857142857143 238.825
3.03265306122449 220.736
3.03673469387755 255.779
3.04081632653061 319.693
3.04489795918367 354.381
3.04897959183673 328.013
3.0530612244898 297.276
3.05714285714286 261.475
3.06122448979592 212.727
3.06530612244898 173.838
3.06938775510204 131.532
3.0734693877551 94.1327
3.07755102040816 59.5557
3.08163265306122 34.728
3.08571428571429 20.7882
3.08979591836735 13.1923
3.09387755102041 5.68205
3.09795918367347 4.29211
3.10204081632653 3.27577
3.10612244897959 2.28464
3.11020408163265 1.78549
3.11428571428571 1.41691
3.11836734693878 1.28834
3.12244897959184 1.78518
3.1265306122449 2.94748
3.13061224489796 19.3795
3.13469387755102 23.3456
3.13877551020408 20.968
3.14285714285714 27.8163
3.1469387755102 47.7597
3.15102040816327 120.694
3.15510204081633 103.004
3.15918367346939 121.518
3.16326530612245 149.568
3.16734693877551 155.477
3.17142857142857 134.806
3.17551020408163 110.912
3.17959183673469 85.6491
3.18367346938776 58.1734
3.18775510204082 36.9816
3.19183673469388 20.2068
3.19591836734694 8.45332
3.2 1.9665
3.20408163265306 1.53159
3.20816326530612 1.34844
3.21224489795918 0.619995
3.21632653061224 0.0
3.22040816326531 0.0
3.22448979591837 0.374476
3.22857142857143 4.1732
3.23265306122449 7.47292
3.23673469387755 5.44589
3.24081632653061 4.13763
3.24489795918367 3.53875
3.24897959183673 2.8879
3.2530612244898 0.496981
3.25714285714286 0.0
3.26122448979592 0.0
3.26530612244898 0.0
3.26938775510204 0.0
3.2734693877551 0.0
3.27755102040816 0.0
3.28163265306122 0.0
3.28571428571429 0.355442
3.28979591836735 0.0
3.29387755102041 0.0
3.29795918367347 0.0
3.30204081632653 1.46073
3.30612244897959 4.33048
3.31020408163265 7.86028
3.31428571428571 21.8266
3.31836734693878 29.1574
3.32244897959184 26.2434
3.3265306122449 22.9356
3.33061224489796 15.523
3.33469387755102 8.0548
3.33877551020408 4.15662
3.34285714285714 2.40766
3.3469387755102 0.91435
3.35102040816327 0.0
3.35510204081633 0.0
3.35918367346939 0.0
3.36326530612245 0.0
3.36734693877551 0.0
3.37142857142857 0.0
3.37551020408163 0.0
3.37959183673469 0.0
3.38367346938776 0.229577
3.38775510204082 8.24669
3.39183673469388 23.4398
3.39591836734694 22.8278
3.4 9.93702
3.40408163265306 7.78699
3.40816326530612 28.5781
3.41224489795918 33.5064
3.41632653061225 72.2099
3.42040816326531 131.094
3.42448979591837 192.064
3.42857142857143 291.965
3.43265306122449 299.92
3.43673469387755 325.402
3.44081632653061 491.724
3.44489795918367 403.017
3.44897959183673 390.728
3.4530612244898 316.085
3.45714285714286 325.599
3.46122448979592 253.23
3.46530612244898 234.003
3.46938775510204 188.516
3.4734693877551 151.448
3.47755102040816 107.364
3.48163265306122 85.3912
3.48571428571429 70.3929
3.48979591836735 56.4089
3.49387755102041 43.808
3.49795918367347 32.667
3.50204081632653 23.3562
3.50612244897959 15.5263
3.51020408163265 8.84641
3.51428571428571 4.35466
3.51836734693878 2.81026
3.52244897959184 1.89757
3.5265306122449 0.878119
3.53061224489796 6.75979
3.53469387755102 2.40484
3.53877551020408 0.142351
3.54285714285714 15.3563
3.5469387755102 0.50736
3.55102040816327 1.46595
3.55510204081633 16.9276
3.55918367346939 17.8747
3.56326530612245 21.4632
3.56734693877551 26.5149
3.57142857142857 12.4249
3.57551020408163 4.37332
3.57959183673469 3.33698
3.58367346938775 59.3906
3.58775510204082 0.498445
3.59183673469388 35.9754
3.59591836734694 11.0642
3.6 53.2259
3.60408163265306 49.401
3.60816326530612 64.6735
3.61224489795918 60.4039
3.61632653061224 60.7853
3.62040816326531 49.3943
3.62448979591837 27.0347
3.62857142857143 85.417
3.63265306122449 34.1066
3.63673469387755 23.5229
3.64081632653061 5.77201
3.64489795918367 108.828
3.64897959183673 16.6078
3.6530612244898 41.527
3.65714285714286 7.86225
3.66122448979592 26.4235
3.66530612244898 31.3911
3.66938775510204 0.0
3.6734693877551 10.5002
3.67755102040816 5.8316
3.68163265306122 36.0627
3.68571428571429 13.4494
3.68979591836735 43.3292
3.69387755102041 49.2552
3.69795918367347 0.0
3.70204081632653 135.469
3.70612244897959 280.108
3.71020408163265 9.78072
3.71428571428571 237.697
3.71836734693878 199.979
3.72244897959184 167.828
3.7265306122449 229.657
3.73061224489796 177.681
3.73469387755102 132.255
3.73877551020408 137.297
3.74285714285714 112.423
3.7469387755102 92.0152
3.75102040816327 72.1007
3.75510204081633 57.8779
3.75918367346939 38.22
3.76326530612245 29.5004
3.76734693877551 14.8762
3.77142857142857 9.23563
3.77551020408163 5.55832
3.77959183673469 4.1955
3.78367346938776 2.1887
3.78775510204082 1.33783
3.79183673469388 0.738318
3.79591836734694 0.289321
3.8 1.90126
3.80408163265306 4.13219
3.80816326530612 4.67762
3.81224489795918 4.87229
3.81632653061224 5.05486
3.82040816326531 8.10849
3.82448979591837 17.8794
3.82857142857143 11.257
3.83265306122449 17.1183
3.83673469387755 14.1199
3.84081632653061 114.744
3.84489795918367 6.63021
3.84897959183673 4.09169
3.8530612244898 70.3493
3.85714285714286 3.13599
3.86122448979592 23.661
3.86530612244898 31.9764
3.86938775510204 2.30931
3.8734693877551 37.1831
3.87755102040816 5.57049
3.88163265306122 0.862201
3.88571428571429 2.02473
3.88979591836735 42.3831
3.89387755102041 25.4928
3.89795918367347 99.0277
3.90204081632653 13.9128
3.90612244897959 12.8763
3.91020408163265 10.1323
3.91428571428571 21.807
3.91836734693878 4.29803
3.92244897959184 64.9942
3.9265306122449 22.5663
3.93061224489796 24.316
3.93469387755102 2.68644
3.93877551020408 0.328223
3.94285714285714 13.7076
3.9469387755102 19.0661
3.95102040816327 30.9961
3.95510204081633 44.1727
3.95918367346939 34.8131
3.96326530612245 15.0614
3.96734693877551 37.0166
3.97142857142857 56.5871
3.97551020408163 41.8403
3.97959183673469 55.2659
3.98367346938775 24.6204
3.98775510204082 24.2893
3.99183673469388 17.5896
3.99591836734694 9.11651
4.0 11.5024
4.00408163265306 102.638
4.00816326530612 7.82542
4.01224489795918 62.3616
4.01632653061225 11.6451
4.02040816326531 22.9749
4.02448979591837 32.8638
4.02857142857143 32.6664
4.03265306122449 24.6754
4.03673469387755 31.4709
4.04081632653061 19.9784
4.04489795918367 2.61774
4.04897959183673 2.47291
4.0530612244898 13.7452
4.05714285714286 3.82194
4.06122448979592 37.3265
4.06530612244898 21.6619
4.06938775510204 4.64314
4.0734693877551 20.4527
4.07755102040816 13.0363
4.08163265306122 19.4778
4.08571428571429 69.7092
4.08979591836735 20.6539
4.09387755102041 7.0352
4.09795918367347 8.27975
4.10204081632653 14.7627
4.10612244897959 29.1361
4.11020408163265 22.4224
4.11428571428571 19.3502
4.11836734693878 80.7258
4.12244897959184 26.5926
4.1265306122449 3.20679
4.13061224489796 6.02114
4.13469387755102 45.4964
4.13877551020408 8.02421
4.14285714285714 42.8601
4.1469387755102 10.4796
4.15102040816326 11.9607
4.15510204081633 15.4784
4.15918367346939 21.1224
4.16326530612245 23.3694
4.16734693877551 44.0591
4.17142857142857 21.7438
4.17551020408163 51.0394
4.17959183673469 19.1053
4.18367346938776 15.2175
4.18775510204082 62.7598
4.19183673469388 57.2718
4.19591836734694 117.747
4.2 148.951
4.20408163265306 133.566
4.20816326530612 133.128
4.21224489795918 136.242
4.21632653061225 137.662
4.22040816326531 173.351
4.22448979591837 140.386
4.22857142857143 192.857
4.23265306122449 235.741
4.23673469387755 276.449
4.24081632653061 259.118
4.24489795918367 243.992
4.24897959183673 215.015
4.2530612244898 181.291
4.25714285714286 144.344
4.26122448979592 106.128
4.26530612244898 69.4112
4.26938775510204 32.5094
4.2734693877551 10.6847
4.27755102040816 1.72167
4.28163265306122 0.0
4.28571428571429 0.0
4.28979591836735 0.0
4.29387755102041 0.0
4.29795918367347 0.0
4.30204081632653 0.0
4.30612244897959 0.192026
4.31020408163265 4.49519
4.31428571428571 0.0
4.31836734693878 8.37577
4.32244897959184 13.4861
4.3265306122449 30.4513
4.33061224489796 32.3444
4.33469387755102 41.804
4.33877551020408 39.8154
4.34285714285714 35.3731
4.3469387755102 30.4243
4.35102040816327 27.4778
4.35510204081633 22.8035
4.35918367346939 14.7089
4.36326530612245 12.5616
4.36734693877551 11.8088
4.37142857142857 11.8941
4.37551020408163 12.8508
4.37959183673469 12.6764
4.38367346938776 11.5362
4.38775510204082 9.83425
4.39183673469388 7.86223
4.39591836734694 14.0271
4.4 3.65321
4.40408163265306 5.59531
4.40816326530612 3.41355
4.41224489795918 13.3853
4.41632653061224 22.7112
4.42040816326531 26.1706
4.42448979591837 11.5811
4.42857142857143 20.9922
4.43265306122449 20.3134
4.43673469387755 25.6088
4.44081632653061 26.0795
4.44489795918367 27.5071
4.44897959183673 26.5072
4.4530612244898 31.5207
4.45714285714286 51.7742
4.46122448979592 58.3089
4.46530612244898 65.6271
4.46938775510204 68.8472
4.4734693877551 95.8854
4.47755102040816 92.3211
4.48163265306122 133.115
4.48571428571429 513.232
4.48979591836735 368.025
4.49387755102041 344.538
4.49795918367347 384.826
4.50204081632653 369.972
4.50612244897959 321.227
4.51020408163265 280.644
4.51428571428571 240.653
4.51836734693878 182.352
4.52244897959184 129.238
4.5265306122449 95.513
4.53061224489796 80.0326
4.53469387755102 54.0165
4.53877551020408 36.8747
4.54285714285714 28.391
4.5469387755102 21.2014
4.55102040816327 15.5977
4.55510204081633 11.1924
4.55918367346939 7.26353
4.56326530612245 3.85256
4.56734693877551 6.66487
4.57142857142857 7.30286
4.57551020408163 4.00833
4.57959183673469 8.32931
4.58367346938776 11.9838
4.58775510204082 62.3566
4.59183673469388 38.1073
4.59591836734694 28.7152
4.6 26.5853
4.60408163265306 36.7135
4.60816326530612 26.5791
4.61224489795918 10.7704
4.61632653061224 13.4057
4.62040816326531 36.2809
4.62448979591837 15.2381
4.62857142857143 17.141
4.63265306122449 20.8204
4.63673469387755 22.1178
4.64081632653061 4.51765
4.64489795918367 15.8025
4.64897959183673 3.9202
4.6530612244898 1.96134
4.65714285714286 0.0
4.66122448979592 10.6503
4.66530612244898 3.56088
4.66938775510204 33.1475
4.6734693877551 15.2993
4.67755102040816 17.3019
4.68163265306122 46.1323
4.68571428571429 36.8852
4.68979591836735 4.86241
4.69387755102041 14.3292
4.69795918367347 29.9705
4.70204081632653 26.7087
4.70612244897959 6.11987
4.71020408163265 6.14929
4.71428571428571 14.3562
4.71836734693878 0.604616
4.72244897959184 27.0671
4.7265306122449 2.78545
4.73061224489796 29.4535
4.73469387755102 17.1921
4.73877551020408 21.1434
4.74285714285714 158.882
4.7469387755102 208.405
4.75102040816327 141.104
4.75510204081633 308.091
4.75918367346939 338.536
4.76326530612245 426.118
4.76734693877551 330.309
4.77142857142857 333.773
4.77551020408163 332.403
4.77959183673469 257.091
4.78367346938775 220.761
4.78775510204082 184.843
4.79183673469388 142.698
4.79591836734694 112.655
4.8 84.1473
4.80408163265306 59.6519
4.80816326530612 40.9655
4.81224489795918 21.4087
4.81632653061224 14.141
4.82040816326531 2.75912
4.82448979591837 0.736793
4.82857142857143 0.596344
4.83265306122449 0.483195
4.83673469387755 0.281612
4.84081632653061 3.36325
4.84489795918367 2.19572
4.84897959183674 2.17008
4.8530612244898 3.32561
4.85714285714286 4.04219
4.86122448979592 4.55583
4.86530612244898 6.55682
4.86938775510204 8.4563
4.8734693877551 7.40504
4.87755102040816 7.06728
4.88163265306122 6.01147
4.88571428571429 65.0391
4.88979591836735 1.52926
4.89387755102041 1.21432
4.89795918367347 89.1828
4.90204081632653 39.6869
4.90612244897959 65.326
4.91020408163265 50.3672
4.91428571428571 59.9828
4.91836734693878 84.221
4.92244897959184 33.1852
4.9265306122449 70.843
4.93061224489796 24.7014
4.93469387755102 4.6951
4.93877551020408 8.90817
4.94285714285714 96.8451
4.9469387755102 13.2491
4.95102040816327 66.4335
4.95510204081633 12.5097
4.95918367346939 85.5229
4.96326530612245 8.12287
4.96734693877551 32.1897
4.97142857142857 8.95905
4.97551020408163 19.5031
4.97959183673469 58.1477
4.98367346938775 16.4018
4.98775510204082 12.0317
4.99183673469388 11.3161
4.99591836734694 66.7793
5.0 5.54478
5.00408163265306 47.4457
5.00816326530612 0.0
5.01224489795918 14.5457
5.01632653061225 12.6844
5.02040816326531 6.20367
5.02448979591837 0.144402
5.02857142857143 73.2462
5.03265306122449 80.9515
5.03673469387755 90.2805
5.04081632653061 84.3538
5.04489795918367 110.778
5.04897959183673 81.2841
5.0530612244898 53.1712
5.05714285714286 55.7702
5.06122448979592 44.4138
5.06530612244898 37.6087
5.06938775510204 23.6766
5.0734693877551 14.9801
5.07755102040816 11.8713
5.08163265306122 7.07591
5.08571428571429 0.0
5.08979591836735 2.79224
5.09387755102041 11.7383
5.09795918367347 0.0
5.10204081632653 0.0
5.10612244897959 0.0
5.11020408163265 0.146608
5.11428571428571 0.0585119
5.11836734693878 0.0
5.12244897959184 16.0528
5.1265306122449 48.4873
5.13061224489796 119.814
5.13469387755102 286.971
5.13877551020408 234.652
5.14285714285714 321.386
5.1469387755102 291.214
5.15102040816326 315.741
5.15510204081633 279.241
5.15918367346939 259.26
5.16326530612245 219.742
5.16734693877551 182.21
5.17142857142857 137.348
5.17551020408163 99.8197
5.17959183673469 69.6036
5.18367346938776 44.9082
5.18775510204082 29.3223
5.19183673469388 14.5487
5.19591836734694 7.9546
5.2 3.2718
5.20408163265306 2.4411
5.20816326530612 2.1813
5.21224489795918 1.55693
5.21632653061225 1.35347
5.22040816326531 1.28759
5.22448979591837 1.06375
5.22857142857143 1.05852
5.23265306122449 4.21923
5.23673469387755 0.774622
5.24081632653061 0.689983
5.24489795918367 0.756085
5.24897959183673 0.833323
5.2530612244898 59.1769
5.25714285714286 14.6838
5.26122448979592 60.3613
5.26530612244898 29.6879
5.26938775510204 27.5126
5.2734693877551 15.1658
5.27755102040816 90.8778
5.28163265306122 106.803
5.28571428571429 146.317
5.28979591836735 195.217
5.29387755102041 164.288
5.29795918367347 156.324
5.30204081632653 149.64
5.30612244897959 115.336
5.31020408163265 86.285
5.31428571428571 54.503
5.31836734693878 31.7723
5.32244897959184 19.4462
5.3265306122449 11.5769
5.33061224489796 2.21999
5.33469387755102 0.0
5.33877551020408 2.083
5.34285714285714 6.4866
5.3469387755102 11.8465
5.35102040816327 22.2886
5.35510204081633 21.8142
5.35918367346939 24.1592
5.36326530612245 8.78316
5.36734693877551 2.33623
5.37142857142857 0.0
5.37551020408163 2.49646
5.37959183673469 4.40093
5.38367346938776 7.66551
5.38775510204082 0.0
5.39183673469388 16.7239
5.39591836734694 10.8415
5.4 8.22899
5.40408163265306 8.26461
5.40816326530612 15.2036
5.41224489795918 3.39891
5.41632653061224 9.88157
5.42040816326531 14.5972
5.42448979591837 16.2185
5.42857142857143 18.004
5.43265306122449 14.553
5.43673469387755 14.4668
5.44081632653061 7.62032
5.44489795918367 5.98203
5.44897959183673 0.386759
5.4530612244898 3.66851
5.45714285714286 0.0328409
5.46122448979592 0.450948
5.46530612244898 0.0
5.46938775510204 1.27026
5.4734693877551 1.36193
5.47755102040816 0.570546
5.48163265306122 0.807305
5.48571428571429 0.333806
5.48979591836735 0.568887
5.49387755102041 8.29817
5.49795918367347 14.8277
5.50204081632653 30.1454
5.50612244897959 33.9438
5.51020408163265 60.0442
5.51428571428571 45.6944
5.51836734693878 74.1845
5.52244897959184 100.833
5.5265306122449 183.221
5.53061224489796 310.141
5.53469387755102 267.383
5.53877551020408 311.383
5.54285714285714 379.687
5.5469387755102 340.748
5.55102040816327 333.015
5.55510204081633 294.736
5.55918367346939 251.447
5.56326530612245 201.286
5.56734693877551 158.251
5.57142857142857 116.041
5.57551020408163 85.3151
5.57959183673469 56.7294
5.58367346938776 39.4077
5.58775510204082 27.5262
5.59183673469388 18.1251
5.59591836734694 10.8081
5.6 5.21542
5.60408163265306 2.13106
5.60816326530612 1.15305
5.61224489795918 0.868519
5.61632653061224 0.643571
5.62040816326531 8.2714
5.62448979591837 25.8623
5.62857142857143 17.7562
5.63265306122449 24.9055
5.63673469387755 27.7281
5.64081632653061 23.7836
5.64489795918367 16.397
5.64897959183673 19.7092
5.6530612244898 5.98187
5.65714285714286 22.4443
5.66122448979592 24.7237
5.66530612244898 2.86573
5.66938775510204 27.5884
5.6734693877551 29.2236
5.67755102040816 24.0289
5.68163265306122 87.8283
5.68571428571429 29.2102
5.68979591836735 30.096
5.69387755102041 32.8841
5.69795918367347 16.9872
5.70204081632653 31.3841
5.70612244897959 17.4812
5.71020408163265 20.9681
5.71428571428571 97.8288
5.71836734693878 7.66202
5.72244897959184 22.7447
5.7265306122449 40.0296
5.73061224489796 3.44039
5.73469387755102 9.31204
5.73877551020408 12.099
5.74285714285714 18.4805
5.7469387755102 6.68084
5.75102040816327 14.4647
5.75510204081633 9.34101
5.75918367346939 14.3724
5.76326530612245 11.4224
5.76734693877551 18.6027
5.77142857142857 24.7926
5.77551020408163 7.26912
5.77959183673469 7.85122
5.78367346938775 7.79392
5.78775510204082 16.3071
5.79183673469388 5.93364
5.79591836734694 9.77295
5.8 23.8509
5.80408163265306 21.4852
5.80816326530612 109.637
5.81224489795918 131.764
5.81632653061224 135.049
5.82040816326531 130.741
5.82448979591837 106.174
5.82857142857143 101.809
5.83265306122449 84.1625
5.83673469387755 54.0354
5.84081632653061 44.872
5.84489795918367 38.4112
5.84897959183674 17.2726
5.8530612244898 18.1599
5.85714285714286 7.54854
5.86122448979592 4.29898
5.86530612244898 2.48098
5.86938775510204 2.10077
5.8734693877551 2.16626
5.87755102040816 12.8103
5.88163265306122 0.444332
5.88571428571429 4.16604
5.88979591836735 0.877827
5.89387755102041 1.21486
5.89795918367347 2.81947
5.90204081632653 0.411431
5.90612244897959 8.54405
5.91020408163265 1.42592
5.91428571428571 0.843436
5.91836734693878 0.767688
5.92244897959184 1.40316
5.9265306122449 0.662463
5.93061224489796 0.263061
5.93469387755102 0.21559
5.93877551020408 10.8019
5.94285714285714 0.0
5.9469387755102 17.1932
5.95102040816327 20.7302
5.95510204081633 1.99951
5.95918367346939 1.21989
5.96326530612245 19.2841
5.96734693877551 30.1435
5.97142857142857 3.50183
5.97551020408163 6.53966
5.97959183673469 16.2796
5.98367346938775 25.0595
5.98775510204082 9.64295
5.99183673469388 0.239912
5.99591836734694 1.28204
6.0 18.1639
6.00408163265306 11.1337
6.00816326530612 0.72142
6.01224489795918 3.32624
6.01632653061225 0.812009
6.02040816326531 8.60082
6.02448979591837 0.373279
6.02857142857143 8.0262
6.03265306122449 0.00676513
6.03673469387755 0.0
6.04081632653061 3.50066
6.04489795918367 11.8642
6.04897959183673 6.42105
6.0530612244898 0.0
6.05714285714286 21.3093
6.06122448979592 5.21938
6.06530612244898 0.0784
6.06938775510204 15.3127
6.0734693877551 5.06771
6.07755102040816 55.5447
6.08163265306122 8.2346
6.08571428571429 8.96366
6.08979591836735 19.028
6.09387755102041 16.583
6.09795918367347 8.76261
6.10204081632653 8.20282
6.10612244897959 9.27868
6.11020408163265 7.01302
6.11428571428571 24.3251
6.11836734693878 9.65966
6.12244897959184 4.39379
6.1265306122449 4.49571
6.13061224489796 21.1987
6.13469387755102 22.9893
6.13877551020408 4.01006
6.14285714285714 4.89669
6.1469387755102 8.04739
6.15102040816326 9.62924
6.15510204081633 17.4688
6.15918367346939 5.75585
6.16326530612245 6.11877
6.16734693877551 5.93128
6.17142857142857 18.4154
6.17551020408163 27.7332
6.17959183673469 16.8231
6.18367346938776 15.365
6.18775510204082 48.713
6.19183673469388 18.1004
6.19591836734694 12.5704
6.2 1.23423
6.20408163265306 5.5838
6.20816326530612 59.548
6.21224489795918 2.31004
6.21632653061225 1.55033
6.22040816326531 2.05083
6.22448979591837 1.69277
6.22857142857143 22.2228
6.23265306122449 0.0
6.23673469387755 0.441998
6.24081632653061 31.3575
6.24489795918367 9.36346
6.24897959183673 22.0556
6.2530612244898 14.0102
6.25714285714286 9.95347
6.26122448979592 14.3115
6.26530612244898 11.1792
6.26938775510204 4.55495
6.2734693877551 5.75864
6.27755102040816 1.26157
6.28163265306122 24.4931
6.28571428571429 17.3116
6.28979591836735 1.35574
6.29387755102041 0.943308
6.29795918367347 5.12984
6.30204081632653 11.4604
6.30612244897959 1.39888
6.31020408163265 10.7839
6.31428571428571 5.14856
6.31836734693878 52.3972
6.32244897959184 6.54383
6.3265306122449 111.966
6.33061224489796 257.237
6.33469387755102 222.069
6.33877551020408 293.758
6.34285714285714 321.172
6.3469387755102 301.896
6.35102040816327 272.671
6.35510204081633 232.51
6.35918367346939 189.677
6.36326530612245 146.089
6.36734693877551 107.338
6.37142857142857 69.5644
6.37551020408163 39.3601
6.37959183673469 18.7143
6.38367346938776 6.7482
6.38775510204082 0.0
6.39183673469388 0.0
6.39591836734694 0.0
6.4 0.0
6.40408163265306 0.0
6.40816326530612 0.0
6.41224489795918 0.0
6.41632653061224 0.0
6.42040816326531 0.0
6.42448979591837 7.15266
6.42857142857143 0.0
6.43265306122449 9.62707
6.43673469387755 0.0
6.44081632653061 2.06843
6.44489795918367 0.0
6.44897959183673 0.0
6.4530612244898 0.0
6.45714285714286 0.0
6.46122448979592 1.581
6.46530612244898 2.8959
6.46938775510204 5.88051
6.4734693877551 2.66969
6.47755102040816 0.0
6.48163265306122 0.0
6.48571428571429 0.0
6.48979591836735 0.0
6.49387755102041 0.0
6.49795918367347 0.0
6.50204081632653 0.973423
6.50612244897959 0.0
6.51020408163265 2.5547
6.51428571428571 2.76861
6.51836734693878 2.74668
6.52244897959184 2.52551
6.5265306122449 1.4559
6.53061224489796 1.59877
6.53469387755102 2.04993
6.53877551020408 5.85101
6.54285714285714 10.8424
6.5469387755102 12.8958
6.55102040816327 22.4457
6.55510204081633 24.7121
6.55918367346939 38.9136
6.56326530612245 42.2766
6.56734693877551 44.5009
6.57142857142857 50.4206
6.57551020408163 61.6516
6.57959183673469 69.5203
6.58367346938776 79.8425
6.58775510204082 112.471
6.59183673469388 172.017
6.59591836734694 204.071
6.6 250.408
6.60408163265306 261.186
6.60816326530612 239.02
6.61224489795918 212.309
6.61632653061224 190.15
6.62040816326531 154.391
6.62448979591837 122.876
6.62857142857143 100.477
6.63265306122449 81.5234
6.63673469387755 60.6113
6.64081632653061 45.3072
6.64489795918367 37.6091
6.64897959183673 26.6296
6.6530612244898 20.2128
6.65714285714286 12.8185
6.66122448979592 7.18397
6.66530612244898 10.8686
6.66938775510204 0.322898
6.6734693877551 1.46367
6.67755102040816 0.209669
6.68163265306122 10.1006
6.68571428571429 6.08225
6.68979591836735 4.36605
6.69387755102041 3.5807
6.69795918367347 23.756
6.70204081632653 11.6382
6.70612244897959 2.51129
6.71020408163265 11.032
6.71428571428571 35.6238
6.71836734693878 1.99039
6.72244897959184 0.463227
6.7265306122449 12.407
6.73061224489796 28.5417
6.73469387755102 1.17509
6.73877551020408 5.73743
6.74285714285714 2.38573
6.7469387755102 16.0109
6.75102040816327 0.402577
6.75510204081633 0.42583
6.75918367346939 56.2057
6.76326530612245 44.2821
6.76734693877551 5.42946
6.77142857142857 0.633816
6.77551020408163 25.2018
6.77959183673469 30.4693
6.78367346938775 49.2442
6.78775510204082 31.8576
6.79183673469388 50.1403
6.79591836734694 42.5939
6.8 45.6813
6.80408163265306 39.5706
6.80816326530612 38.1196
6.81224489795918 37.5666
6.81632653061224 36.667
6.82040816326531 76.2488
6.82448979591837 287.521
6.82857142857143 490.195
6.83265306122449 342.246
6.83673469387755 355.848
6.84081632653061 462.685
6.84489795918367 383.051
6.84897959183674 481.793
6.8530612244898 351.192
6.85714285714286 316.962
6.86122448979592 264.18
6.86530612244898 203.932
6.86938775510204 166.118
6.8734693877551 121.46
6.87755102040816 84.9111
6.88163265306122 56.6505
6.88571428571429 28.923
6.88979591836735 15.2269
6.89387755102041 7.36865
6.89795918367347 4.48651
6.90204081632653 3.25868
6.90612244897959 2.78215
6.91020408163265 2.96835
6.91428571428571 3.29949
6.91836734693878 3.42562
6.92244897959184 3.18172
6.9265306122449 8.13601
6.93061224489796 2.11567
6.93469387755102 1.34438
6.93877551020408 0.681996
6.94285714285714 0.101745
6.9469387755102 0.128766
6.95102040816327 0.172754
6.95510204081633 0.198464
6.95918367346939 7.97862
6.96326530612245 7.7346
6.96734693877551 9.96375
6.97142857142857 90.9831
6.97551020408163 55.2057
6.97959183673469 33.777
6.98367346938775 25.815
6.98775510204082 34.4934
6.99183673469388 60.3538
6.99591836734694 34.4128
7.0 53.3253
7.00408163265306 25.4479
7.00816326530612 43.0554
7.01224489795918 13.5064
7.01632653061225 39.9793
7.02040816326531 37.2544
7.02448979591837 20.7666
7.02857142857143 43.8618
7.03265306122449 15.5658
7.03673469387755 15.7047
7.04081632653061 10.7229
7.04489795918367 55.262
7.04897959183673 12.7382
7.0530612244898 16.0173
7.05714285714286 0.286013
7.06122448979592 0.614355
7.06530612244898 12.6883
7.06938775510204 0.579675
7.0734693877551 0.0516276
7.07755102040816 0.0585516
7.08163265306122 0.891308
7.08571428571429 17.5271
7.08979591836735 9.18336
7.09387755102041 54.5287
7.09795918367347 123.148
7.10204081632653 117.753
7.10612244897959 142.048
7.11020408163265 132.0
7.11428571428571 117.599
7.11836734693878 93.6269
7.12244897959184 78.8012
7.1265306122449 61.8921
7.13061224489796 44.6655
7.13469387755102 30.7971
7.13877551020408 18.7591
7.14285714285714 10.5581
7.1469387755102 7.99839
7.15102040816326 0.0
7.15510204081633 0.0
7.15918367346939 0.0
7.16326530612245 0.0
7.16734693877551 0.300318
7.17142857142857 0.264863
7.17551020408163 0.0
7.17959183673469 0.0
7.18367346938776 0.0
7.18775510204082 64.2431
7.19183673469388 82.059
7.19591836734694 83.1645
7.2 175.458
7.20408163265306 271.802
7.20816326530612 304.712
7.21224489795918 326.889
7.21632653061225 298.121
7.22040816326531 274.293
7.22448979591837 221.183
7.22857142857143 180.142
7.23265306122449 135.923
7.23673469387755 98.957
7.24081632653061 61.944
7.24489795918367 37.7567
7.24897959183673 21.2148
7.2530612244898 8.25391
7.25714285714286 4.42887
7.26122448979592 2.26337
7.26530612244898 0.78239
7.26938775510204 0.504414
7.2734693877551 0.344872
7.27755102040816 0.264068
7.28163265306122 0.240723
7.28571428571429 1.17989
7.28979591836735 3.14916
7.29387755102041 3.5872
7.29795918367347 4.60431
7.30204081632653 5.44585
7.30612244897959 6.53726
7.31020408163265 11.065
7.31428571428571 16.1454
7.31836734693878 18.1675
7.32244897959184 24.9404
7.3265306122449 36.7581
7.33061224489796 11.467
7.33469387755102 73.5374
7.33877551020408 102.923
7.34285714285714 150.276
7.3469387755102 155.729
7.35102040816327 159.103
7.35510204081633 137.434
7.35918367346939 120.937
7.36326530612245 98.818
7.36734693877551 79.1283
7.37142857142857 60.0547
7.37551020408163 43.2009
7.37959183673469 26.7625
7.38367346938776 10.5517
7.38775510204082 0.477791
7.39183673469388 0.0
7.39591836734694 0.0
7.4 0.0
7.40408163265306 0.0
7.40816326530612 0.0
7.41224489795918 0.0
7.41632653061224 0.0
7.42040816326531 0.896196
7.42448979591837 2.05832
7.42857142857143 2.38953
7.43265306122449 1.35021
7.43673469387755 11.828
7.44081632653061 26.6376
7.44489795918367 29.4743
7.44897959183673 22.8506
7.4530612244898 13.3322
7.45714285714286 5.21187
7.46122448979592 4.42982
7.46530612244898 0.0
7.46938775510204 0.272681
7.4734693877551 1.12751
7.47755102040816 2.08013
7.48163265306122 3.05346
7.48571428571429 1.42392
7.48979591836735 2.0551
7.49387755102041 4.20768
7.49795918367347 6.37158
7.50204081632653 6.98137
7.50612244897959 7.02385
7.51020408163265 5.41107
7.51428571428571 5.68322
7.51836734693878 4.88671
7.52244897959184 4.55284
7.5265306122449 2.5984
7.53061224489796 3.02653
7.53469387755102 2.27248
7.53877551020408 0.861234
7.54285714285714 4.84149
7.5469387755102 18.7084
7.55102040816327 15.3079
7.55510204081633 27.7937
7.55918367346939 38.443
7.56326530612245 51.4344
7.56734693877551 57.5176
7.57142857142857 119.782
7.57551020408163 237.5
7.57959183673469 250.023
7.58367346938776 338.965
7.58775510204082 325.81
7.59183673469388 264.251
7.59591836734694 255.888
7.6 233.616
7.60408163265306 206.789
7.60816326530612 181.331
7.61224489795918 167.847
7.61632653061224 138.742
7.62040816326531 115.612
7.62448979591837 85.0369
7.62857142857143 60.5648
7.63265306122449 42.9824
7.63673469387755 25.4559
7.64081632653061 15.6561
7.64489795918367 8.61014
7.64897959183673 2.77213
7.6530612244898 0.674605
7.65714285714286 0.237505
7.66122448979592 0.126868
7.66530612244898 0.2879
7.66938775510204 16.9879
7.6734693877551 18.8335
7.67755102040816 49.9683
7.68163265306122 16.3244
7.68571428571429 34.183
7.68979591836735 13.6822
7.69387755102041 25.0686
7.69795918367347 20.0472
7.70204081632653 20.4893
7.70612244897959 8.63063
7.71020408163265 22.5915
7.71428571428571 9.47599
7.71836734693878 23.1757
7.72244897959184 10.0534
7.7265306122449 19.1214
7.73061224489796 4.20219
7.73469387755102 9.48924
7.73877551020408 0.104169
7.74285714285714 8.69419
7.7469387755102 7.57853
7.75102040816327 8.74098
7.75510204081633 6.29651
7.75918367346939 14.2966
7.76326530612245 2.82335
7.76734693877551 9.97004
7.77142857142857 5.05615
7.77551020408163 14.6157
7.77959183673469 10.114
7.78367346938775 4.26093
7.78775510204082 3.62934
7.79183673469388 9.66695
7.79591836734694 1.02075
7.8 2.42996
7.80408163265306 5.7219
7.80816326530612 12.4651
7.81224489795918 5.898
7.81632653061224 0.0
7.82040816326531 0.0463029
7.82448979591837 4.00506
7.82857142857143 0.0
7.83265306122449 0.0
7.83673469387755 0.0861138
7.84081632653061 24.67
7.84489795918367 0.767589
7.84897959183674 11.4304
7.8530612244898 4.9092
7.85714285714286 42.6369
7.86122448979592 9.92066
7.86530612244898 60.0487
7.86938775510204 87.3447
7.8734693877551 140.318
7.87755102040816 154.944
7.88163265306122 171.471
7.88571428571429 153.946
7.88979591836735 147.68
7.89387755102041 108.066
7.89795918367347 95.186
7.90204081632653 68.3567
7.90612244897959 50.9043
7.91020408163265 27.6052
7.91428571428571 12.4263
7.91836734693878 5.40216
7.92244897959184 6.77355
7.9265306122449 7.33029
7.93061224489796 9.19544
7.93469387755102 8.99899
7.93877551020408 8.46167
7.94285714285714 9.18605
7.9469387755102 10.7867
7.95102040816327 10.0401
7.95510204081633 10.3855
7.95918367346939 9.26026
7.96326530612245 7.8005
7.96734693877551 7.26348
7.97142857142857 5.70135
7.97551020408163 4.70105
7.97959183673469 4.8286
7.98367346938775 3.06694
7.98775510204082 2.17213
7.99183673469388 4.86152
7.99591836734694 2.26036
8.0 2.46039
8.00408163265306 7.84913
8.00816326530612 2.16064
8.01224489795918 3.13429
8.01632653061225 9.90641
8.02040816326531 1.02895
8.02448979591837 6.32175
8.02857142857143 20.6991
8.03265306122449 35.51
8.03673469387755 9.78319
8.04081632653061 5.30113
8.04489795918367 8.06963
8.04897959183674 8.29978
8.0530612244898 5.91641
8.05714285714286 10.3506
8.06122448979592 14.9978
8.06530612244898 11.0149
8.06938775510204 0.373503
8.0734693877551 0.289341
8.07755102040816 1.05494
8.08163265306122 1.23395
8.08571428571429 12.8988
8.08979591836735 1.93777
8.09387755102041 2.2684
8.09795918367347 0.54728
8.10204081632653 1.17475
8.10612244897959 3.0386
8.11020408163265 13.5588
8.11428571428571 9.44802
8.11836734693878 15.2913
8.12244897959184 0.529915
8.1265306122449 0.50659
8.13061224489796 5.69765
8.13469387755102 0.3
8.13877551020408 1.35312
8.14285714285714 0.975788
8.1469387755102 5.33391
8.15102040816327 0.979155
8.15510204081633 2.59077
8.15918367346939 0.198334
8.16326530612245 0.0
8.16734693877551 4.08435
8.17142857142857 0.0
8.17551020408163 11.9962
8.17959183673469 0.00127157
8.18367346938776 0.0603696
8.18775510204082 0.259827
8.19183673469388 5.76043
8.19591836734694 1.00465
8.2 25.285
8.20408163265306 1.21783
8.20816326530612 2.56955
8.21224489795918 10.2438
8.21632653061224 2.39325
8.22040816326531 4.88679
8.22448979591837 13.7991
8.22857142857143 8.07764
8.23265306122449 10.0514
8.23673469387755 7.34641
8.24081632653061 2.43181
8.24489795918367 2.21259
8.24897959183673 7.66948
8.2530612244898 12.0593
8.25714285714286 27.274
8.26122448979592 18.798
8.26530612244898 2.82516
8.26938775510204 2.20688
8.2734693877551 7.95358
8.27755102040816 8.7267
8.28163265306122 41.6404
8.28571428571429 14.516
8.28979591836735 14.4783
8.29387755102041 37.5113
8.29795918367347 56.6441
8.30204081632653 45.2136
8.30612244897959 72.617
8.31020408163265 91.4096
8.31428571428571 87.2904
8.31836734693877 75.9615
8.32244897959184 73.3847
8.3265306122449 70.3732
8.33061224489796 65.4736
8.33469387755102 129.732
8.33877551020408 111.327
8.34285714285714 136.202
8.3469387755102 168.985
8.35102040816327 264.094
8.35510204081633 253.819
8.35918367346939 252.055
8.36326530612245 241.505
8.36734693877551 214.699
8.37142857142857 186.889
8.37551020408163 158.543
8.37959183673469 129.165
8.38367346938776 97.1347
8.38775510204082 65.299
8.39183673469388 43.4008
8.39591836734694 26.0471
8.4 13.3917
8.40408163265306 1.12017
8.40816326530612 0.0
8.41224489795918 0.0
8.41632653061225 0.0
8.42040816326531 0.0
8.42448979591837 0.0
8.42857142857143 0.0
8.43265306122449 0.0257716
8.43673469387755 2.10263
8.44081632653061 2.82464
8.44489795918367 2.34206
8.44897959183673 1.53509
8.4530612244898 0.305012
8.45714285714286 3.149
8.46122448979592 3.94836
8.46530612244898 11.0755
8.46938775510204 19.3235
8.4734693877551 23.5446
8.47755102040816 23.5674
8.48163265306122 21.2693
8.48571428571429 23.9495
8.48979591836735 41.0189
8.49387755102041 57.1372
8.49795918367347 42.2827
8.50204081632653 35.3052
8.50612244897959 26.6767
8.51020408163265 12.0071
8.51428571428571 1.37218
8.51836734693878 0.0
8.52244897959184 0.0
8.5265306122449 0.0
8.53061224489796 0.0
8.53469387755102 0.0
8.53877551020408 0.0
8.54285714285714 0.0
8.5469387755102 1.37391
8.55102040816327 3.18758
8.55510204081633 5.96882
8.55918367346939 6.70312
8.56326530612245 8.24652
8.56734693877551 25.0341
8.57142857142857 53.886
8.57551020408163 99.8354
8.57959183673469 163.458
8.58367346938775 137.898
8.58775510204082 138.997
8.59183673469388 130.243
8.59591836734694 108.994
8.6 112.237
8.60408163265306 180.491
8.60816326530612 166.091
8.61224489795918 240.402
8.61632653061224 303.226
8.62040816326531 323.685
8.62448979591837 342.407
8.62857142857143 304.842
8.63265306122449 276.616
8.63673469387755 225.461
8.64081632653061 184.41
8.64489795918367 143.879
8.64897959183673 101.36
8.6530612244898 67.6975
8.65714285714286 45.0767
8.66122448979592 25.1721
8.66530612244898 16.3741
8.66938775510204 12.0528
8.6734693877551 10.0033
8.67755102040816 8.47915
8.68163265306123 7.28157
8.68571428571429 7.63944
8.68979591836735 9.42048
8.69387755102041 9.41065
8.69795918367347 10.9617
8.70204081632653 54.3266
8.70612244897959 84.3742
8.71020408163265 163.348
8.71428571428571 292.139
8.71836734693878 270.183
8.72244897959184 223.736
8.7265306122449 183.324
8.73061224489796 143.557
8.73469387755102 111.855
8.73877551020408 82.2928
8.74285714285714 52.376
8.7469387755102 30.4962
8.75102040816327 17.8675
8.75510204081633 9.40657
8.75918367346939 4.14689
8.76326530612245 0.0
8.76734693877551 0.0
8.77142857142857 0.0
8.77551020408163 0.0
8.77959183673469 0.0
8.78367346938776 1.39312
8.78775510204082 0.0
8.79183673469388 1.13694
8.79591836734694 0.0
8.8 2.81239
8.80408163265306 0.0733435
8.80816326530612 0.422955
8.81224489795918 1.8235
8.81632653061224 1.53291
8.82040816326531 6.73074
8.82448979591837 15.6226
8.82857142857143 25.5393
8.83265306122449 29.9518
8.83673469387755 45.0313
8.84081632653061 55.8802
8.84489795918367 72.8273
8.84897959183673 99.5594
8.8530612244898 130.099
8.85714285714286 266.873
8.86122448979592 480.456
8.86530612244898 389.194
8.86938775510204 495.012
8.8734693877551 449.036
8.87755102040816 478.158
8.88163265306122 437.199
8.88571428571429 382.12
8.88979591836735 315.005
8.89387755102041 265.148
8.89795918367347 215.989
8.90204081632653 170.584
8.90612244897959 128.141
8.91020408163265 92.3243
8.91428571428571 60.213
8.91836734693878 37.9747
8.92244897959184 27.0253
8.9265306122449 18.0742
8.93061224489796 12.3466
8.93469387755102 8.45829
8.93877551020408 6.30866
8.94285714285714 4.39317
8.9469387755102 2.878
8.95102040816326 1.93751
8.95510204081633 1.13388
8.95918367346939 0.861029
8.96326530612245 6.12433
8.96734693877551 0.524859
8.97142857142857 3.17906
8.97551020408163 1.85193
8.97959183673469 21.6778
8.98367346938775 0.289996
8.98775510204082 7.4216
8.99183673469388 7.80573
8.99591836734694 22.0216
9.0 8.57914
9.00408163265306 0.64979
9.00816326530612 4.32002
9.01224489795918 6.46766
9.01632653061225 21.6002
9.02040816326531 73.5858
9.02448979591837 29.3684
9.02857142857143 29.9726
9.03265306122449 37.8224
9.03673469387755 121.639
9.04081632653061 8.59713
9.04489795918367 35.0184
9.04897959183674 83.9589
9.0530612244898 30.4791
9.05714285714286 24.6441
9.06122448979592 41.0323
9.06530612244898 38.5799
9.06938775510204 13.3256
9.0734693877551 14.0531
9.07755102040816 60.095
9.08163265306122 23.1117
9.08571428571429 34.5904
9.08979591836735 59.3456
9.09387755102041 63.5663
9.09795918367347 7.63617
9.10204081632653 69.6393
9.10612244897959 69.8611
9.11020408163265 8.1172
9.11428571428571 151.192
9.11836734693878 122.848
9.12244897959184 153.594
9.1265306122449 174.986
9.13061224489796 172.094
9.13469387755102 139.367
9.13877551020408 133.32
9.14285714285714 103.723
9.1469387755102 80.2393
9.15102040816327 55.701
9.15510204081633 30.6302
9.15918367346939 18.8219
9.16326530612245 5.45268
9.16734693877551 0.0
9.17142857142857 0.673155
9.17551020408163 0.0
9.17959183673469 0.0
9.18367346938776 0.0
9.18775510204082 0.0
9.19183673469388 0.0
9.19591836734694 0.0
9.2 0.123972
9.20408163265306 1.83636
9.20816326530612 5.03186
9.21224489795918 0.420796
9.21632653061224 13.0313
9.22040816326531 165.78
9.22448979591837 216.245
9.22857142857143 521.768
9.23265306122449 393.256
9.23673469387755 479.076
9.24081632653061 521.574
9.24489795918367 441.638
9.24897959183673 382.969
9.2530612244898 321.385
9.25714285714286 264.094
9.26122448979592 206.928
9.26530612244898 160.439
9.26938775510204 115.882
9.2734693877551 78.319
9.27755102040816 44.8654
9.28163265306122 25.5816
9.28571428571429 12.8664
9.28979591836735 7.44973
9.29387755102041 4.99519
9.29795918367347 3.62178
9.30204081632653 2.82443
9.30612244897959 2.08753
9.31020408163265 1.43476
9.31428571428571 6.52931
9.31836734693877 0.441472
9.32244897959184 6.71873
9.3265306122449 0.455974
9.33061224489796 38.389
9.33469387755102 0.224769
9.33877551020408 6.30254
9.34285714285714 0.44926
9.3469387755102 0.50507
9.35102040816327 1.6733
9.35510204081633 11.8814
9.35918367346939 35.9514
9.36326530612245 46.2624
9.36734693877551 69.344
9.37142857142857 86.5465
9.37551020408163 206.259
9.37959183673469 158.615
9.38367346938776 234.903
9.38775510204082 238.443
9.39183673469388 270.427
9.39591836734694 286.615
9.4 250.549
9.40408163265306 244.21
9.40816326530612 209.516
9.41224489795918 179.039
9.41632653061225 146.676
9.42040816326531 110.046
9.42448979591837 83.2129
9.42857142857143 58.2725
9.43265306122449 37.9743
9.43673469387755 22.3592
9.44081632653061 10.6806
9.44489795918367 3.22923
9.44897959183673 2.25573
9.4530612244898 0.763486
9.45714285714286 0.225633
9.46122448979592 0.0
9.46530612244898 0.0
9.46938775510204 0.0
9.4734693877551 0.0
9.47755102040816 0.0
9.48163265306122 0.0
9.48571428571429 0.0
9.48979591836735 0.0
9.49387755102041 8.42443
9.49795918367347 0.0
9.50204081632653 4.27052
9.50612244897959 15.5327
9.51020408163265 13.6078
9.51428571428571 9.10296
9.51836734693878 3.60791
9.52244897959184 1.95726
9.5265306122449 2.06419
9.53061224489796 1.92221
9.53469387755102 4.88382
9.53877551020408 12.7259
9.54285714285714 27.804
9.5469387755102 23.446
9.55102040816327 32.9237
9.55510204081633 33.3492
9.55918367346939 23.0381
9.56326530612245 18.1268
9.56734693877551 40.9568
9.57142857142857 51.082
9.57551020408163 47.3048
9.57959183673469 43.7191
9.58367346938775 40.0326
9.58775510204082 28.4936
9.59183673469388 15.5542
9.59591836734694 7.36721
9.6 3.4692
9.60408163265306 4.56382
9.60816326530612 13.9488
9.61224489795918 28.6698
9.61632653061224 34.0219
9.62040816326531 45.944
9.62448979591837 74.794
9.62857142857143 234.7
9.63265306122449 208.325
9.63673469387755 325.242
9.64081632653061 375.578
9.64489795918367 412.269
9.64897959183673 387.933
9.6530612244898 351.395
9.65714285714286 306.799
9.66122448979592 249.564
9.66530612244898 204.113
9.66938775510204 158.056
9.6734693877551 116.49
9.67755102040816 76.1686
9.68163265306123 44.9924
9.68571428571429 29.1672
9.68979591836735 15.3403
9.69387755102041 10.4988
9.69795918367347 6.59196
9.70204081632653 3.87723
9.70612244897959 1.88757
9.71020408163265 0.903738
9.71428571428571 0.272316
9.71836734693878 0.0
9.72244897959184 0.0
9.7265306122449 1.74788
9.73061224489796 0.128706
9.73469387755102 0.722205
9.73877551020408 3.459
9.74285714285714 1.46879
9.7469387755102 1.75329
9.75102040816327 17.7786
9.75510204081633 1.00676
9.75918367346939 0.921925
9.76326530612245 0.808696
9.76734693877551 16.601
9.77142857142857 5.605
9.77551020408163 18.249
9.77959183673469 32.6945
9.78367346938776 63.5972
9.78775510204082 71.6363
9.79183673469388 98.9732
9.79591836734694 62.1379
9.8 40.004
9.80408163265306 49.7169
9.80816326530612 30.0767
9.81224489795918 40.7152
9.81632653061224 22.336
9.82040816326531 31.1109
9.82448979591837 36.2941
9.82857142857143 0.851373
9.83265306122449 5.57142
9.83673469387755 17.6609
9.84081632653061 0.0
9.84489795918367 20.6278
9.84897959183673 1.94891
9.8530612244898 23.9223
9.85714285714286 3.8719
9.86122448979592 0.993892
9.86530612244898 10.8902
9.86938775510204 16.6615
9.8734693877551 40.021
9.87755102040816 15.2645
9.88163265306122 3.16659
9.88571428571429 21.6765
9.88979591836735 54.5443
9.89387755102041 106.082
9.89795918367347 83.3944
9.90204081632653 114.516
9.90612244897959 85.8276
9.91020408163265 118.551
9.91428571428571 103.128
9.91836734693878 129.181
9.92244897959184 163.343
9.9265306122449 191.056
9.93061224489796 189.604
9.93469387755102 267.873
9.93877551020408 255.048
9.94285714285714 230.84
9.9469387755102 202.177
9.95102040816326 165.57
9.95510204081633 130.463
9.95918367346939 97.9748
9.96326530612245 73.4647
9.96734693877551 54.7965
9.97142857142857 39.1786
9.97551020408163 24.0728
9.97959183673469 10.1867
9.98367346938775 3.69889
9.98775510204082 2.21822
9.99183673469388 1.38068
9.99591836734694 0.506704
10.0 0.566587
10.0040816326531 9.0572
10.0081632653061 0.768021
10.0122448979592 3.20692
10.0163265306122 11.5221
10.0204081632653 1.22599
10.0244897959184 9.3863
10.0285714285714 4.37944
10.0326530612245 5.24694
10.0367346938776 8.46839
10.0408163265306 2.45939
10.0448979591837 10.2881
10.0489795918367 2.57289
10.0530612244898 2.3164
10.0571428571429 2.61988
10.0612244897959 0.0
10.065306122449 1.00989
10.069387755102 0.346725
10.0734693877551 9.12202
10.0775510204082 17.1621
10.0816326530612 0.0
10.0857142857143 14.6946
10.0897959183673 9.42546
10.0938775510204 23.0305
10.0979591836735 22.3308
10.1020408163265 5.23957
10.1061224489796 13.5538
10.1102040816327 0.437985
10.1142857142857 3.76186
10.1183673469388 21.4396
10.1224489795918 12.9408
10.1265306122449 24.3042
10.130612244898 2.23091
10.134693877551 0.858679
10.1387755102041 13.7741
10.1428571428571 0.0
10.1469387755102 11.4204
10.1510204081633 2.87125
10.1551020408163 0.348464
10.1591836734694 14.6008
10.1632653061224 0.0
10.1673469387755 10.9053
10.1714285714286 3.57477
10.1755102040816 0.642543
10.1795918367347 21.8765
10.1836734693878 10.4035
10.1877551020408 35.0404
10.1918367346939 11.0698
10.1959183673469 4.17225
10.2 13.2285
10.2040816326531 6.99103
10.2081632653061 19.5568
10.2122448979592 1.99955
10.2163265306122 0.304316
10.2204081632653 7.66805
10.2244897959184 0.0
10.2285714285714 19.3475
10.2326530612245 13.351
10.2367346938776 19.153
10.2408163265306 32.4442
10.2448979591837 0.441397
10.2489795918367 12.8632
10.2530612244898 5.64903
10.2571428571429 11.3596
10.2612244897959 18.2532
10.265306122449 9.2537
10.269387755102 28.9579
10.2734693877551 4.45604
10.2775510204082 0.0501225
10.2816326530612 11.1715
10.2857142857143 13.1657
10.2897959183673 51.518
10.2938775510204 2.85161
10.2979591836735 2.04579
10.3020408163265 11.1049
10.3061224489796 0.0076592
10.3102040816327 13.5822
10.3142857142857 12.5163
10.3183673469388 21.0256
10.3224489795918 22.9197
10.3265306122449 0.588819
10.330612244898 18.5584
10.334693877551 0.888472
10.3387755102041 0.636702
10.3428571428571 10.7024
10.3469387755102 0.611439
10.3510204081633 29.5238
10.3551020408163 0.741695
10.3591836734694 0.640516
10.3632653061224 10.8864
10.3673469387755 0.770782
10.3714285714286 63.5314
10.3755102040816 3.08164
10.3795918367347 18.2019
10.3836734693878 36.5921
10.3877551020408 4.15558
10.3918367346939 40.9455
10.3959183673469 40.6096
10.4 50.6772
10.4040816326531 165.927
10.4081632653061 214.286
10.4122448979592 351.294
10.4163265306122 316.993
10.4204081632653 267.37
10.4244897959184 279.281
10.4285714285714 275.989
10.4326530612245 244.77
10.4367346938776 221.384
10.4408163265306 196.514
10.4448979591837 163.151
10.4489795918367 126.605
10.4530612244898 89.8055
10.4571428571429 56.4903
10.4612244897959 35.4505
10.465306122449 20.7556
10.469387755102 9.29681
10.4734693877551 1.72011
10.4775510204082 0.0
10.4816326530612 0.0
10.4857142857143 0.0
10.4897959183673 0.0
10.4938775510204 0.0
10.4979591836735 0.0
10.5020408163265 0.0
10.5061224489796 0.0
10.5102040816327 0.0
10.5142857142857 0.0
10.5183673469388 0.0
10.5224489795918 3.24142
10.5265306122449 5.82817
10.530612244898 7.63807
10.534693877551 9.30732
10.5387755102041 7.49839
10.5428571428571 5.81544
10.5469387755102 4.96609
10.5510204081633 3.83736
10.5551020408163 2.49501
10.5591836734694 0.556524
10.5632653061224 0.490189
10.5673469387755 6.07463
10.5714285714286 8.36313
10.5755102040816 9.42312
10.5795918367347 5.18092
10.5836734693878 0.0
10.5877551020408 0.0
10.5918367346939 0.0
10.5959183673469 0.342478
10.6 2.07907
10.6040816326531 5.14608
10.6081632653061 5.49972
10.6122448979592 4.03056
10.6163265306122 3.57439
10.6204081632653 4.56859
10.6244897959184 13.6001
10.6285714285714 28.61
10.6326530612245 39.4293
10.6367346938776 43.0159
10.6408163265306 43.3172
10.6448979591837 32.579
10.6489795918367 24.6474
10.6530612244898 20.6178
10.6571428571429 22.6147
10.6612244897959 25.5416
10.665306122449 31.2849
10.669387755102 36.64
10.6734693877551 41.6825
10.6775510204082 45.1171
10.6816326530612 54.5206
10.6857142857143 63.4183
10.6897959183673 96.2523
10.6938775510204 173.986
10.6979591836735 233.269
10.7020408163265 267.398
10.7061224489796 289.512
10.7102040816327 264.47
10.7142857142857 232.655
10.7183673469388 194.044
10.7224489795918 152.454
10.7265306122449 116.361
10.730612244898 82.0196
10.734693877551 53.7152
10.7387755102041 32.8108
10.7428571428571 17.0409
10.7469387755102 7.80217
10.7510204081633 2.71999
10.7551020408163 0.33766
10.7591836734694 0.0786583
10.7632653061224 1.14537
10.7673469387755 1.19886
10.7714285714286 4.02445
10.7755102040816 8.68416
10.7795918367347 3.68573
10.7836734693878 4.01577
10.7877551020408 4.64168
10.7918367346939 1.81447
10.7959183673469 8.24466
10.8 23.7554
10.8040816326531 40.954
10.8081632653061 38.2293
10.8122448979592 31.2032
10.8163265306122 29.9292
10.8204081632653 9.64359
10.8244897959184 5.73269
10.8285714285714 15.6932
10.8326530612245 23.6597
10.8367346938776 27.955
10.8408163265306 24.5182
10.8448979591837 32.8065
10.8489795918367 34.818
10.8530612244898 15.0313
10.8571428571429 3.66916
10.8612244897959 7.73482
10.865306122449 34.2495
10.869387755102 87.4886
10.8734693877551 115.307
10.8775510204082 158.373
10.8816326530612 164.032
10.8857142857143 153.393
10.8897959183673 143.173
10.8938775510204 122.505
10.8979591836735 101.232
10.9020408163265 80.869
10.9061224489796 62.9206
10.9102040816327 51.7726
10.9142857142857 39.7936
10.9183673469388 29.4484
10.9224489795918 22.9353
10.9265306122449 20.8443
10.930612244898 15.6994
10.934693877551 22.3413
10.9387755102041 83.129
10.9428571428571 108.407
10.9469387755102 164.232
10.9510204081633 187.897
10.9551020408163 193.372
10.9591836734694 190.945
10.9632653061224 173.211
10.9673469387755 156.958
10.9714285714286 128.355
10.9755102040816 94.6484
10.9795918367347 69.2456
10.9836734693878 44.9127
10.9877551020408 32.8021
10.9918367346939 23.1253
10.9959183673469 18.4357
11.0 12.9288
11.0040816326531 9.34906
11.0081632653061 8.42158
11.0122448979592 9.1888
11.0163265306122 9.21202
11.0204081632653 13.5086
11.0244897959184 29.1034
11.0285714285714 21.1653
11.0326530612245 19.9906
11.0367346938776 56.9482
11.0408163265306 43.6147
11.0448979591837 23.2487
11.0489795918367 10.956
11.0530612244898 8.61216
11.0571428571429 5.44831
11.0612244897959 3.02796
11.065306122449 4.99457
11.069387755102 3.72628
11.0734693877551 14.5597
11.0775510204082 12.7816
11.0816326530612 6.41477
11.0857142857143 6.0926
11.0897959183673 13.1838
11.0938775510204 0.899687
11.0979591836735 5.72844
11.1020408163265 7.31065
11.1061224489796 92.1451
11.1102040816327 1.34836
11.1142857142857 16.7054
11.1183673469388 66.2361
11.1224489795918 15.6148
11.1265306122449 18.6595
11.130612244898 26.1363
11.134693877551 36.8019
11.1387755102041 14.217
11.1428571428571 4.8341
11.1469387755102 52.6603
11.1510204081633 0.0
11.1551020408163 7.98053
11.1591836734694 22.0875
11.1632653061224 12.0998
11.1673469387755 7.11978
11.1714285714286 10.5988
11.1755102040816 0.0
11.1795918367347 37.2417
11.1836734693878 0.0
11.1877551020408 30.9674
11.1918367346939 5.38322
11.1959183673469 28.8148
11.2 37.6529
11.2040816326531 17.2771
11.2081632653061 160.818
11.2122448979592 157.822
11.2163265306122 143.542
11.2204081632653 140.312
11.2244897959184 109.422
11.2285714285714 92.7179
11.2326530612245 84.7245
11.2367346938776 57.2445
11.2408163265306 36.2788
11.2448979591837 22.4419
11.2489795918367 15.0268
11.2530612244898 2.76001
11.2571428571429 5.93269
11.2612244897959 10.5524
11.265306122449 2.15292
11.269387755102 0.0
11.2734693877551 2.64853
11.2775510204082 0.0
11.2816326530612 0.0
11.2857142857143 0.0
11.2897959183673 0.0
11.2938775510204 7.54291
11.2979591836735 109.374
11.3020408163265 135.101
11.3061224489796 220.923
11.3102040816327 358.372
11.3142857142857 363.022
11.3183673469388 414.69
11.3224489795918 358.315
11.3265306122449 313.02
11.330612244898 246.092
11.334693877551 201.299
11.3387755102041 156.154
11.3428571428571 109.765
11.3469387755102 73.3066
11.3510204081633 49.4934
11.3551020408163 31.5545
11.3591836734694 21.3897
11.3632653061224 8.33261
11.3673469387755 5.9659
11.3714285714286 4.10382
11.3755102040816 2.87434
11.3795918367347 2.06739
11.3836734693878 1.47286
11.3877551020408 1.08223
11.3918367346939 1.09405
11.3959183673469 1.14364
11.4 20.0937
11.4040816326531 15.3369
11.4081632653061 17.6969
11.4122448979592 18.0201
11.4163265306122 44.5195
11.4204081632653 54.2453
11.4244897959184 119.081
11.4285714285714 146.732
11.4326530612245 135.576
11.4367346938776 161.047
11.4408163265306 192.744
11.4448979591837 191.821
11.4489795918367 189.957
11.4530612244898 183.166
11.4571428571429 157.846
11.4612244897959 134.358
11.465306122449 97.1021
11.469387755102 71.8195
11.4734693877551 42.6388
11.4775510204082 20.842
11.4816326530612 10.4132
11.4857142857143 2.23907
11.4897959183673 1.6187
11.4938775510204 0.0
11.4979591836735 4.56723
11.5020408163265 0.0
11.5061224489796 0.0
11.5102040816327 0.0
11.5142857142857 0.0
11.5183673469388 0.0
11.5224489795918 0.0
11.5265306122449 0.0
11.530612244898 0.0
11.534693877551 0.0
11.5387755102041 0.0
11.5428571428571 0.0
11.5469387755102 0.0998477
11.5510204081633 0.0
11.5551020408163 0.0
11.5591836734694 0.0
11.5632653061224 0.0
11.5673469387755 0.0
11.5714285714286 0.0
11.5755102040816 0.0
11.5795918367347 10.4483
11.5836734693878 26.7208
11.5877551020408 37.4468
11.5918367346939 47.6965
11.5959183673469 38.8178
11.6 37.5597
11.6040816326531 21.1019
11.6081632653061 16.8975
11.6122448979592 11.4199
11.6163265306122 6.7842
11.6204081632653 4.06226
11.6244897959184 2.85894
11.6285714285714 1.68699
11.6326530612245 0.618316
11.6367346938776 0.715921
11.6408163265306 0.0
11.6448979591837 0.0
11.6489795918367 0.0
11.6530612244898 6.63644
11.6571428571429 36.2344
11.6612244897959 36.6195
11.665306122449 32.6234
11.669387755102 20.6479
11.6734693877551 161.125
11.6775510204082 169.727
11.6816326530612 309.115
11.6857142857143 312.196
11.6897959183673 519.832
11.6938775510204 449.087
11.6979591836735 437.377
11.7020408163265 381.467
11.7061224489796 349.013
11.7102040816327 290.225
11.7142857142857 253.16
11.7183673469388 199.3
11.7224489795918 160.203
11.7265306122449 119.727
11.730612244898 86.0814
11.734693877551 54.1953
11.7387755102041 38.1781
11.7428571428571 21.4397
11.7469387755102 14.0152
11.7510204081633 8.34957
11.7551020408163 3.79367
11.7591836734694 1.39221
11.7632653061224 0.874281
11.7673469387755 0.567903
11.7714285714286 0.941892
11.7755102040816 0.114779
11.7795918367347 0.756621
11.7836734693878 0.122994
11.7877551020408 0.160962
11.7918367346939 1.7477
11.7959183673469 0.0
11.8 90.5982
11.8040816326531 3.09173
11.8081632653061 34.7238
11.8122448979592 5.91632
11.8163265306122 69.5991
11.8204081632653 41.4423
11.8244897959184 45.9159
11.8285714285714 12.4376
11.8326530612245 25.6724
11.8367346938776 15.1158
11.8408163265306 0.178407
11.8448979591837 0.186165
11.8489795918367 0.303328
11.8530612244898 0.227074
11.8571428571429 0.0
11.8612244897959 0.0
11.865306122449 41.9615
11.869387755102 0.0
11.8734693877551 0.0
11.8775510204082 1.50025
11.8816326530612 84.2514
11.8857142857143 4.80538
11.8897959183673 7.92845
11.8938775510204 4.90217
11.8979591836735 17.8838
11.9020408163265 65.0601
11.9061224489796 25.6524
11.9102040816327 28.2865
11.9142857142857 84.9078
11.9183673469388 94.1972
11.9224489795918 0.0
11.9265306122449 3.23202
11.930612244898 93.9714
11.934693877551 2.54318
11.9387755102041 9.33596
11.9428571428571 5.04558
11.9469387755102 160.66
11.9510204081633 17.0527
11.9551020408163 101.038
11.9591836734694 44.0922
11.9632653061224 123.552
11.9673469387755 29.8836
11.9714285714286 126.17
11.9755102040816 84.6521
11.9795918367347 62.1942
11.9836734693878 61.8726
11.9877551020408 113.276
11.9918367346939 92.6288
11.9959183673469 146.454
12.0 120.93
12.0040816326531 88.2555
12.0081632653061 141.368
12.0122448979592 100.323
12.0163265306122 98.7551
12.0204081632653 94.7058
12.0244897959184 89.7551
12.0285714285714 65.7853
12.0326530612245 60.5352
12.0367346938776 40.6467
12.0408163265306 28.9057
12.0448979591837 15.5528
12.0489795918367 14.8235
12.0530612244898 0.814743
12.0571428571429 0.587074
12.0612244897959 0.870399
12.065306122449 1.10614
12.069387755102 0.952482
12.0734693877551 1.20756
12.0775510204082 1.95131
12.0816326530612 4.30915
12.0857142857143 13.5003
12.0897959183673 5.9822
12.0938775510204 0.877117
12.0979591836735 0.890784
12.1020408163265 1.09192
12.1061224489796 1.36471
12.1102040816327 5.94385
12.1142857142857 23.8375
12.1183673469388 3.2445
12.1224489795918 1.25316
12.1265306122449 3.51411
12.130612244898 12.9939
12.134693877551 9.41724
12.1387755102041 12.7654
12.1428571428571 17.9572
12.1469387755102 35.0694
12.1510204081633 10.7344
12.1551020408163 17.1137
12.1591836734694 81.8089
12.1632653061224 12.6924
12.1673469387755 39.9783
12.1714285714286 22.6341
12.1755102040816 6.97565
12.1795918367347 5.74629
12.1836734693878 28.4719
12.1877551020408 21.6484
12.1918367346939 21.2101
12.1959183673469 2.73369
12.2 2.11284
12.2040816326531 10.1148
12.2081632653061 0.402123
12.2122448979592 0.662555
12.2163265306122 29.9258
12.2204081632653 0.361602
12.2244897959184 2.90421
12.2285714285714 23.908
12.2326530612245 0.318334
12.2367346938776 34.1106
12.2408163265306 76.7159
12.2448979591837 45.6596
12.2489795918367 44.3512
12.2530612244898 1.04902
12.2571428571429 2.47082
12.2612244897959 2.60699
12.265306122449 71.4926
12.269387755102 23.9971
12.2734693877551 77.27
12.2775510204082 0.192513
12.2816326530612 21.398
12.2857142857143 51.3456
12.2897959183673 8.28299
12.2938775510204 15.2274
12.2979591836735 24.523
12.3020408163265 0.887156
12.3061224489796 7.82361
12.3102040816327 1.59613
12.3142857142857 6.37548
12.3183673469388 20.9337
12.3224489795918 38.9091
12.3265306122449 78.1974
12.330612244898 11.1002
12.334693877551 41.8568
12.3387755102041 29.0921
12.3428571428571 16.3195
12.3469387755102 74.5853
12.3510204081633 40.3412
12.3551020408163 54.6271
12.3591836734694 3.00586
12.3632653061224 10.6923
12.3673469387755 71.357
12.3714285714286 17.4023
12.3755102040816 31.9498
12.3795918367347 53.4807
12.3836734693878 36.8708
12.3877551020408 47.4604
12.3918367346939 13.3848
12.3959183673469 10.5661
12.4 10.144
12.4040816326531 30.0462
12.4081632653061 14.9883
12.4122448979592 2.34381
12.4163265306122 6.07771
12.4204081632653 7.83063
12.4244897959184 0.549252
12.4285714285714 9.32825
12.4326530612245 17.6995
12.4367346938776 3.25962
12.4408163265306 2.09524
12.4448979591837 4.86317
12.4489795918367 0.356625
12.4530612244898 12.3689
12.4571428571429 6.70206
12.4612244897959 16.3808
12.465306122449 14.499
12.469387755102 25.6403
12.4734693877551 153.714
12.4775510204082 951.006
12.4816326530612 585.116
12.4857142857143 371.24
12.4897959183673 505.383
12.4938775510204 475.711
12.4979591836735 388.956
12.5020408163265 350.023
12.5061224489796 293.105
12.5102040816327 243.018
12.5142857142857 192.886
12.5183673469388 149.721
12.5224489795918 109.511
12.5265306122449 72.1662
12.530612244898 37.7301
12.534693877551 20.4069
12.5387755102041 10.1768
12.5428571428571 4.08791
12.5469387755102 1.68909
12.5510204081633 0.441641
12.5551020408163 0.0
12.5591836734694 0.0
12.5632653061224 0.0
12.5673469387755 0.0
12.5714285714286 9.25898
12.5755102040816 19.3509
12.5795918367347 22.2609
12.5836734693878 36.2964
12.5877551020408 34.5382
12.5918367346939 38.6216
12.5959183673469 39.8676
12.6 32.4902
12.6040816326531 41.4646
12.6081632653061 40.0934
12.6122448979592 26.8649
12.6163265306122 16.1607
12.6204081632653 7.42024
12.6244897959184 5.13318
12.6285714285714 6.21306
12.6326530612245 5.94661
12.6367346938776 5.94775
12.6408163265306 5.52159
12.6448979591837 4.70736
12.6489795918367 3.57976
12.6530612244898 2.22308
12.6571428571429 0.717302
12.6612244897959 0.0
12.665306122449 0.0
12.669387755102 4.28379
12.6734693877551 0.0
12.6775510204082 1.97881
12.6816326530612 3.30998
12.6857142857143 8.18541
12.6897959183673 13.7057
12.6938775510204 15.8409
12.6979591836735 72.238
12.7020408163265 109.209
12.7061224489796 157.748
12.7102040816327 165.359
12.7142857142857 181.458
12.7183673469388 196.853
12.7224489795918 210.721
12.7265306122449 192.838
12.730612244898 174.488
12.734693877551 158.541
12.7387755102041 133.108
12.7428571428571 103.239
12.7469387755102 82.0788
12.7510204081633 84.8414
12.7551020408163 116.647
12.7591836734694 151.838
12.7632653061224 286.822
12.7673469387755 192.556
12.7714285714286 193.551
12.7755102040816 217.324
12.7795918367347 183.659
12.7836734693878 152.612
12.7877551020408 127.725
12.7918367346939 109.604
12.7959183673469 88.5604
12.8 66.8016
12.8040816326531 52.8466
12.8081632653061 41.533
12.8122448979592 28.77
12.8163265306122 21.2498
12.8204081632653 13.7062
12.8244897959184 8.40619
12.8285714285714 4.76492
12.8326530612245 0.985603
12.8367346938776 7.1148
12.8408163265306 0.90878
12.8448979591837 6.36323
12.8489795918367 0.218391
12.8530612244898 0.2978
12.8571428571429 0.270228
12.8612244897959 11.873
12.865306122449 0.142915
12.869387755102 4.84687
12.8734693877551 16.1543
12.8775510204082 23.1216
12.8816326530612 81.7788
12.8857142857143 73.6986
12.8897959183673 38.2377
12.8938775510204 28.9612
12.8979591836735 23.8118
12.9020408163265 37.0483
12.9061224489796 33.4078
12.9102040816327 17.6852
12.9142857142857 50.1165
12.9183673469388 46.7772
12.9224489795918 14.5457
12.9265306122449 7.81855
12.930612244898 51.3256
12.934693877551 13.6403
12.9387755102041 1.32722
12.9428571428571 0.0
12.9469387755102 4.50429
12.9510204081633 3.58292
12.9551020408163 8.41232
12.9591836734694 13.8736
12.9632653061224 79.3529
12.9673469387755 6.17384
12.9714285714286 12.0875
12.9755102040816 40.8441
12.9795918367347 21.8119
12.9836734693878 14.3282
12.9877551020408 9.72723
12.9918367346939 165.501
12.9959183673469 220.869
13.0 111.621
13.0040816326531 462.005
13.0081632653061 287.678
13.0122448979592 429.51
13.0163265306122 298.821
13.0204081632653 317.935
13.0244897959184 301.897
13.0285714285714 246.236
13.0326530612245 213.333
13.0367346938776 174.969
13.0408163265306 137.389
13.0448979591837 110.647
13.0489795918367 79.0879
13.0530612244898 55.6141
13.0571428571429 37.3077
13.0612244897959 18.554
13.065306122449 18.896
13.069387755102 1.90778
13.0734693877551 1.02666
13.0775510204082 0.240068
13.0816326530612 0.0
13.0857142857143 0.0
13.0897959183673 0.0
13.0938775510204 0.0
13.0979591836735 0.0
13.1020408163265 0.0
13.1061224489796 0.0
13.1102040816327 0.0
13.1142857142857 0.0
13.1183673469388 4.96074
13.1224489795918 0.0149806
13.1265306122449 0.471552
13.130612244898 1.38039
13.134693877551 2.13838
13.1387755102041 0.413388
13.1428571428571 0.680506
13.1469387755102 1.27608
13.1510204081633 7.19676
13.1551020408163 55.1618
13.1591836734694 7.35845
13.1632653061224 4.57654
13.1673469387755 77.8119
13.1714285714286 42.7383
13.1755102040816 5.54086
13.1795918367347 5.83714
13.1836734693878 71.9818
13.1877551020408 18.0045
13.1918367346939 34.3837
13.1959183673469 30.7629
13.2 89.5162
13.2040816326531 24.4001
13.2081632653061 41.7973
13.2122448979592 18.2766
13.2163265306122 51.8315
13.2204081632653 23.5739
13.2244897959184 24.8293
13.2285714285714 11.6848
13.2326530612245 5.01207
13.2367346938776 42.0887
13.2408163265306 15.0021
13.2448979591837 94.8982
13.2489795918367 37.6505
13.2530612244898 180.659
13.2571428571429 39.5119
13.2612244897959 50.2797
13.265306122449 41.6156
13.269387755102 24.2805
13.2734693877551 7.52722
13.2775510204082 199.042
13.2816326530612 72.4269
13.2857142857143 163.561
13.2897959183673 157.638
13.2938775510204 158.533
13.2979591836735 106.285
13.3020408163265 124.957
13.3061224489796 74.2709
13.3102040816327 73.0806
13.3142857142857 53.8422
13.3183673469388 39.321
13.3224489795918 23.9423
13.3265306122449 12.1199
13.330612244898 10.2926
13.334693877551 0.0
13.3387755102041 2.71507
13.3428571428571 0.0
13.3469387755102 0.0
13.3510204081633 0.753484
13.3551020408163 1.07457
13.3591836734694 0.739704
13.3632653061224 0.448391
13.3673469387755 0.0
13.3714285714286 0.0
13.3755102040816 0.0
13.3795918367347 0.0
13.3836734693878 1.08294
13.3877551020408 93.9154
13.3918367346939 138.921
13.3959183673469 331.967
13.4 210.331
13.4040816326531 449.355
13.4081632653061 466.147
13.4122448979592 388.762
13.4163265306122 359.168
13.4204081632653 318.481
13.4244897959184 265.025
13.4285714285714 217.155
13.4326530612245 173.885
13.4367346938776 125.513
13.4408163265306 88.3781
13.4448979591837 54.5865
13.4489795918367 33.3864
13.4530612244898 16.1783
13.4571428571429 4.96734
13.4612244897959 2.3968
13.465306122449 1.83681
13.469387755102 1.37344
13.4734693877551 1.10126
13.4775510204082 2.3814
13.4816326530612 3.63904
13.4857142857143 4.33068
13.4897959183673 4.58483
13.4938775510204 2.41931
13.4979591836735 2.12421
13.5020408163265 0.0
13.5061224489796 0.0
13.5102040816327 0.0
13.5142857142857 0.0
13.5183673469388 0.0
13.5224489795918 0.0
13.5265306122449 0.0
13.530612244898 40.3705
13.534693877551 123.726
13.5387755102041 314.782
13.5428571428571 137.339
13.5469387755102 260.399
13.5510204081633 245.121
13.5551020408163 249.881
13.5591836734694 235.107
13.5632653061224 205.144
13.5673469387755 169.624
13.5714285714286 130.878
13.5755102040816 94.2503
13.5795918367347 57.0137
13.5836734693878 30.8167
13.5877551020408 12.4312
13.5918367346939 0.0
13.5959183673469 0.0
13.6 0.0
13.6040816326531 0.0
13.6081632653061 0.0
13.6122448979592 0.0
13.6163265306122 0.0
13.6204081632653 0.0
13.6244897959184 0.0
13.6285714285714 9.07829
13.6326530612245 50.4835
13.6367346938776 20.9614
13.6408163265306 51.4735
13.6448979591837 45.5399
13.6489795918367 20.2263
13.6530612244898 23.7896
13.6571428571429 19.5341
13.6612244897959 7.98936
13.665306122449 4.44066
13.669387755102 0.0
13.6734693877551 0.0
13.6775510204082 0.0
13.6816326530612 0.0
13.6857142857143 0.0
13.6897959183673 0.0
13.6938775510204 0.0
13.6979591836735 0.0
13.7020408163265 0.0
13.7061224489796 0.0
13.7102040816327 0.0
13.7142857142857 0.0
13.7183673469388 0.0
13.7224489795918 0.0
13.7265306122449 0.0
13.730612244898 0.0
13.734693877551 32.9369
13.7387755102041 37.1282
13.7428571428571 37.9093
13.7469387755102 24.7854
13.7510204081633 1.20394
13.7551020408163 1.60679
13.7591836734694 1.2748
13.7632653061224 23.9008
13.7673469387755 69.5824
13.7714285714286 145.686
13.7755102040816 260.674
13.7795918367347 260.06
13.7836734693878 400.558
13.7877551020408 344.558
13.7918367346939 454.841
13.7959183673469 382.711
13.8 434.535
13.8040816326531 389.555
13.8081632653061 351.282
13.8122448979592 320.623
13.8163265306122 277.618
13.8204081632653 239.469
13.8244897959184 199.359
13.8285714285714 162.309
13.8326530612245 126.869
13.8367346938776 93.2058
13.8408163265306 64.4301
13.8448979591837 35.8236
13.8489795918367 19.8029
13.8530612244898 9.57902
13.8571428571429 3.69195
13.8612244897959 1.92409
13.865306122449 1.14035
13.869387755102 0.619317
13.8734693877551 0.539795
13.8775510204082 0.383521
13.8816326530612 0.576665
13.8857142857143 0.53054
13.8897959183673 0.70627
13.8938775510204 0.504643
13.8979591836735 1.1324
13.9020408163265 0.296762
13.9061224489796 8.22292
13.9102040816327 5.05813
13.9142857142857 37.707
13.9183673469388 13.0177
13.9224489795918 15.8229
13.9265306122449 32.3826
13.930612244898 18.7987
13.934693877551 11.8955
13.9387755102041 14.518
13.9428571428571 1.18191
13.9469387755102 49.3529
13.9510204081633 20.8284
13.9551020408163 24.3594
13.9591836734694 24.7293
13.9632653061224 14.7175
13.9673469387755 38.7214
13.9714285714286 17.6147
13.9755102040816 17.6389
13.9795918367347 6.63172
13.9836734693878 0.879909
13.9877551020408 9.73771
13.9918367346939 14.5681
13.9959183673469 7.25154
14.0 10.1436
14.0040816326531 7.10158
14.0081632653061 7.3845
14.0122448979592 3.38781
14.0163265306122 6.76767
14.0204081632653 0.0
14.0244897959184 1.77141
14.0285714285714 0.0
14.0326530612245 0.0296732
14.0367346938776 0.0637472
14.0408163265306 1.9596
14.0448979591837 3.14109
14.0489795918367 0.0
14.0530612244898 0.0
14.0571428571429 0.0
14.0612244897959 6.83073
14.065306122449 17.3377
14.069387755102 11.6554
14.0734693877551 14.4241
14.0775510204082 19.0938
14.0816326530612 18.5955
14.0857142857143 17.857
14.0897959183673 35.8138
14.0938775510204 39.8826
14.0979591836735 45.0534
14.1020408163265 37.6026
14.1061224489796 31.9419
14.1102040816327 39.5995
14.1142857142857 25.0684
14.1183673469388 14.0312
14.1224489795918 5.48935
14.1265306122449 2.28751
14.130612244898 1.61711
14.134693877551 0.0550747
14.1387755102041 2.41514
14.1428571428571 4.05641
14.1469387755102 10.1724
14.1510204081633 17.926
14.1551020408163 25.6836
14.1591836734694 30.7889
14.1632653061224 38.9948
14.1673469387755 35.242
14.1714285714286 37.0878
14.1755102040816 24.9529
14.1795918367347 42.2534
14.1836734693878 18.9833
14.1877551020408 24.1847
14.1918367346939 22.6923
14.1959183673469 19.5593
14.2 14.4004
14.2040816326531 15.9757
14.2081632653061 11.0725
14.2122448979592 27.4747
14.2163265306122 2.23428
14.2204081632653 22.8301
14.2244897959184 17.9148
14.2285714285714 12.223
14.2326530612245 6.56736
14.2367346938776 0.0
14.2408163265306 0.0
14.2448979591837 0.0
14.2489795918367 0.0
14.2530612244898 0.0
14.2571428571429 0.0
14.2612244897959 16.3624
14.265306122449 17.0711
14.269387755102 33.8134
14.2734693877551 32.7616
14.2775510204082 32.0133
14.2816326530612 20.3326
14.2857142857143 21.9282
14.2897959183673 14.8895
14.2938775510204 9.58267
14.2979591836735 15.0777
14.3020408163265 14.7346
14.3061224489796 80.5239
14.3102040816327 112.898
14.3142857142857 149.02
14.3183673469388 232.189
14.3224489795918 304.749
14.3265306122449 314.132
14.330612244898 336.321
14.334693877551 292.254
14.3387755102041 256.217
14.3428571428571 211.674
14.3469387755102 164.624
14.3510204081633 128.306
14.3551020408163 85.0548
14.3591836734694 57.7842
14.3632653061224 29.238
14.3673469387755 19.1726
14.3714285714286 9.91839
14.3755102040816 5.5879
14.3795918367347 3.05817
14.3836734693878 1.37572
14.3877551020408 0.23223
14.3918367346939 0.111197
14.3959183673469 0.0
14.4 0.0
14.4040816326531 0.0
14.4081632653061 0.37307
14.4122448979592 1.39069
14.4163265306122 0.91023
14.4204081632653 1.56078
14.4244897959184 1.16296
14.4285714285714 1.40971
14.4326530612245 2.17237
14.4367346938776 6.87501
14.4408163265306 11.7526
14.4448979591837 9.59032
14.4489795918367 8.71313
14.4530612244898 16.7862
14.4571428571429 7.89748
14.4612244897959 17.287
14.465306122449 8.81098
14.469387755102 19.8822
14.4734693877551 14.1388
14.4775510204082 20.0486
14.4816326530612 17.7074
14.4857142857143 15.2171
14.4897959183673 11.8356
14.4938775510204 8.48489
14.4979591836735 9.34774
14.5020408163265 12.5857
14.5061224489796 12.0152
14.5102040816327 16.7314
14.5142857142857 21.802
14.5183673469388 26.756
14.5224489795918 31.6864
14.5265306122449 32.0352
14.530612244898 30.2329
14.534693877551 27.7193
14.5387755102041 20.2067
14.5428571428571 10.4484
14.5469387755102 3.34959
14.5510204081633 0.708846
14.5551020408163 0.0
14.5591836734694 1.28929
14.5632653061224 9.29529
14.5673469387755 43.0877
14.5714285714286 101.713
14.5755102040816 174.654
14.5795918367347 233.596
14.5836734693878 278.114
14.5877551020408 266.506
14.5918367346939 253.147
14.5959183673469 218.003
14.6 182.499
14.6040816326531 142.555
14.6081632653061 103.531
14.6122448979592 64.6749
14.6163265306122 42.3814
14.6204081632653 25.8237
14.6244897959184 12.8472
14.6285714285714 7.75476
14.6326530612245 3.67011
14.6367346938776 1.99754
14.6408163265306 1.35572
14.6448979591837 1.13958
14.6489795918367 1.6583
14.6530612244898 1.26585
14.6571428571429 1.75956
14.6612244897959 2.08271
14.665306122449 2.6167
14.669387755102 2.44476
14.6734693877551 1.89519
14.6775510204082 3.75756
14.6816326530612 6.22809
14.6857142857143 8.62707
14.6897959183673 13.9316
14.6938775510204 4.74409
14.6979591836735 1.93498
14.7020408163265 0.462969
14.7061224489796 0.28195
14.7102040816327 1.8494
14.7142857142857 0.142574
14.7183673469388 0.025034
14.7224489795918 1.28197
14.7265306122449 1.6554
14.730612244898 10.299
14.734693877551 27.2833
14.7387755102041 19.8801
14.7428571428571 23.8261
14.7469387755102 22.0391
14.7510204081633 38.8598
14.7551020408163 54.231
14.7591836734694 30.3075
14.7632653061224 46.9953
14.7673469387755 37.7386
14.7714285714286 44.6379
14.7755102040816 29.2695
14.7795918367347 29.9418
14.7836734693878 19.9147
14.7877551020408 13.1467
14.7918367346939 6.96346
14.7959183673469 14.5332
14.8 19.8217
14.8040816326531 34.2684
14.8081632653061 40.6274
14.8122448979592 42.552
14.8163265306122 43.0061
14.8204081632653 38.9019
14.8244897959184 34.8577
14.8285714285714 39.0974
14.8326530612245 49.0768
14.8367346938776 108.763
14.8408163265306 162.286
14.8448979591837 239.715
14.8489795918367 258.737
14.8530612244898 245.786
14.8571428571429 214.93
14.8612244897959 174.99
14.865306122449 139.936
14.869387755102 109.31
14.8734693877551 78.184
14.8775510204082 58.0305
14.8816326530612 41.5212
14.8857142857143 24.0617
14.8897959183673 18.3004
14.8938775510204 14.3094
14.8979591836735 12.1427
14.9020408163265 11.0387
14.9061224489796 10.5273
14.9102040816327 11.4737
14.9142857142857 9.36573
14.9183673469388 6.12858
14.9224489795918 1.11805
14.9265306122449 1.98716
14.930612244898 1.23231
14.934693877551 0.299325
14.9387755102041 0.0
14.9428571428571 12.7304
14.9469387755102 22.1597
14.9510204081633 26.4341
14.9551020408163 19.7073
14.9591836734694 12.5834
14.9632653061224 4.87264
14.9673469387755 0.0
14.9714285714286 0.0
14.9755102040816 0.0
