0.00408163265306122 175.952
0.00816326530612245 170.025
0.0122448979591837 155.537
0.0163265306122449 143.173
0.0204081632653061 126.541
0.0244897959183673 107.739
0.0285714285714286 91.3507
0.0326530612244898 81.0263
0.036734693877551 67.9651
0.0408163265306122 61.1717
0.0448979591836735 48.9535
0.0489795918367347 38.0179
0.0530612244897959 30.2649
0.0571428571428571 24.2677
0.0612244897959184 18.5101
0.0653061224489796 15.2856
0.0693877551020408 15.1623
0.073469387755102 15.151
0.0775510204081633 14.1594
0.0816326530612245 13.1149
0.0857142857142857 10.9085
0.0897959183673469 7.71173
0.0938775510204082 4.28203
0.0979591836734694 2.60786
0.102040816326531 1.03835
0.106122448979592 0.957802
0.110204081632653 1.45176
0.114285714285714 0.852058
0.118367346938776 0.123933
0.122448979591837 0.11308
0.126530612244898 0.0
0.130612244897959 0.71377
0.13469387755102 0.730321
0.138775510204082 2.12912
0.142857142857143 1.45187
0.146938775510204 4.29716
0.151020408163265 0.71361
0.155102040816327 0.674086
0.159183673469388 0.0319822
0.163265306122449 1.58542
0.16734693877551 0.0
0.171428571428571 0.627538
0.175510204081633 1.18206
0.179591836734694 2.04865
0.183673469387755 2.12675
0.187755102040816 17.8281
0.191836734693878 24.1261
0.195918367346939 6.65776
0.2 7.08144
0.204081632653061 14.8251
0.208163265306122 6.70114
0.212244897959184 0.809614
0.216326530612245 56.0675
0.220408163265306 37.764
0.224489795918367 59.6301
0.228571428571429 79.9785
0.23265306122449 86.4448
0.236734693877551 98.6201
0.240816326530612 98.1391
0.244897959183673 92.7247
0.248979591836735 75.963
0.253061224489796 64.0753
0.257142857142857 54.7904
0.261224489795918 43.6062
0.26530612244898 36.4212
0.269387755102041 39.8393
0.273469387755102 31.6953
0.277551020408163 26.5802
0.281632653061224 21.3074
0.285714285714286 22.3999
0.289795918367347 14.9661
0.293877551020408 1.99803
0.297959183673469 20.094
0.302040816326531 10.3272
0.306122448979592 3.37262
0.310204081632653 3.30961
0.314285714285714 9.36039
0.318367346938775 4.79153
0.322448979591837 1.25387
0.326530612244898 17.6256
0.330612244897959 3.62208
0.33469387755102 6.00204
0.338775510204082 7.9866
0.342857142857143 15.5657
0.346938775510204 32.0907
0.351020408163265 9.3085
0.355102040816327 13.9175
0.359183673469388 14.3266
0.363265306122449 9.10965
0.36734693877551 4.13592
0.371428571428571 7.00811
0.375510204081633 1.29071
0.379591836734694 2.89528
0.383673469387755 5.75006
0.387755102040816 8.68958
0.391836734693878 0.717243
0.395918367346939 5.70281
0.4 6.36845
0.404081632653061 3.39238
0.408163265306122 10.9778
0.412244897959184 17.2406
0.416326530612245 7.04779
0.420408163265306 7.01837
0.424489795918367 32.015
0.428571428571429 28.3177
0.43265306122449 17.4155
0.436734693877551 42.3948
0.440816326530612 47.9519
0.444897959183673 30.9504
0.448979591836735 41.7857
0.453061224489796 41.8984
0.457142857142857 12.7008
0.461224489795918 14.3519
0.46530612244898 13.0195
0.469387755102041 11.7154
0.473469387755102 10.6934
0.477551020408163 10.7178
0.481632653061224 10.3438
0.485714285714286 8.15475
0.489795918367347 5.96233
0.493877551020408 20.0383
0.497959183673469 4.40568
0.502040816326531 2.60286
0.506122448979592 22.4028
0.510204081632653 8.34171
0.514285714285714 2.24637
0.518367346938776 21.0678
0.522448979591837 11.6643
0.526530612244898 0.0
0.530612244897959 6.03981
0.53469387755102 29.381
0.538775510204082 0.0
0.542857142857143 16.593
0.546938775510204 13.5183
0.551020408163265 5.81942
0.555102040816327 0.190159
0.559183673469388 17.9771
0.563265306122449 12.1548
0.56734693877551 1.76446
0.571428571428571 8.51261
0.575510204081633 35.6895
0.579591836734694 0.290642
0.583673469387755 30.704
0.587755102040816 11.0702
0.591836734693878 0.111789
0.595918367346939 0.741045
0.6 35.4548
0.604081632653061 19.2282
0.608163265306122 15.7198
0.612244897959184 43.5604
0.616326530612245 49.2621
0.620408163265306 42.7146
0.624489795918367 59.6101
0.628571428571429 52.2993
0.63265306122449 48.1222
0.636734693877551 62.0448
0.640816326530612 90.8849
0.644897959183673 73.5426
0.648979591836735 101.361
0.653061224489796 89.874
0.657142857142857 106.392
0.661224489795918 97.9624
0.66530612244898 103.616
0.669387755102041 86.0907
0.673469387755102 72.8122
0.677551020408163 63.1469
0.681632653061224 44.6443
0.685714285714286 38.1819
0.689795918367347 23.4899
0.693877551020408 14.6601
0.697959183673469 5.86782
0.702040816326531 3.51256
0.706122448979592 3.20268
0.710204081632653 1.86996
0.714285714285714 1.29931
0.718367346938775 1.03331
0.722448979591837 4.03837
0.726530612244898 1.01717
0.730612244897959 6.45156
0.73469387755102 1.17764
0.738775510204082 1.14665
0.742857142857143 0.88043
0.746938775510204 3.81497
0.751020408163265 1.22338
0.755102040816326 1.10307
0.759183673469388 7.5509
0.763265306122449 1.50924
0.76734693877551 0.958115
0.771428571428571 17.0156
0.775510204081633 1.28508
0.779591836734694 2.08521
0.783673469387755 17.3374
0.787755102040816 14.8339
0.791836734693877 1.41601
0.795918367346939 10.9434
0.8 20.2111
0.804081632653061 57.0896
0.808163265306122 40.1682
0.812244897959184 135.851
0.816326530612245 136.896
0.820408163265306 228.903
0.824489795918367 232.504
0.828571428571429 212.215
0.83265306122449 184.238
0.836734693877551 149.145
0.840816326530612 110.836
0.844897959183673 71.2281
0.848979591836735 35.0681
0.853061224489796 13.7429
0.857142857142857 2.36189
0.861224489795918 0.0
0.86530612244898 0.0
0.869387755102041 0.0
0.873469387755102 0.0
0.877551020408163 0.0
0.881632653061225 0.0
0.885714285714286 0.0
0.889795918367347 0.0
0.893877551020408 70.712
0.897959183673469 0.0
0.902040816326531 4.7493
0.906122448979592 2.29946
0.910204081632653 26.2276
0.914285714285714 0.504792
0.918367346938776 10.0679
0.922448979591837 0.00501176
0.926530612244898 0.960732
0.930612244897959 6.90989
0.93469387755102 18.6609
0.938775510204082 17.1092
0.942857142857143 36.4258
0.946938775510204 32.1766
0.951020408163265 38.9331
0.955102040816327 49.0358
0.959183673469388 75.178
0.963265306122449 46.8754
0.96734693877551 47.5537
0.971428571428571 39.7069
0.975510204081633 40.9814
0.979591836734694 25.5755
0.983673469387755 47.9809
0.987755102040816 11.0835
0.991836734693878 5.87548
0.995918367346939 3.9845
1.0 35.1263
1.00408163265306 52.9226
1.00816326530612 32.7356
1.01224489795918 47.3797
1.01632653061224 27.3256
1.02040816326531 17.2089
1.02448979591837 45.0686
1.02857142857143 17.1936
1.03265306122449 9.20363
1.03673469387755 27.6553
1.04081632653061 13.5046
1.04489795918367 39.9287
1.04897959183673 10.1635
1.0530612244898 4.83536
1.05714285714286 1.88928
1.06122448979592 0.0
1.06530612244898 53.082
1.06938775510204 0.0
1.0734693877551 0.0
1.07755102040816 40.6759
1.08163265306122 1.10487
1.08571428571429 39.893
1.08979591836735 12.4245
1.09387755102041 45.0782
1.09795918367347 9.49808
1.10204081632653 22.2113
1.10612244897959 50.199
1.11020408163265 10.4346
1.11428571428571 13.28
1.11836734693878 36.575
1.12244897959184 12.0971
1.1265306122449 62.1533
1.13061224489796 78.5022
1.13469387755102 83.8464
1.13877551020408 136.869
1.14285714285714 189.428
1.1469387755102 212.585
1.15102040816327 239.342
1.15510204081633 240.419
1.15918367346939 224.188
1.16326530612245 208.169
1.16734693877551 191.412
1.17142857142857 167.012
1.17551020408163 145.214
1.17959183673469 111.476
1.18367346938776 88.4561
1.18775510204082 58.5885
1.19183673469388 43.872
1.19591836734694 28.6255
1.2 14.6905
1.20408163265306 9.61815
1.20816326530612 5.37213
1.21224489795918 3.91437
1.21632653061224 3.78278
1.22040816326531 4.2531
1.22448979591837 4.36297
1.22857142857143 2.8212
1.23265306122449 10.6722
1.23673469387755 35.1532
1.24081632653061 77.861
1.24489795918367 96.1565
1.24897959183673 113.575
1.2530612244898 105.462
1.25714285714286 89.608
1.26122448979592 70.8174
1.26530612244898 49.3818
1.26938775510204 28.1863
1.2734693877551 17.396
1.27755102040816 7.27529
1.28163265306122 0.0
1.28571428571429 0.0
1.28979591836735 0.0
1.29387755102041 0.0
1.29795918367347 0.121166
1.30204081632653 0.263552
1.30612244897959 0.275582
1.31020408163265 0.540425
1.31428571428571 1.40289
1.31836734693878 2.56871
1.32244897959184 12.6265
1.3265306122449 24.0055
1.33061224489796 8.9664
1.33469387755102 13.5839
1.33877551020408 13.1631
1.34285714285714 11.1816
1.3469387755102 16.7442
1.35102040816327 19.1744
1.35510204081633 22.3678
1.35918367346939 24.1389
1.36326530612245 21.3695
1.36734693877551 18.6477
1.37142857142857 15.9416
1.37551020408163 13.0776
1.37959183673469 11.8088
1.38367346938776 9.01186
1.38775510204082 5.53084
1.39183673469388 6.24473
1.39591836734694 6.86629
1.4 10.6505
1.40408163265306 10.6052
1.40816326530612 26.385
1.41224489795918 23.4642
1.41632653061225 35.8773
1.42040816326531 29.968
1.42448979591837 30.216
1.42857142857143 30.5404
1.43265306122449 17.6605
1.43673469387755 17.7792
1.44081632653061 8.19424
1.44489795918367 4.90292
1.44897959183673 2.27008
1.4530612244898 0.341784
1.45714285714286 2.00272
1.46122448979592 3.01977
1.46530612244898 13.304
1.46938775510204 15.1409
1.4734693877551 16.4518
1.47755102040816 23.2486
1.48163265306122 12.129
1.48571428571429 9.38154
1.48979591836735 1.48231
1.49387755102041 0.435739
1.49795918367347 0.270547
1.50204081632653 0.34437
1.50612244897959 0.177236
1.51020408163265 0.202797
1.51428571428571 0.224452
1.51836734693878 0.792356
1.52244897959184 8.83213
1.5265306122449 27.9803
1.53061224489796 22.1309
1.53469387755102 22.8167
1.53877551020408 11.9204
1.54285714285714 5.20766
1.5469387755102 7.72987
1.55102040816327 3.82681
1.55510204081633 12.2151
1.55918367346939 10.3071
1.56326530612245 16.9938
1.56734693877551 15.7103
1.57142857142857 10.8577
1.57551020408163 13.0534
1.57959183673469 27.7352
1.58367346938775 33.771
1.58775510204082 30.0337
1.59183673469388 37.8141
1.59591836734694 25.6384
1.6 17.4896
1.60408163265306 19.2966
1.60816326530612 8.99943
1.61224489795918 1.1615
1.61632653061224 1.55044
1.62040816326531 0.677745
1.62448979591837 15.8437
1.62857142857143 35.3174
1.63265306122449 86.8074
1.63673469387755 134.143
1.64081632653061 140.963
1.64489795918367 134.091
1.64897959183673 122.459
1.6530612244898 106.921
1.65714285714286 96.6142
1.66122448979592 81.8362
1.66530612244898 62.1338
1.66938775510204 39.3499
1.6734693877551 23.4658
1.67755102040816 15.5152
1.68163265306122 11.0962
1.68571428571429 7.06585
1.68979591836735 4.43451
1.69387755102041 1.75921
1.69795918367347 2.00775
1.70204081632653 3.88175
1.70612244897959 4.39344
1.71020408163265 4.28944
1.71428571428571 3.46307
1.71836734693878 2.16421
1.72244897959184 0.85339
1.7265306122449 3.60699
1.73061224489796 5.53194
1.73469387755102 22.551
1.73877551020408 11.9214
1.74285714285714 25.7576
1.7469387755102 28.7006
1.75102040816327 19.1965
1.75510204081633 27.5753
1.75918367346939 27.0017
1.76326530612245 14.615
1.76734693877551 13.7058
1.77142857142857 21.2571
1.77551020408163 9.29177
1.77959183673469 8.86445
1.78367346938776 22.6086
1.78775510204082 5.66977
1.79183673469388 11.6898
1.79591836734694 1.61397
1.8 0.529294
1.80408163265306 0.448863
1.80816326530612 0.6147
1.81224489795918 0.22043
1.81632653061224 0.421655
1.82040816326531 0.949244
1.82448979591837 42.3715
1.82857142857143 31.4239
1.83265306122449 76.997
1.83673469387755 117.172
1.84081632653061 129.493
1.84489795918367 116.48
1.84897959183673 116.53
1.8530612244898 105.905
1.85714285714286 76.7605
1.86122448979592 54.9344
1.86530612244898 35.2673
1.86938775510204 15.7703
1.8734693877551 2.66759
1.87755102040816 0.0
1.88163265306122 0.0
1.88571428571429 1.58593
1.88979591836735 3.51542
1.89387755102041 3.4527
1.89795918367347 4.03696
1.90204081632653 1.51726
1.90612244897959 3.17831
1.91020408163265 26.9821
1.91428571428571 33.6908
1.91836734693878 27.6202
1.92244897959184 34.7254
1.9265306122449 8.92369
1.93061224489796 7.57078
1.93469387755102 8.97082
1.93877551020408 2.64458
1.94285714285714 0.0
1.9469387755102 0.813345
1.95102040816327 0.819107
1.95510204081633 0.908549
1.95918367346939 0.700946
1.96326530612245 1.49123
1.96734693877551 14.8203
1.97142857142857 41.6483
1.97551020408163 121.167
1.97959183673469 152.834
1.98367346938776 187.846
1.98775510204082 248.818
1.99183673469388 262.78
1.99591836734694 281.749
2.0 263.653
2.00408163265306 242.966
2.00816326530612 215.079
2.01224489795918 190.055
2.01632653061225 159.861
2.02040816326531 131.698
2.02448979591837 103.296
2.02857142857143 75.3055
2.03265306122449 49.1119
2.03673469387755 27.6063
2.04081632653061 17.9904
2.04489795918367 14.8702
2.04897959183673 12.4331
2.0530612244898 10.6224
2.05714285714286 8.79831
2.06122448979592 6.66569
2.06530612244898 4.35394
2.06938775510204 6.04053
2.0734693877551 7.96242
2.07755102040816 10.1775
2.08163265306122 14.3761
2.08571428571429 10.7044
2.08979591836735 13.6456
2.09387755102041 12.36
2.09795918367347 14.73
2.10204081632653 19.6265
2.10612244897959 13.8802
2.11020408163265 13.8419
2.11428571428571 6.35943
2.11836734693878 3.73307
2.12244897959184 4.85065
2.1265306122449 4.63716
2.13061224489796 4.77443
2.13469387755102 4.43215
2.13877551020408 3.78212
2.14285714285714 3.71905
2.1469387755102 1.7595
2.15102040816327 1.71518
2.15510204081633 2.07927
2.15918367346939 0.769436
2.16326530612245 1.96675
2.16734693877551 3.40857
2.17142857142857 13.4781
2.17551020408163 12.0126
2.17959183673469 28.4998
2.18367346938776 34.0465
2.18775510204082 23.4336
2.19183673469388 26.4796
2.19591836734694 13.0806
2.2 5.9563
2.20408163265306 4.59643
2.20816326530612 3.75398
2.21224489795918 2.45079
2.21632653061224 1.57396
2.22040816326531 0.769931
2.22448979591837 1.64669
2.22857142857143 0.0
2.23265306122449 0.317663
2.23673469387755 5.98424
2.24081632653061 45.4793
2.24489795918367 52.6518
2.24897959183673 63.243
2.2530612244898 65.2136
2.25714285714286 60.7184
2.26122448979592 55.0071
2.26530612244898 43.2362
2.26938775510204 33.2431
2.2734693877551 20.2781
2.27755102040816 15.4018
2.28163265306122 13.8003
2.28571428571429 11.6416
2.28979591836735 8.78898
2.29387755102041 7.07288
2.29795918367347 5.21845
2.30204081632653 2.68012
2.30612244897959 0.950861
2.31020408163265 1.49145
2.31428571428571 2.02502
2.31836734693878 1.46208
2.32244897959184 2.93431
2.3265306122449 6.28314
2.33061224489796 16.5645
2.33469387755102 13.549
2.33877551020408 19.0918
2.34285714285714 12.8081
2.3469387755102 13.1861
2.35102040816327 10.425
2.35510204081633 7.06556
2.35918367346939 12.0621
2.36326530612245 4.77298
2.36734693877551 8.75049
2.37142857142857 14.2699
2.37551020408163 0.266949
2.37959183673469 0.348685
2.38367346938776 6.15278
2.38775510204082 12.6137
2.39183673469388 2.88404
2.39591836734694 3.43025
2.4 14.9387
2.40408163265306 6.74933
2.40816326530612 7.64355
2.41224489795918 11.3606
2.41632653061225 7.7201
2.42040816326531 1.42574
2.42448979591837 75.6514
2.42857142857143 186.922
2.43265306122449 173.337
2.43673469387755 246.079
2.44081632653061 271.508
2.44489795918367 248.962
2.44897959183673 215.607
2.4530612244898 182.589
2.45714285714286 148.282
2.46122448979592 112.508
2.46530612244898 77.905
2.46938775510204 46.3507
2.4734693877551 19.3779
2.47755102040816 3.50117
2.48163265306122 0.0
2.48571428571429 0.0
2.48979591836735 0.0
2.49387755102041 0.0
2.49795918367347 0.628531
2.50204081632653 1.5464
2.50612244897959 2.93191
2.51020408163265 2.6771
2.51428571428571 2.85397
2.51836734693878 1.4605
2.52244897959184 2.14077
2.5265306122449 1.79621
2.53061224489796 2.65944
2.53469387755102 7.16096
2.53877551020408 8.84518
2.54285714285714 10.1509
2.5469387755102 9.10432
2.55102040816327 7.98589
2.55510204081633 6.05927
2.55918367346939 4.68924
2.56326530612245 4.58195
2.56734693877551 2.29774
2.57142857142857 1.38317
2.57551020408163 0.357514
2.57959183673469 0.0
2.58367346938775 0.0274777
2.58775510204082 17.0921
2.59183673469388 16.1365
2.59591836734694 22.9469
2.6 19.4504
2.60408163265306 15.5699
2.60816326530612 18.3998
2.61224489795918 28.1892
2.61632653061224 46.9552
2.62040816326531 42.6547
2.62448979591837 43.3086
2.62857142857143 45.0525
2.63265306122449 37.846
2.63673469387755 33.9313
2.64081632653061 29.9169
2.64489795918367 25.9317
2.64897959183673 20.4056
2.6530612244898 19.8859
2.65714285714286 20.2796
2.66122448979592 23.4286
2.66530612244898 37.5875
2.66938775510204 38.5018
2.6734693877551 44.4519
2.67755102040816 41.9547
2.68163265306122 38.5432
2.68571428571429 38.9981
2.68979591836735 29.9373
2.69387755102041 29.7439
2.69795918367347 20.6581
2.70204081632653 16.9862
2.70612244897959 13.5352
2.71020408163265 8.24204
2.71428571428571 4.65745
2.71836734693878 2.08376
2.72244897959184 0.289917
2.7265306122449 0.0
2.73061224489796 0.0
2.73469387755102 0.0
2.73877551020408 0.0
2.74285714285714 0.0
2.7469387755102 0.0
2.75102040816327 0.129762
2.75510204081633 4.0807
2.75918367346939 7.78018
2.76326530612245 8.92274
2.76734693877551 13.1287
2.77142857142857 7.7616
2.77551020408163 2.85266
2.77959183673469 2.1071
2.78367346938776 10.0954
2.78775510204082 2.17713
2.79183673469388 7.51621
2.79591836734694 10.8753
2.8 2.06726
2.80408163265306 10.4764
2.80816326530612 6.80619
2.81224489795918 12.8632
2.81632653061224 15.4368
2.82040816326531 21.3155
2.82448979591837 30.8777
2.82857142857143 26.1708
2.83265306122449 25.7162
2.83673469387755 38.3645
2.84081632653061 199.264
2.84489795918367 221.728
2.84897959183673 259.13
2.8530612244898 285.245
2.85714285714286 289.369
2.86122448979592 271.046
2.86530612244898 238.239
2.86938775510204 197.899
2.8734693877551 156.212
2.87755102040816 116.207
2.88163265306122 78.2332
2.88571428571429 44.5774
2.88979591836735 22.5619
2.89387755102041 10.8141
2.89795918367347 5.54045
2.90204081632653 1.57849
2.90612244897959 1.94553
2.91020408163265 1.47102
2.91428571428571 1.21703
2.91836734693878 0.204315
2.92244897959184 0.0
2.9265306122449 0.26236
2.93061224489796 1.17352
2.93469387755102 0.0
2.93877551020408 2.46883
2.94285714285714 0.0
2.9469387755102 1.36754
2.95102040816327 3.10284
2.95510204081633 7.60126
2.95918367346939 11.2208
2.96326530612245 7.8374
2.96734693877551 15.3289
2.97142857142857 29.4166
2.97551020408163 18.5454
2.97959183673469 12.1335
2.98367346938775 18.7075
2.98775510204082 9.77182
2.99183673469388 6.21014
2.99591836734694 20.548
3.0 29.6831
3.00408163265306 35.6971
3.00816326530612 35.758
3.01224489795918 31.8995
3.01632653061225 30.3185
3.02040816326531 26.2141
3.02448979591837 33.2813
3.02857142857143 28.0401
3.03265306122449 24.3768
3.03673469387755 18.2706
3.04081632653061 18.3856
3.04489795918367 5.33833
3.04897959183673 2.21974
3.0530612244898 5.02266
3.05714285714286 2.03209
3.06122448979592 3.74628
3.06530612244898 15.4954
3.06938775510204 16.1949
3.0734693877551 10.8001
3.07755102040816 13.3436
3.08163265306122 10.7528
3.08571428571429 5.44922
3.08979591836735 2.42122
3.09387755102041 0.0545581
3.09795918367347 0.778029
3.10204081632653 2.2154
3.10612244897959 4.58854
3.11020408163265 3.72247
3.11428571428571 4.34038
3.11836734693878 4.22423
3.12244897959184 7.3996
3.1265306122449 12.7403
3.13061224489796 11.6261
3.13469387755102 11.7008
3.13877551020408 10.5334
3.14285714285714 10.0615
3.1469387755102 7.56992
3.15102040816327 11.4953
3.15510204081633 14.5248
3.15918367346939 23.4581
3.16326530612245 21.4008
3.16734693877551 21.9602
3.17142857142857 20.3457
3.17551020408163 11.898
3.17959183673469 10.6299
3.18367346938776 11.9052
3.18775510204082 33.3122
3.19183673469388 64.8967
3.19591836734694 56.1255
3.2 54.0249
3.20408163265306 56.9301
3.20816326530612 48.9531
3.21224489795918 63.2643
3.21632653061224 105.136
3.22040816326531 143.033
3.22448979591837 179.951
3.22857142857143 186.549
3.23265306122449 197.295
3.23673469387755 206.116
3.24081632653061 215.389
3.24489795918367 189.081
3.24897959183673 174.512
3.2530612244898 151.006
3.25714285714286 122.669
3.26122448979592 97.3568
3.26530612244898 70.5392
3.26938775510204 46.4993
3.2734693877551 26.3854
3.27755102040816 20.8418
3.28163265306122 19.4115
3.28571428571429 16.2568
3.28979591836735 11.2793
3.29387755102041 6.22185
3.29795918367347 3.12448
3.30204081632653 0.0
3.30612244897959 0.0
3.31020408163265 0.0
3.31428571428571 0.0
3.31836734693878 0.193099
3.32244897959184 17.4779
3.3265306122449 2.97962
3.33061224489796 25.7245
3.33469387755102 42.3896
3.33877551020408 15.7067
3.34285714285714 21.956
3.3469387755102 54.0693
3.35102040816327 12.5364
3.35510204081633 13.3599
3.35918367346939 18.6875
3.36326530612245 14.7765
3.36734693877551 5.09848
3.37142857142857 11.1908
3.37551020408163 13.3451
3.37959183673469 16.2615
3.38367346938776 15.2458
3.38775510204082 32.9196
3.39183673469388 7.42359
3.39591836734694 7.58569
3.4 3.12303
3.40408163265306 13.1829
3.40816326530612 2.29957
3.41224489795918 7.42834
3.41632653061225 0.946487
3.42040816326531 8.86608
3.42448979591837 4.24521
3.42857142857143 97.1338
3.43265306122449 62.2815
3.43673469387755 103.729
3.44081632653061 130.937
3.44489795918367 121.674
3.44897959183673 107.063
3.4530612244898 102.652
3.45714285714286 92.463
3.46122448979592 79.734
3.46530612244898 69.7486
3.46938775510204 64.5824
3.4734693877551 39.8085
3.47755102040816 24.7904
3.48163265306122 15.5786
3.48571428571429 8.01737
3.48979591836735 6.86544
3.49387755102041 5.02412
3.49795918367347 2.90922
3.50204081632653 1.01376
3.50612244897959 0.0
3.51020408163265 0.0
3.51428571428571 0.0
3.51836734693878 0.828584
3.52244897959184 3.52302
3.5265306122449 6.09682
3.53061224489796 8.00424
3.53469387755102 15.2051
3.53877551020408 20.3026
3.54285714285714 14.3437
3.5469387755102 9.06391
3.55102040816327 11.7599
3.55510204081633 0.0
3.55918367346939 3.96058
3.56326530612245 11.2356
3.56734693877551 6.52816
3.57142857142857 5.04835
3.57551020408163 7.63159
3.57959183673469 18.1436
3.58367346938775 8.48354
3.58775510204082 7.52617
3.59183673469388 18.7098
3.59591836734694 3.30423
3.6 11.7071
3.60408163265306 9.20983
3.60816326530612 2.12655
3.61224489795918 4.39409
3.61632653061224 1.69969
3.62040816326531 3.73262
3.62448979591837 5.62905
3.62857142857143 6.64998
3.63265306122449 14.6187
3.63673469387755 9.42658
3.64081632653061 29.9317
3.64489795918367 28.9825
3.64897959183673 47.5582
3.6530612244898 55.8387
3.65714285714286 46.3022
3.66122448979592 50.8983
3.66530612244898 35.1423
3.66938775510204 21.7203
3.6734693877551 18.9881
3.67755102040816 18.9046
3.68163265306122 16.114
3.68571428571429 14.7924
3.68979591836735 9.70559
3.69387755102041 3.00975
3.69795918367347 1.78226
3.70204081632653 0.0
3.70612244897959 10.2583
3.71020408163265 6.80807
3.71428571428571 5.89402
3.71836734693878 13.4018
3.72244897959184 15.1536
3.7265306122449 5.82318
3.73061224489796 10.4953
3.73469387755102 10.0374
3.73877551020408 14.6624
3.74285714285714 15.7502
3.7469387755102 23.198
3.75102040816327 7.10026
3.75510204081633 20.7739
3.75918367346939 21.0875
3.76326530612245 12.5152
3.76734693877551 13.27
3.77142857142857 14.7163
3.77551020408163 9.11216
3.77959183673469 11.8702
3.78367346938776 14.8467
3.78775510204082 34.9475
3.79183673469388 3.76525
3.79591836734694 16.7513
3.8 6.27546
3.80408163265306 9.0308
3.80816326530612 5.69998
3.81224489795918 10.2714
3.81632653061224 9.1327
3.82040816326531 9.51723
3.82448979591837 19.0454
3.82857142857143 97.0532
3.83265306122449 15.5655
3.83673469387755 50.4456
3.84081632653061 89.1383
3.84489795918367 134.193
3.84897959183673 180.914
3.8530612244898 187.56
3.85714285714286 178.175
3.86122448979592 164.411
3.86530612244898 136.868
3.86938775510204 104.37
3.8734693877551 72.6622
3.87755102040816 46.9973
3.88163265306122 22.7116
3.88571428571429 11.3032
3.88979591836735 3.61142
3.89387755102041 3.12181
3.89795918367347 2.15659
3.90204081632653 4.78182
3.90612244897959 4.89525
3.91020408163265 6.68382
3.91428571428571 10.5222
3.91836734693878 13.88
3.92244897959184 21.5114
3.9265306122449 31.1575
3.93061224489796 54.8688
3.93469387755102 75.2331
3.93877551020408 85.3379
3.94285714285714 96.4115
3.9469387755102 104.674
3.95102040816327 97.7673
3.95510204081633 82.7535
3.95918367346939 74.6961
3.96326530612245 52.86
3.96734693877551 36.2248
3.97142857142857 21.0666
3.97551020408163 14.8792
3.97959183673469 2.81689
3.98367346938775 1.6426
3.98775510204082 0.770576
3.99183673469388 0.424062
3.99591836734694 0.956804
4.0 0.763729
4.00408163265306 2.22509
4.00816326530612 2.14664
4.01224489795918 16.4142
4.01632653061225 35.7804
4.02040816326531 61.7306
4.02448979591837 116.401
4.02857142857143 196.034
4.03265306122449 234.484
4.03673469387755 245.593
4.04081632653061 224.127
4.04489795918367 192.441
4.04897959183673 151.392
4.0530612244898 109.291
4.05714285714286 67.7513
4.06122448979592 30.0352
4.06530612244898 11.9827
4.06938775510204 4.78692
4.0734693877551 1.6253
4.07755102040816 2.15432
4.08163265306122 2.11402
4.08571428571429 1.64251
4.08979591836735 1.27192
4.09387755102041 0.508567
4.09795918367347 0.0
4.10204081632653 0.0
4.10612244897959 32.8648
4.11020408163265 0.0
4.11428571428571 0.0
4.11836734693878 0.0
4.12244897959184 3.55775
4.1265306122449 0.796715
4.13061224489796 6.26012
4.13469387755102 27.2837
4.13877551020408 12.5372
4.14285714285714 21.5597
4.1469387755102 15.5412
4.15102040816326 10.8364
4.15510204081633 8.73422
4.15918367346939 3.42766
4.16326530612245 0.0458558
4.16734693877551 0.0
4.17142857142857 0.146945
4.17551020408163 5.06455
4.17959183673469 0.165522
4.18367346938776 0.703896
4.18775510204082 0.749548
4.19183673469388 4.63712
4.19591836734694 7.29768
4.2 14.9339
4.20408163265306 19.616
4.20816326530612 42.9596
4.21224489795918 38.936
4.21632653061225 49.1377
4.22040816326531 26.5284
4.22448979591837 43.5999
4.22857142857143 46.6729
4.23265306122449 35.4018
4.23673469387755 26.414
4.24081632653061 30.6747
4.24489795918367 27.5031
4.24897959183673 15.3951
4.2530612244898 18.6588
4.25714285714286 17.4526
4.26122448979592 27.6424
4.26530612244898 6.70413
4.26938775510204 16.1492
4.2734693877551 9.01152
4.27755102040816 9.49042
4.28163265306122 6.91699
4.28571428571429 3.92311
4.28979591836735 2.40777
4.29387755102041 12.6794
4.29795918367347 21.5073
4.30204081632653 31.4742
4.30612244897959 23.2427
4.31020408163265 30.8788
4.31428571428571 40.87
4.31836734693878 47.0177
4.32244897959184 50.3533
4.3265306122449 48.7347
4.33061224489796 52.5857
4.33469387755102 34.9889
4.33877551020408 32.9351
4.34285714285714 19.0931
4.3469387755102 21.3629
4.35102040816327 3.22724
4.35510204081633 4.98897
4.35918367346939 5.50867
4.36326530612245 3.18599
4.36734693877551 0.161807
4.37142857142857 3.60125
4.37551020408163 2.10883
4.37959183673469 6.10955
4.38367346938776 13.1862
4.38775510204082 8.96063
4.39183673469388 4.00865
4.39591836734694 31.5482
4.4 54.1376
4.40408163265306 128.508
4.40816326530612 170.446
4.41224489795918 120.998
4.41632653061224 180.093
4.42040816326531 232.405
4.42448979591837 269.748
4.42857142857143 284.321
4.43265306122449 355.63
4.43673469387755 352.701
4.44081632653061 327.676
4.44489795918367 294.928
4.44897959183673 254.376
4.4530612244898 210.656
4.45714285714286 167.259
4.46122448979592 125.358
4.46530612244898 88.1385
4.46938775510204 55.4781
4.4734693877551 28.0925
4.47755102040816 11.603
4.48163265306122 6.26733
4.48571428571429 4.50891
4.48979591836735 4.08918
4.49387755102041 3.1692
4.49795918367347 4.07122
4.50204081632653 11.7625
4.50612244897959 16.8713
4.51020408163265 14.3531
4.51428571428571 10.6266
4.51836734693878 8.16952
4.52244897959184 4.18196
4.5265306122449 3.23321
4.53061224489796 1.95894
4.53469387755102 0.820155
4.53877551020408 0.0
4.54285714285714 0.0
4.5469387755102 0.0
4.55102040816327 0.0
4.55510204081633 0.0
4.55918367346939 0.0
4.56326530612245 0.120908
4.56734693877551 1.18935
4.57142857142857 6.72785
4.57551020408163 17.1885
4.57959183673469 17.7674
4.58367346938776 15.3466
4.58775510204082 13.228
4.59183673469388 9.39265
4.59591836734694 6.31043
4.6 5.08661
4.60408163265306 5.20486
4.60816326530612 12.2916
4.61224489795918 20.6421
4.61632653061224 27.4001
4.62040816326531 29.5818
4.62448979591837 33.0952
4.62857142857143 29.5355
4.63265306122449 28.9538
4.63673469387755 25.8451
4.64081632653061 22.9732
4.64489795918367 29.9457
4.64897959183673 30.1304
4.6530612244898 33.835
4.65714285714286 25.7105
4.66122448979592 13.6233
4.66530612244898 8.50374
4.66938775510204 2.09017
4.6734693877551 4.14457
4.67755102040816 4.03373
4.68163265306122 4.34892
4.68571428571429 3.09841
4.68979591836735 1.8886
4.69387755102041 4.43022
4.69795918367347 7.46026
4.70204081632653 14.1312
4.70612244897959 13.6034
4.71020408163265 3.99613
4.71428571428571 11.9651
4.71836734693878 3.97719
4.72244897959184 10.6942
4.7265306122449 15.834
4.73061224489796 12.1456
4.73469387755102 9.11052
4.73877551020408 7.1832
4.74285714285714 1.77091
4.7469387755102 0.56481
4.75102040816327 1.86914
4.75510204081633 9.98015
4.75918367346939 9.27951
4.76326530612245 19.3552
4.76734693877551 15.5969
4.77142857142857 11.3809
4.77551020408163 14.6484
4.77959183673469 8.61307
4.78367346938775 6.85306
4.78775510204082 5.50118
4.79183673469388 3.6695
4.79591836734694 1.4195
4.8 1.22261
4.80408163265306 0.419974
4.80816326530612 0.0132769
4.81224489795918 9.75581
4.81632653061224 15.3844
4.82040816326531 19.0468
4.82448979591837 22.1586
4.82857142857143 9.2664
4.83265306122449 21.0271
4.83673469387755 21.0118
4.84081632653061 26.6835
4.84489795918367 56.7838
4.84897959183674 61.6471
4.8530612244898 51.4235
4.85714285714286 46.3039
4.86122448979592 61.2453
4.86530612244898 51.7166
4.86938775510204 39.2734
4.8734693877551 38.781
4.87755102040816 33.4785
4.88163265306122 25.0626
4.88571428571429 17.6097
4.88979591836735 14.0312
4.89387755102041 5.87636
4.89795918367347 3.69238
4.90204081632653 2.93333
4.90612244897959 2.84239
4.91020408163265 2.85515
4.91428571428571 2.42909
4.91836734693878 1.99681
4.92244897959184 11.9413
4.9265306122449 3.97224
4.93061224489796 17.4269
4.93469387755102 16.7865
4.93877551020408 5.00425
4.94285714285714 7.32516
4.9469387755102 2.99132
4.95102040816327 2.77147
4.95510204081633 2.28822
4.95918367346939 1.62361
4.96326530612245 1.19399
4.96734693877551 0.822144
4.97142857142857 11.8144
4.97551020408163 9.89968
4.97959183673469 6.79019
4.98367346938775 16.4253
4.98775510204082 22.6887
4.99183673469388 9.01585
4.99591836734694 6.49438
5.0 17.2539
5.00408163265306 9.935
5.00816326530612 6.39103
5.01224489795918 11.7535
5.01632653061225 4.13568
5.02040816326531 15.3537
5.02448979591837 17.2846
5.02857142857143 45.2557
5.03265306122449 101.678
5.03673469387755 134.777
5.04081632653061 160.198
5.04489795918367 141.29
5.04897959183673 130.267
5.0530612244898 123.446
5.05714285714286 93.7445
5.06122448979592 60.5142
5.06530612244898 39.5176
5.06938775510204 23.2922
5.0734693877551 11.7631
5.07755102040816 8.87533
5.08163265306122 9.77596
5.08571428571429 3.88775
5.08979591836735 1.5371
5.09387755102041 1.91919
5.09795918367347 2.03486
5.10204081632653 2.2471
5.10612244897959 7.42151
5.11020408163265 11.8625
5.11428571428571 8.5324
5.11836734693878 9.79747
5.12244897959184 7.1933
5.1265306122449 4.75912
5.13061224489796 4.91839
5.13469387755102 5.68723
5.13877551020408 7.14667
5.14285714285714 6.18767
5.1469387755102 6.76892
5.15102040816326 3.25986
5.15510204081633 4.25282
5.15918367346939 4.67835
5.16326530612245 12.7531
5.16734693877551 6.97896
5.17142857142857 3.50344
5.17551020408163 9.99079
5.17959183673469 14.1428
5.18367346938776 14.7854
5.18775510204082 19.5005
5.19183673469388 23.3954
5.19591836734694 12.7264
5.2 11.0612
5.20408163265306 12.8853
5.20816326530612 8.3988
5.21224489795918 1.44811
5.21632653061225 25.3293
5.22040816326531 36.7356
5.22448979591837 54.6124
5.22857142857143 111.536
5.23265306122449 164.884
5.23673469387755 207.116
5.24081632653061 205.341
5.24489795918367 223.381
5.24897959183673 224.277
5.2530612244898 193.849
5.25714285714286 219.537
5.26122448979592 202.953
5.26530612244898 194.454
5.26938775510204 167.826
5.2734693877551 142.944
5.27755102040816 110.094
5.28163265306122 78.2011
5.28571428571429 60.0926
5.28979591836735 39.7584
5.29387755102041 24.5748
5.29795918367347 13.1893
5.30204081632653 6.73246
5.30612244897959 1.80181
5.31020408163265 0.175238
5.31428571428571 0.0
5.31836734693878 0.0
5.32244897959184 0.107437
5.3265306122449 0.60763
5.33061224489796 0.860969
5.33469387755102 1.87761
5.33877551020408 1.6024
5.34285714285714 1.64847
5.3469387755102 0.267416
5.35102040816327 0.232935
5.35510204081633 3.22321
5.35918367346939 2.28546
5.36326530612245 1.92333
5.36734693877551 1.81641
5.37142857142857 2.24273
5.37551020408163 2.32022
5.37959183673469 2.14859
5.38367346938776 3.99838
5.38775510204082 4.7816
5.39183673469388 6.28383
5.39591836734694 13.7584
5.4 8.20384
5.40408163265306 7.59249
5.40816326530612 9.4392
5.41224489795918 15.4488
5.41632653061224 18.8796
5.42040816326531 23.5242
5.42448979591837 30.5908
5.42857142857143 27.4325
5.43265306122449 22.3115
5.43673469387755 20.7318
5.44081632653061 14.872
5.44489795918367 14.2806
5.44897959183673 17.0198
5.4530612244898 12.8092
5.45714285714286 28.9133
5.46122448979592 43.1827
5.46530612244898 50.6462
5.46938775510204 43.6719
5.4734693877551 39.1254
5.47755102040816 30.1334
5.48163265306122 26.3591
5.48571428571429 24.5239
5.48979591836735 21.7829
5.49387755102041 15.294
5.49795918367347 13.1461
5.50204081632653 11.2735
5.50612244897959 7.45158
5.51020408163265 5.38171
5.51428571428571 4.8528
5.51836734693878 3.04387
5.52244897959184 1.72088
5.5265306122449 2.15527
5.53061224489796 1.25514
5.53469387755102 1.21014
5.53877551020408 2.10611
5.54285714285714 4.84594
5.5469387755102 8.08573
5.55102040816327 4.40018
5.55510204081633 4.22565
5.55918367346939 3.07611
5.56326530612245 3.27382
5.56734693877551 3.28327
5.57142857142857 3.50309
5.57551020408163 6.95863
5.57959183673469 5.29227
5.58367346938776 11.4433
5.58775510204082 8.28078
5.59183673469388 6.44899
5.59591836734694 5.058
5.6 18.5443
5.60408163265306 17.0612
5.60816326530612 77.445
5.61224489795918 144.932
5.61632653061224 179.008
5.62040816326531 180.541
5.62448979591837 167.475
5.62857142857143 145.73
5.63265306122449 118.354
5.63673469387755 86.7297
5.64081632653061 54.9229
5.64489795918367 26.8283
5.64897959183673 9.38123
5.6530612244898 0.739336
5.65714285714286 0.0
5.66122448979592 0.0
5.66530612244898 0.0
5.66938775510204 0.0
5.6734693877551 0.0
5.67755102040816 0.0
5.68163265306122 0.676875
5.68571428571429 4.37212
5.68979591836735 6.71518
5.69387755102041 14.7279
5.69795918367347 6.71561
5.70204081632653 6.92401
5.70612244897959 8.88995
5.71020408163265 18.4283
5.71428571428571 20.2246
5.71836734693878 19.8577
5.72244897959184 17.6321
5.7265306122449 13.1295
5.73061224489796 9.54241
5.73469387755102 14.8085
5.73877551020408 9.96911
5.74285714285714 23.2124
5.7469387755102 11.6003
5.75102040816327 14.9296
5.75510204081633 13.8074
5.75918367346939 9.61215
5.76326530612245 19.3606
5.76734693877551 9.28662
5.77142857142857 13.896
5.77551020408163 8.40067
5.77959183673469 7.87483
5.78367346938775 7.13291
5.78775510204082 5.80308
5.79183673469388 27.9419
5.79591836734694 31.8468
5.8 29.5038
5.80408163265306 29.5652
5.80816326530612 23.5552
5.81224489795918 16.6188
5.81632653061224 9.55462
5.82040816326531 12.542
5.82448979591837 7.05278
5.82857142857143 6.99853
5.83265306122449 6.33824
5.83673469387755 6.06396
5.84081632653061 7.6308
5.84489795918367 8.19614
5.84897959183674 11.6336
5.8530612244898 9.87557
5.85714285714286 3.30999
5.86122448979592 0.574949
5.86530612244898 0.41276
5.86938775510204 0.670706
5.8734693877551 0.391933
5.87755102040816 0.892897
5.88163265306122 0.734572
5.88571428571429 1.25902
5.88979591836735 14.4446
5.89387755102041 17.5293
5.89795918367347 26.5911
5.90204081632653 38.5515
5.90612244897959 28.6434
5.91020408163265 25.1978
5.91428571428571 20.2976
5.91836734693878 19.8641
5.92244897959184 16.2371
5.9265306122449 12.8571
5.93061224489796 24.3587
5.93469387755102 10.0737
5.93877551020408 13.7815
5.94285714285714 15.0154
5.9469387755102 14.7767
5.95102040816327 20.5613
5.95510204081633 12.6633
5.95918367346939 17.1789
5.96326530612245 11.4316
5.96734693877551 5.65231
5.97142857142857 6.36762
5.97551020408163 2.91547
5.97959183673469 1.72956
5.98367346938775 1.76956
5.98775510204082 1.2733
5.99183673469388 1.58304
5.99591836734694 6.14298
6.0 13.2188
6.00408163265306 7.67335
6.00816326530612 7.72397
6.01224489795918 4.06251
6.01632653061225 1.37773
6.02040816326531 27.3503
6.02448979591837 116.722
6.02857142857143 175.461
6.03265306122449 214.912
6.03673469387755 261.405
6.04081632653061 282.619
6.04489795918367 269.114
6.04897959183673 233.805
6.0530612244898 192.966
6.05714285714286 150.034
6.06122448979592 106.393
6.06530612244898 64.9442
6.06938775510204 26.3674
6.0734693877551 5.33994
6.07755102040816 0.0
6.08163265306122 0.0
6.08571428571429 0.0
6.08979591836735 0.0
6.09387755102041 0.0
6.09795918367347 0.0
6.10204081632653 0.0
6.10612244897959 2.7496
6.11020408163265 5.17804
6.11428571428571 11.9711
6.11836734693878 6.5194
6.12244897959184 0.295162
6.1265306122449 2.71674
6.13061224489796 2.78695
6.13469387755102 3.56558
6.13877551020408 4.41453
6.14285714285714 5.02313
6.1469387755102 6.03287
6.15102040816326 6.40186
6.15510204081633 5.20417
6.15918367346939 4.58132
6.16326530612245 6.26587
6.16734693877551 18.1346
6.17142857142857 5.2875
6.17551020408163 5.62175
6.17959183673469 11.8326
6.18367346938776 4.62075
6.18775510204082 8.69325
6.19183673469388 6.23148
6.19591836734694 14.2495
6.2 19.91
6.20408163265306 22.5663
6.20816326530612 25.1376
6.21224489795918 21.5154
6.21632653061225 20.135
6.22040816326531 9.04556
6.22448979591837 3.04866
6.22857142857143 1.86463
6.23265306122449 0.0
6.23673469387755 0.0
6.24081632653061 0.0422398
6.24489795918367 0.0
6.24897959183673 3.82837
6.2530612244898 7.41223
6.25714285714286 17.5258
6.26122448979592 19.2098
6.26530612244898 30.5335
6.26938775510204 25.9245
6.2734693877551 23.5827
6.27755102040816 26.3593
6.28163265306122 23.3634
6.28571428571429 26.055
6.28979591836735 25.0054
6.29387755102041 24.4861
6.29795918367347 22.7178
6.30204081632653 23.243
6.30612244897959 18.928
6.31020408163265 14.9957
6.31428571428571 9.4912
6.31836734693878 4.09023
6.32244897959184 0.78022
6.3265306122449 0.614968
6.33061224489796 0.248062
6.33469387755102 0.45487
6.33877551020408 0.056761
6.34285714285714 0.253357
6.3469387755102 0.275602
6.35102040816327 1.91244
6.35510204081633 9.57638
6.35918367346939 8.03396
6.36326530612245 18.89
6.36734693877551 20.4464
6.37142857142857 20.0704
6.37551020408163 28.3523
6.37959183673469 30.6439
6.38367346938776 41.5736
6.38775510204082 33.2725
6.39183673469388 35.8934
6.39591836734694 43.1796
6.4 58.4308
6.40408163265306 59.8722
6.40816326530612 65.2622
6.41224489795918 64.5827
6.41632653061224 62.904
6.42040816326531 64.6293
6.42448979591837 80.5553
6.42857142857143 101.817
6.43265306122449 164.45
6.43673469387755 228.975
6.44081632653061 256.233
6.44489795918367 253.517
6.44897959183673 232.645
6.4530612244898 199.68
6.45714285714286 168.215
6.46122448979592 132.025
6.46530612244898 102.442
6.46938775510204 74.3241
6.4734693877551 49.508
6.47755102040816 31.0877
6.48163265306122 16.4767
6.48571428571429 13.2311
6.48979591836735 4.89045
6.49387755102041 3.66029
6.49795918367347 3.06365
6.50204081632653 1.87824
6.50612244897959 0.346979
6.51020408163265 0.0
6.51428571428571 0.0
6.51836734693878 0.0
6.52244897959184 0.735243
6.5265306122449 3.56508
6.53061224489796 0.464082
6.53469387755102 0.615825
6.53877551020408 3.18706
6.54285714285714 4.22332
6.5469387755102 3.07561
6.55102040816327 4.36155
6.55510204081633 1.43183
6.55918367346939 7.13463
6.56326530612245 12.0399
6.56734693877551 12.001
6.57142857142857 1.91305
6.57551020408163 9.8643
6.57959183673469 20.8809
6.58367346938776 0.520272
6.58775510204082 6.71759
6.59183673469388 13.278
6.59591836734694 2.2729
6.6 7.27842
6.60408163265306 2.8039
6.60816326530612 4.52511
6.61224489795918 3.04281
6.61632653061224 34.6422
6.62040816326531 28.8408
6.62448979591837 40.2385
6.62857142857143 56.3704
6.63265306122449 73.5002
6.63673469387755 73.1978
6.64081632653061 77.3396
6.64489795918367 85.2861
6.64897959183673 76.8718
6.6530612244898 61.965
6.65714285714286 43.9956
6.66122448979592 40.5097
6.66530612244898 9.97863
6.66938775510204 3.74001
6.6734693877551 7.24312
6.67755102040816 0.0
6.68163265306122 0.608365
6.68571428571429 4.76845
6.68979591836735 1.16785
6.69387755102041 0.0307063
6.69795918367347 4.1388
6.70204081632653 8.04512
6.70612244897959 3.70653
6.71020408163265 0.0
6.71428571428571 8.21221
6.71836734693878 0.0
6.72244897959184 0.903
6.7265306122449 0.457575
6.73061224489796 1.32529
6.73469387755102 6.66336
6.73877551020408 5.43047
6.74285714285714 14.8811
6.7469387755102 4.14495
6.75102040816327 3.62394
6.75510204081633 9.02281
6.75918367346939 4.31238
6.76326530612245 6.84635
6.76734693877551 15.7334
6.77142857142857 2.19532
6.77551020408163 0.605683
6.77959183673469 3.90178
6.78367346938775 9.9413
6.78775510204082 3.78245
6.79183673469388 4.26134
6.79591836734694 12.0709
6.8 2.61022
6.80408163265306 4.61822
6.80816326530612 18.9092
6.81224489795918 10.5799
6.81632653061224 2.15755
6.82040816326531 9.73069
6.82448979591837 23.0528
6.82857142857143 17.374
6.83265306122449 23.0569
6.83673469387755 43.3188
6.84081632653061 33.0272
6.84489795918367 36.3435
6.84897959183674 31.1127
6.8530612244898 29.0245
6.85714285714286 26.9963
6.86122448979592 20.5364
6.86530612244898 12.822
6.86938775510204 8.15101
6.8734693877551 3.04851
6.87755102040816 1.03539
6.88163265306122 2.52558
6.88571428571429 8.36599
6.88979591836735 6.1895
6.89387755102041 11.3125
6.89795918367347 5.72686
6.90204081632653 1.84259
6.90612244897959 25.3093
6.91020408163265 8.30404
6.91428571428571 0.0
6.91836734693878 10.5455
6.92244897959184 13.274
6.9265306122449 23.2713
6.93061224489796 10.0272
6.93469387755102 9.40636
6.93877551020408 3.40371
6.94285714285714 6.41429
6.9469387755102 7.67059
6.95102040816327 12.3339
6.95510204081633 0.0830069
6.95918367346939 4.16188
6.96326530612245 6.73578
6.96734693877551 18.3289
6.97142857142857 5.51582
6.97551020408163 8.97067
6.97959183673469 7.01438
6.98367346938775 8.3454
6.98775510204082 16.2868
6.99183673469388 43.2531
6.99591836734694 10.0276
7.0 13.8008
7.00408163265306 20.4145
7.00816326530612 8.07251
7.01224489795918 29.6919
7.01632653061225 13.9686
7.02040816326531 34.3911
7.02448979591837 39.1338
7.02857142857143 48.6192
7.03265306122449 57.2338
7.03673469387755 37.3417
7.04081632653061 54.2624
7.04489795918367 63.0208
7.04897959183673 59.2049
7.0530612244898 62.5332
7.05714285714286 63.6333
7.06122448979592 62.8454
7.06530612244898 57.2444
7.06938775510204 48.5569
7.0734693877551 37.0727
7.07755102040816 25.85
7.08163265306122 17.4626
7.08571428571429 11.8945
7.08979591836735 17.1938
7.09387755102041 35.366
7.09795918367347 48.7456
7.10204081632653 53.6017
7.10612244897959 60.2038
7.11020408163265 63.3852
7.11428571428571 62.0395
7.11836734693878 60.607
7.12244897959184 53.4584
7.1265306122449 44.4326
7.13061224489796 35.4142
7.13469387755102 25.5487
7.13877551020408 16.8002
7.14285714285714 15.1507
7.1469387755102 15.3547
7.15102040816326 15.3445
7.15510204081633 17.1852
7.15918367346939 19.5771
7.16326530612245 13.396
7.16734693877551 13.859
7.17142857142857 13.467
7.17551020408163 14.8152
7.17959183673469 12.8577
7.18367346938776 9.89316
7.18775510204082 11.595
7.19183673469388 3.96595
7.19591836734694 5.75824
7.2 9.0166
7.20408163265306 9.29454
7.20816326530612 8.80879
7.21224489795918 30.7302
7.21632653061225 52.282
7.22040816326531 82.6521
7.22448979591837 107.677
7.22857142857143 116.945
7.23265306122449 107.764
7.23673469387755 91.0494
7.24081632653061 70.9357
7.24489795918367 41.6191
7.24897959183673 18.2848
7.2530612244898 7.8094
7.25714285714286 0.787963
7.26122448979592 0.48395
7.26530612244898 0.403931
7.26938775510204 0.338495
7.2734693877551 0.0674824
7.27755102040816 0.0
7.28163265306122 0.762554
7.28571428571429 1.76897
7.28979591836735 23.6765
7.29387755102041 41.9325
7.29795918367347 39.8165
7.30204081632653 45.8911
7.30612244897959 41.1508
7.31020408163265 32.0277
7.31428571428571 27.7583
7.31836734693878 26.0626
7.32244897959184 23.5076
7.3265306122449 22.8602
7.33061224489796 27.6439
7.33469387755102 30.9534
7.33877551020408 36.6034
7.34285714285714 37.5543
7.3469387755102 37.0445
7.35102040816327 27.6719
7.35510204081633 22.4708
7.35918367346939 15.9868
7.36326530612245 13.1388
7.36734693877551 7.71954
7.37142857142857 4.82212
7.37551020408163 5.25481
7.37959183673469 4.28273
7.38367346938776 5.24912
7.38775510204082 4.83168
7.39183673469388 14.2214
7.39591836734694 17.4891
7.4 22.3847
7.40408163265306 29.5011
7.40816326530612 19.02
7.41224489795918 16.4039
7.41632653061224 18.7832
7.42040816326531 23.5854
7.42448979591837 19.015
7.42857142857143 21.2345
7.43265306122449 23.9417
7.43673469387755 12.0088
7.44081632653061 5.01982
7.44489795918367 5.31627
7.44897959183673 7.49626
7.4530612244898 9.2245
7.45714285714286 9.62243
7.46122448979592 9.65175
7.46530612244898 14.8155
7.46938775510204 13.6027
7.4734693877551 19.3389
7.47755102040816 18.2918
7.48163265306122 19.5991
7.48571428571429 16.7969
7.48979591836735 15.2339
7.49387755102041 38.5288
7.49795918367347 8.49456
7.50204081632653 6.61755
7.50612244897959 26.2433
7.51020408163265 4.52431
7.51428571428571 29.5649
7.51836734693878 14.6524
7.52244897959184 68.321
7.5265306122449 13.265
7.53061224489796 17.0088
7.53469387755102 15.2342
7.53877551020408 44.4332
7.54285714285714 21.2355
7.5469387755102 60.5746
7.55102040816327 11.5975
7.55510204081633 31.9957
7.55918367346939 7.37306
7.56326530612245 49.3809
7.56734693877551 4.84109
7.57142857142857 4.60635
7.57551020408163 14.0015
7.57959183673469 31.9266
7.58367346938776 49.5528
7.58775510204082 83.8298
7.59183673469388 62.007
7.59591836734694 121.377
7.6 137.844
7.60408163265306 175.957
7.60816326530612 183.831
7.61224489795918 229.179
7.61632653061224 228.275
7.62040816326531 224.581
7.62448979591837 206.92
7.62857142857143 178.97
7.63265306122449 156.42
7.63673469387755 133.834
7.64081632653061 115.879
7.64489795918367 96.6729
7.64897959183673 85.2377
7.6530612244898 71.862
7.65714285714286 57.9001
7.66122448979592 40.3579
7.66530612244898 26.0963
7.66938775510204 15.2636
7.6734693877551 6.62549
7.67755102040816 3.12946
7.68163265306122 4.25567
7.68571428571429 4.34813
7.68979591836735 3.64529
7.69387755102041 2.6611
7.69795918367347 1.57824
7.70204081632653 0.34594
7.70612244897959 0.0
7.71020408163265 10.2825
7.71428571428571 16.8008
7.71836734693878 18.2557
7.72244897959184 18.4857
7.7265306122449 16.9788
7.73061224489796 19.2654
7.73469387755102 18.8038
7.73877551020408 14.4919
7.74285714285714 14.9386
7.7469387755102 14.904
7.75102040816327 18.1541
7.75510204081633 10.9191
7.75918367346939 7.30507
7.76326530612245 4.84449
7.76734693877551 3.67197
7.77142857142857 3.71817
7.77551020408163 3.32444
7.77959183673469 2.69981
7.78367346938775 2.24969
7.78775510204082 1.44882
7.79183673469388 3.68829
7.79591836734694 5.73819
7.8 7.09493
7.80408163265306 25.4563
7.80816326530612 21.1385
7.81224489795918 40.1673
7.81632653061224 33.067
7.82040816326531 38.4508
7.82448979591837 25.8474
7.82857142857143 17.865
7.83265306122449 8.66297
7.83673469387755 1.8485
7.84081632653061 1.2737
7.84489795918367 1.19608
7.84897959183674 0.512237
7.8530612244898 0.817855
7.85714285714286 1.80115
7.86122448979592 0.457227
7.86530612244898 23.5083
7.86938775510204 27.8323
7.8734693877551 36.1232
7.87755102040816 26.6337
7.88163265306122 25.9519
7.88571428571429 6.17531
7.88979591836735 7.01554
7.89387755102041 6.01568
7.89795918367347 6.24288
7.90204081632653 6.06717
7.90612244897959 4.84598
7.91020408163265 6.51238
7.91428571428571 7.19756
7.91836734693878 31.5436
7.92244897959184 37.9779
7.9265306122449 34.7363
7.93061224489796 29.0063
7.93469387755102 15.1366
7.93877551020408 9.07179
7.94285714285714 7.99938
7.9469387755102 6.18095
7.95102040816327 15.9991
7.95510204081633 21.5909
7.95918367346939 11.8458
7.96326530612245 23.1543
7.96734693877551 89.3704
7.97142857142857 51.7916
7.97551020408163 25.3427
7.97959183673469 68.1234
7.98367346938775 54.2672
7.98775510204082 39.795
7.99183673469388 43.2805
7.99591836734694 35.7305
8.0 9.77411
8.00408163265306 11.4323
8.00816326530612 5.19024
8.01224489795918 4.10152
8.01632653061225 4.94617
8.02040816326531 11.8592
8.02448979591837 104.361
8.02857142857143 103.762
8.03265306122449 128.507
8.03673469387755 171.24
8.04081632653061 162.991
8.04489795918367 149.745
8.04897959183674 144.405
8.0530612244898 121.272
8.05714285714286 102.922
8.06122448979592 87.8998
8.06530612244898 65.7012
8.06938775510204 40.7743
8.0734693877551 24.7386
8.07755102040816 15.1635
8.08163265306122 13.2484
8.08571428571429 9.45004
8.08979591836735 7.13913
8.09387755102041 3.26927
8.09795918367347 0.475883
8.10204081632653 0.0
8.10612244897959 0.0
8.11020408163265 0.0
8.11428571428571 0.166992
8.11836734693878 0.262598
8.12244897959184 0.477135
8.1265306122449 0.591864
8.13061224489796 0.596439
8.13469387755102 30.6961
8.13877551020408 0.859583
8.14285714285714 10.5664
8.1469387755102 24.5349
8.15102040816327 3.50503
8.15510204081633 20.3993
8.15918367346939 22.8067
8.16326530612245 16.8341
8.16734693877551 1.64761
8.17142857142857 11.3722
8.17551020408163 1.23886
8.17959183673469 0.172059
8.18367346938776 2.38776
8.18775510204082 1.4444
8.19183673469388 1.8842
8.19591836734694 1.83403
8.2 9.38842
8.20408163265306 12.2321
8.20816326530612 24.9185
8.21224489795918 26.1314
8.21632653061224 17.848
8.22040816326531 17.7912
8.22448979591837 43.4647
8.22857142857143 10.5185
8.23265306122449 52.0449
8.23673469387755 111.861
8.24081632653061 142.043
8.24489795918367 105.967
8.24897959183673 106.437
8.2530612244898 98.3612
8.25714285714286 70.8171
8.26122448979592 52.5514
8.26530612244898 33.1673
8.26938775510204 15.1865
8.2734693877551 2.42668
8.27755102040816 1.62757
8.28163265306122 0.33118
8.28571428571429 0.33149
8.28979591836735 0.196846
8.29387755102041 0.245824
8.29795918367347 0.130688
8.30204081632653 0.224099
8.30612244897959 0.339006
8.31020408163265 6.65322
8.31428571428571 21.3247
8.31836734693877 34.41
8.32244897959184 22.3973
8.3265306122449 10.5953
8.33061224489796 10.8442
8.33469387755102 13.1652
8.33877551020408 6.41742
8.34285714285714 0.372996
8.3469387755102 40.9766
8.35102040816327 25.1999
8.35510204081633 9.55295
8.35918367346939 3.90607
8.36326530612245 34.2683
8.36734693877551 6.81813
8.37142857142857 18.1589
8.37551020408163 37.2051
8.37959183673469 22.1038
8.38367346938776 16.3677
8.38775510204082 35.8335
8.39183673469388 13.9244
8.39591836734694 12.3262
8.4 11.9887
8.40408163265306 20.6302
8.40816326530612 17.8975
8.41224489795918 35.2783
8.41632653061225 65.3837
8.42040816326531 56.9382
8.42448979591837 54.5994
8.42857142857143 68.9933
8.43265306122449 72.5952
8.43673469387755 55.0281
8.44081632653061 49.5446
8.44489795918367 67.7959
8.44897959183673 48.7322
8.4530612244898 58.9705
8.45714285714286 89.7071
8.46122448979592 105.906
8.46530612244898 126.593
8.46938775510204 154.227
8.4734693877551 149.077
8.47755102040816 143.835
8.48163265306122 134.959
8.48571428571429 106.672
8.48979591836735 86.4368
8.49387755102041 58.0219
8.49795918367347 30.4893
8.50204081632653 20.8261
8.50612244897959 12.3103
8.51020408163265 7.16026
8.51428571428571 4.16048
8.51836734693878 2.5479
8.52244897959184 1.2719
8.5265306122449 0.418703
8.53061224489796 0.269125
8.53469387755102 0.479291
8.53877551020408 1.47152
8.54285714285714 1.14043
8.5469387755102 0.812332
8.55102040816327 1.05754
8.55510204081633 1.61996
8.55918367346939 1.00336
8.56326530612245 1.0082
8.56734693877551 5.5385
8.57142857142857 0.791738
8.57551020408163 0.304888
8.57959183673469 4.89295
8.58367346938775 1.59913
8.58775510204082 0.319988
8.59183673469388 2.10221
8.59591836734694 18.3451
8.6 4.03627
8.60408163265306 3.06987
8.60816326530612 10.2564
8.61224489795918 15.5485
8.61632653061224 3.6742
8.62040816326531 6.06978
8.62448979591837 19.733
8.62857142857143 1.85693
8.63265306122449 4.46728
8.63673469387755 17.4749
8.64081632653061 25.6703
8.64489795918367 13.2932
8.64897959183673 26.7565
8.6530612244898 33.9426
8.65714285714286 31.2161
8.66122448979592 45.9451
8.66530612244898 44.5958
8.66938775510204 34.31
8.6734693877551 26.9225
8.67755102040816 24.7627
8.68163265306123 19.5443
8.68571428571429 13.8262
8.68979591836735 13.1727
8.69387755102041 4.64773
8.69795918367347 3.77818
8.70204081632653 1.19726
8.70612244897959 0.95137
8.71020408163265 0.0
8.71428571428571 0.199934
8.71836734693878 15.8397
8.72244897959184 1.69855
8.7265306122449 0.699741
8.73061224489796 2.12606
8.73469387755102 1.96039
8.73877551020408 14.0725
8.74285714285714 0.85634
8.7469387755102 27.4878
8.75102040816327 2.13572
8.75510204081633 3.4916
8.75918367346939 1.20409
8.76326530612245 7.86737
8.76734693877551 0.307178
8.77142857142857 10.1118
8.77551020408163 6.24785
8.77959183673469 0.53904
8.78367346938776 5.44434
8.78775510204082 8.8649
8.79183673469388 0.567424
8.79591836734694 5.00767
8.8 14.0643
8.80408163265306 18.7356
8.80816326530612 21.2657
8.81224489795918 21.847
8.81632653061224 49.5339
8.82040816326531 32.3506
8.82448979591837 151.344
8.82857142857143 100.318
8.83265306122449 144.967
8.83673469387755 210.951
8.84081632653061 255.57
8.84489795918367 244.393
8.84897959183673 217.797
8.8530612244898 186.634
8.85714285714286 153.246
8.86122448979592 117.183
8.86530612244898 80.0174
8.86938775510204 49.2367
8.8734693877551 17.8522
8.87755102040816 3.13475
8.88163265306122 0.0
8.88571428571429 0.0
8.88979591836735 0.0
8.89387755102041 0.0
8.89795918367347 0.0
8.90204081632653 0.0738253
8.90612244897959 0.0
8.91020408163265 0.0
8.91428571428571 0.0754893
8.91836734693878 0.0
8.92244897959184 0.0
8.9265306122449 0.300288
8.93061224489796 1.4124
8.93469387755102 5.13005
8.93877551020408 9.07687
8.94285714285714 9.36999
8.9469387755102 10.0948
8.95102040816326 6.76275
8.95510204081633 4.46777
8.95918367346939 3.51185
8.96326530612245 4.78118
8.96734693877551 3.20314
8.97142857142857 2.75186
8.97551020408163 1.96283
8.97959183673469 0.640711
8.98367346938775 0.06031
8.98775510204082 0.48286
8.99183673469388 1.89736
8.99591836734694 1.42584
9.0 1.56663
9.00408163265306 1.64491
9.00816326530612 1.35065
9.01224489795918 1.31903
9.01632653061225 3.32565
9.02040816326531 12.578
9.02448979591837 16.3459
9.02857142857143 31.6406
9.03265306122449 28.5393
9.03673469387755 28.0176
9.04081632653061 25.3604
9.04489795918367 19.8257
9.04897959183674 13.8512
9.0530612244898 21.318
9.05714285714286 12.033
9.06122448979592 12.8672
9.06530612244898 11.4813
9.06938775510204 16.1927
9.0734693877551 18.7792
9.07755102040816 24.6356
9.08163265306122 42.7616
9.08571428571429 32.0744
9.08979591836735 46.7682
9.09387755102041 24.2809
9.09795918367347 37.0563
9.10204081632653 16.5161
9.10612244897959 30.1761
9.11020408163265 17.1557
9.11428571428571 25.8464
9.11836734693878 11.9269
9.12244897959184 19.0012
9.1265306122449 14.0585
9.13061224489796 13.1931
9.13469387755102 6.86802
9.13877551020408 9.63051
9.14285714285714 4.57709
9.1469387755102 1.64542
9.15102040816327 7.49325
9.15510204081633 0.0
9.15918367346939 0.424753
9.16326530612245 0.0
9.16734693877551 5.17503
9.17142857142857 0.0
9.17551020408163 0.628213
9.17959183673469 0.574887
9.18367346938776 7.26778
9.18775510204082 1.74564
9.19183673469388 3.61091
9.19591836734694 1.28043
9.2 2.66775
9.20408163265306 6.94734
9.20816326530612 3.66028
9.21224489795918 12.5999
9.21632653061224 2.60546
9.22040816326531 56.5916
9.22448979591837 32.3877
9.22857142857143 47.7784
9.23265306122449 39.0202
9.23673469387755 67.4908
9.24081632653061 201.741
9.24489795918367 319.216
9.24897959183673 277.656
9.2530612244898 287.389
9.25714285714286 276.231
9.26122448979592 259.546
9.26530612244898 229.183
9.26938775510204 196.368
9.2734693877551 165.232
9.27755102040816 130.123
9.28163265306122 91.0126
9.28571428571429 54.594
9.28979591836735 32.1293
9.29387755102041 17.8272
9.29795918367347 11.801
9.30204081632653 5.05352
9.30612244897959 1.68872
9.31020408163265 0.0
9.31428571428571 0.0
9.31836734693877 0.0
9.32244897959184 0.199775
9.3265306122449 0.175893
9.33061224489796 23.634
9.33469387755102 0.0
9.33877551020408 0.0
9.34285714285714 1.69825
9.3469387755102 0.817058
9.35102040816327 20.1781
9.35510204081633 1.0498
9.35918367346939 7.68408
9.36326530612245 2.61472
9.36734693877551 57.5921
9.37142857142857 3.86184
9.37551020408163 5.44804
9.37959183673469 6.73747
9.38367346938776 13.3254
9.38775510204082 5.30874
9.39183673469388 3.85111
9.39591836734694 14.666
9.4 0.559347
9.40408163265306 5.67587
9.40816326530612 13.2342
9.41224489795918 52.2117
9.41632653061225 24.5652
9.42040816326531 20.1977
9.42448979591837 50.9375
9.42857142857143 73.7181
9.43265306122449 32.4837
9.43673469387755 37.1712
9.44081632653061 32.7006
9.44489795918367 32.3345
9.44897959183673 20.6976
9.4530612244898 19.0638
9.45714285714286 19.6067
9.46122448979592 14.1488
9.46530612244898 21.7277
9.46938775510204 21.7016
9.4734693877551 14.0149
9.47755102040816 6.22612
9.48163265306122 5.93641
9.48571428571429 2.69735
9.48979591836735 25.2647
9.49387755102041 0.208974
9.49795918367347 1.06322
9.50204081632653 24.2031
9.50612244897959 27.2264
9.51020408163265 42.3214
9.51428571428571 50.1748
9.51836734693878 71.2484
9.52244897959184 45.2308
9.5265306122449 63.9183
9.53061224489796 47.9509
9.53469387755102 59.6142
9.53877551020408 24.8985
9.54285714285714 27.909
9.5469387755102 23.7251
9.55102040816327 25.3276
9.55510204081633 10.7589
9.55918367346939 4.83178
9.56326530612245 11.0138
9.56734693877551 0.184149
9.57142857142857 0.0
9.57551020408163 5.49106
9.57959183673469 21.6142
9.58367346938775 12.9095
9.58775510204082 28.2499
9.59183673469388 6.097
9.59591836734694 53.0949
9.6 39.7977
9.60408163265306 73.6053
9.60816326530612 121.26
9.61224489795918 164.839
9.61632653061224 188.77
9.62040816326531 206.367
9.62448979591837 222.152
9.62857142857143 227.747
9.63265306122449 205.892
9.63673469387755 207.741
9.64081632653061 205.884
9.64489795918367 210.018
9.64897959183673 188.986
9.6530612244898 165.781
9.65714285714286 137.249
9.66122448979592 102.9
9.66530612244898 75.2385
9.66938775510204 40.616
9.6734693877551 14.578
9.67755102040816 1.40403
9.68163265306123 1.28712
9.68571428571429 1.18913
9.68979591836735 0.786583
9.69387755102041 0.56992
9.69795918367347 0.444512
9.70204081632653 0.0
9.70612244897959 0.0
9.71020408163265 0.0
9.71428571428571 0.0
9.71836734693878 0.0
9.72244897959184 0.0
9.7265306122449 6.63034
9.73061224489796 11.0816
9.73469387755102 13.6159
9.73877551020408 13.3584
9.74285714285714 11.9039
9.7469387755102 11.6256
9.75102040816327 11.0547
9.75510204081633 6.75815
9.75918367346939 5.01637
9.76326530612245 5.39673
9.76734693877551 3.47631
9.77142857142857 19.268
9.77551020408163 3.32054
9.77959183673469 7.67755
9.78367346938776 15.186
9.78775510204082 19.6012
9.79183673469388 6.30456
9.79591836734694 12.1595
9.8 11.8405
9.80408163265306 3.4485
9.80816326530612 2.93841
9.81224489795918 8.90091
9.81632653061224 2.75995
9.82040816326531 2.85004
9.82448979591837 2.79948
9.82857142857143 33.3718
9.83265306122449 38.6402
9.83673469387755 74.2495
9.84081632653061 107.464
9.84489795918367 122.342
9.84897959183673 128.955
9.8530612244898 124.369
9.85714285714286 111.548
9.86122448979592 96.5637
9.86530612244898 78.5309
9.86938775510204 57.4728
9.8734693877551 33.4469
9.87755102040816 13.9649
9.88163265306122 13.6311
9.88571428571429 5.68102
9.88979591836735 6.46615
9.89387755102041 18.9515
9.89795918367347 8.15674
9.90204081632653 3.65877
9.90612244897959 10.3405
9.91020408163265 8.6112
9.91428571428571 1.97593
9.91836734693878 5.36243
9.92244897959184 12.4032
9.9265306122449 15.2616
9.93061224489796 10.262
9.93469387755102 7.02809
9.93877551020408 1.67156
9.94285714285714 2.49654
9.9469387755102 1.89474
9.95102040816326 2.58277
9.95510204081633 1.85368
9.95918367346939 0.178893
9.96326530612245 5.68394
9.96734693877551 0.266542
9.97142857142857 0.409653
9.97551020408163 2.95547
9.97959183673469 7.80624
9.98367346938775 6.96352
9.98775510204082 6.44324
9.99183673469388 8.96756
9.99591836734694 0.843391
10.0 7.63824
10.0040816326531 3.01984
10.0081632653061 1.76445
10.0122448979592 0.845869
10.0163265306122 8.14871
10.0204081632653 5.17464
10.0244897959184 8.44628
10.0285714285714 4.74536
10.0326530612245 11.7861
10.0367346938776 6.61158
10.0408163265306 11.7336
10.0448979591837 3.43395
10.0489795918367 2.26456
10.0530612244898 2.58195
10.0571428571429 2.14943
10.0612244897959 5.62658
10.065306122449 5.46496
10.069387755102 7.40084
10.0734693877551 18.2456
10.0775510204082 22.3912
10.0816326530612 16.8612
10.0857142857143 23.7872
10.0897959183673 18.3532
10.0938775510204 4.12655
10.0979591836735 16.0356
10.1020408163265 14.3507
10.1061224489796 25.05
10.1102040816327 3.86097
10.1142857142857 18.8626
10.1183673469388 3.56203
10.1224489795918 13.4555
10.1265306122449 4.34736
10.130612244898 25.2286
10.134693877551 2.13728
10.1387755102041 15.8293
10.1428571428571 11.78
10.1469387755102 19.7453
10.1510204081633 9.08687
10.1551020408163 7.28994
10.1591836734694 3.69207
10.1632653061224 0.0
10.1673469387755 0.0133812
10.1714285714286 1.59819
10.1755102040816 2.89688
10.1795918367347 4.80692
10.1836734693878 14.9708
10.1877551020408 0.897825
10.1918367346939 12.7184
10.1959183673469 20.9022
10.2 31.817
10.2040816326531 43.7633
10.2081632653061 68.9134
10.2122448979592 76.723
10.2163265306122 72.071
10.2204081632653 75.9249
10.2244897959184 73.7242
10.2285714285714 63.8429
10.2326530612245 62.9999
10.2367346938776 67.9714
10.2408163265306 71.8577
10.2448979591837 88.8966
10.2489795918367 132.431
10.2530612244898 168.29
10.2571428571429 170.959
10.2612244897959 166.393
10.265306122449 162.816
10.269387755102 137.311
10.2734693877551 114.174
10.2775510204082 97.8475
10.2816326530612 76.7741
10.2857142857143 52.2576
10.2897959183673 43.7751
10.2938775510204 31.8328
10.2979591836735 22.3667
10.3020408163265 20.8661
10.3061224489796 16.5208
10.3102040816327 8.50447
10.3142857142857 2.24573
10.3183673469388 1.27969
10.3224489795918 0.669878
10.3265306122449 1.04052
10.330612244898 0.242549
10.334693877551 0.255872
10.3387755102041 0.6158
10.3428571428571 0.218344
10.3469387755102 1.01268
10.3510204081633 0.836958
10.3551020408163 1.73213
10.3591836734694 3.73794
10.3632653061224 5.09983
10.3673469387755 4.74383
10.3714285714286 4.54151
10.3755102040816 2.46584
10.3795918367347 0.826878
10.3836734693878 0.048697
10.3877551020408 11.5123
10.3918367346939 2.29104
10.3959183673469 0.0911554
10.4 15.1033
10.4040816326531 17.3459
10.4081632653061 5.75765
10.4122448979592 12.9569
10.4163265306122 42.4566
10.4204081632653 40.2888
10.4244897959184 112.567
10.4285714285714 183.091
10.4326530612245 208.186
10.4367346938776 213.368
10.4408163265306 198.039
10.4448979591837 169.568
10.4489795918367 132.62
10.4530612244898 98.068
10.4571428571429 63.3397
10.4612244897959 29.2131
10.465306122449 12.2111
10.469387755102 5.08372
10.4734693877551 0.0
10.4775510204082 0.0
10.4816326530612 0.0
10.4857142857143 0.0
10.4897959183673 0.0
10.4938775510204 0.767529
10.4979591836735 2.58937
10.5020408163265 2.74513
10.5061224489796 12.9485
10.5102040816327 1.7748
10.5142857142857 5.60993
10.5183673469388 8.78535
10.5224489795918 10.378
10.5265306122449 7.0269
10.530612244898 8.187
10.534693877551 19.4942
10.5387755102041 13.334
10.5428571428571 21.5212
10.5469387755102 21.4074
10.5510204081633 21.5982
10.5551020408163 20.4101
10.5591836734694 17.822
10.5632653061224 18.3365
10.5673469387755 13.339
10.5714285714286 13.8493
10.5755102040816 11.8862
10.5795918367347 15.2159
10.5836734693878 12.2811
10.5877551020408 49.2999
10.5918367346939 72.3404
10.5959183673469 99.8517
10.6 114.102
10.6040816326531 119.266
10.6081632653061 108.752
10.6122448979592 100.114
10.6163265306122 84.5472
10.6204081632653 74.5705
10.6244897959184 55.6002
10.6285714285714 41.5467
10.6326530612245 28.1245
10.6367346938776 17.9643
10.6408163265306 10.2106
10.6448979591837 6.30695
10.6489795918367 0.959863
10.6530612244898 0.28799
10.6571428571429 0.0
10.6612244897959 0.0
10.665306122449 0.0330588
10.669387755102 5.69274
10.6734693877551 23.5611
10.6775510204082 44.1038
10.6816326530612 52.631
10.6857142857143 50.234
10.6897959183673 48.9421
10.6938775510204 42.8745
10.6979591836735 34.6479
10.7020408163265 23.8898
10.7061224489796 11.6268
10.7102040816327 6.70031
10.7142857142857 2.94227
10.7183673469388 1.19118
10.7224489795918 0.477622
10.7265306122449 0.10254
10.730612244898 2.50117
10.734693877551 6.64097
10.7387755102041 11.1331
10.7428571428571 27.665
10.7469387755102 31.0478
10.7510204081633 23.585
10.7551020408163 15.5841
10.7591836734694 11.5575
10.7632653061224 4.34563
10.7673469387755 1.10311
10.7714285714286 4.71158
10.7755102040816 0.640732
10.7795918367347 0.533883
10.7836734693878 0.0719329
10.7877551020408 0.0
10.7918367346939 0.895018
10.7959183673469 2.40527
10.8 10.0224
10.8040816326531 13.8505
10.8081632653061 15.8176
10.8122448979592 16.8121
10.8163265306122 11.8909
10.8204081632653 12.0448
10.8244897959184 46.2678
10.8285714285714 32.904
10.8326530612245 135.027
10.8367346938776 202.044
10.8408163265306 259.472
10.8448979591837 282.396
10.8489795918367 281.439
10.8530612244898 258.11
10.8571428571429 227.973
10.8612244897959 189.948
10.865306122449 153.266
10.869387755102 118.246
10.8734693877551 83.9672
10.8775510204082 57.017
10.8816326530612 35.4344
10.8857142857143 23.5159
10.8897959183673 13.3667
10.8938775510204 8.528
10.8979591836735 6.04934
10.9020408163265 5.37367
10.9061224489796 11.5767
10.9102040816327 13.1136
10.9142857142857 11.0154
10.9183673469388 8.71705
10.9224489795918 3.47845
10.9265306122449 5.98127
10.930612244898 2.01746
10.934693877551 1.74835
10.9387755102041 1.5397
10.9428571428571 1.68002
10.9469387755102 2.30929
10.9510204081633 3.5308
10.9551020408163 1.66038
10.9591836734694 1.22183
10.9632653061224 0.720009
10.9673469387755 0.617241
10.9714285714286 0.0
10.9755102040816 6.83703
10.9795918367347 4.61141
10.9836734693878 3.34065
10.9877551020408 8.07384
10.9918367346939 0.926937
10.9959183673469 1.10655
11.0 0.777076
11.0040816326531 0.400265
11.0081632653061 0.422041
11.0122448979592 0.177006
11.0163265306122 0.260671
11.0204081632653 0.229736
11.0244897959184 0.193338
11.0285714285714 0.266393
11.0326530612245 11.5531
11.0367346938776 22.4992
11.0408163265306 38.0009
11.0448979591837 52.8198
11.0489795918367 49.4974
11.0530612244898 55.1696
11.0571428571429 52.8146
11.0612244897959 51.3842
11.065306122449 43.6669
11.069387755102 33.8135
11.0734693877551 24.3667
11.0775510204082 22.5463
11.0816326530612 17.1978
11.0857142857143 18.5988
11.0897959183673 15.3185
11.0938775510204 12.6693
11.0979591836735 9.89316
11.1020408163265 12.4415
11.1061224489796 22.6121
11.1102040816327 30.2853
11.1142857142857 26.9159
11.1183673469388 19.2086
11.1224489795918 14.7999
11.1265306122449 3.15337
11.130612244898 1.45135
11.134693877551 1.5987
11.1387755102041 1.63557
11.1428571428571 2.06819
11.1469387755102 2.38155
11.1510204081633 2.8534
11.1551020408163 2.94118
11.1591836734694 3.82329
11.1632653061224 4.11165
11.1673469387755 3.53577
11.1714285714286 10.0918
11.1755102040816 14.6742
11.1795918367347 11.6215
11.1836734693878 20.2797
11.1877551020408 24.2054
11.1918367346939 22.0069
11.1959183673469 26.502
11.2 31.0103
11.2040816326531 25.3126
11.2081632653061 19.35
11.2122448979592 24.6895
11.2163265306122 13.5434
11.2204081632653 7.43975
11.2244897959184 7.91527
11.2285714285714 3.55172
11.2326530612245 1.26391
11.2367346938776 1.59924
11.2408163265306 1.56961
11.2448979591837 2.79063
11.2489795918367 0.813042
11.2530612244898 0.950346
11.2571428571429 0.89175
11.2612244897959 1.06437
11.265306122449 9.73042
11.269387755102 14.4798
11.2734693877551 10.5315
11.2775510204082 18.5193
11.2816326530612 17.9382
11.2857142857143 16.4727
11.2897959183673 13.3167
11.2938775510204 10.2817
11.2979591836735 9.67531
11.3020408163265 9.06846
11.3061224489796 7.52367
11.3102040816327 4.3654
11.3142857142857 2.44461
11.3183673469388 2.4819
11.3224489795918 6.91887
11.3265306122449 11.652
11.330612244898 7.01747
11.334693877551 14.3632
11.3387755102041 22.8581
11.3428571428571 17.3594
11.3469387755102 28.038
11.3510204081633 26.6556
11.3551020408163 17.5597
11.3591836734694 16.0289
11.3632653061224 14.1231
11.3673469387755 11.0688
11.3714285714286 6.23961
11.3755102040816 12.8994
11.3795918367347 9.13226
11.3836734693878 4.41159
11.3877551020408 4.10954
11.3918367346939 3.31759
11.3959183673469 2.69626
11.4 9.026
11.4040816326531 5.40922
11.4081632653061 15.2751
11.4122448979592 9.94865
11.4163265306122 12.755
11.4204081632653 56.3702
11.4244897959184 50.4866
11.4285714285714 64.1241
11.4326530612245 113.643
11.4367346938776 150.789
11.4408163265306 151.982
11.4448979591837 149.997
11.4489795918367 134.44
11.4530612244898 113.272
11.4571428571429 92.6129
11.4612244897959 65.6768
11.465306122449 41.7451
11.469387755102 22.8214
11.4734693877551 10.3689
11.4775510204082 5.00548
11.4816326530612 2.13971
11.4857142857143 1.4902
11.4897959183673 0.0
11.4938775510204 0.0
11.4979591836735 0.0
11.5020408163265 9.82912
11.5061224489796 0.0
11.5102040816327 1.72249
11.5142857142857 14.9004
11.5183673469388 8.79276
11.5224489795918 3.47594
11.5265306122449 12.7579
11.530612244898 9.10524
11.534693877551 0.510653
11.5387755102041 16.3442
11.5428571428571 14.321
11.5469387755102 1.68983
11.5510204081633 4.52359
11.5551020408163 12.3121
11.5591836734694 1.19643
11.5632653061224 2.90717
11.5673469387755 16.8176
11.5714285714286 13.0884
11.5755102040816 5.0933
11.5795918367347 10.4088
11.5836734693878 19.869
11.5877551020408 10.5628
11.5918367346939 9.9258
11.5959183673469 25.5309
11.6 15.688
11.6040816326531 19.261
11.6081632653061 10.5529
11.6122448979592 33.3151
11.6163265306122 104.98
11.6204081632653 92.4248
11.6244897959184 163.15
11.6285714285714 228.064
11.6326530612245 277.055
11.6367346938776 288.92
11.6408163265306 247.8
11.6448979591837 219.405
11.6489795918367 188.503
11.6530612244898 151.511
11.6571428571429 118.135
11.6612244897959 86.14
11.665306122449 60.2422
11.669387755102 37.1207
11.6734693877551 21.1363
11.6775510204082 10.9472
11.6816326530612 5.13426
11.6857142857143 2.38743
11.6897959183673 1.75219
11.6938775510204 2.5522
11.6979591836735 3.37882
11.7020408163265 3.55465
11.7061224489796 3.41095
11.7102040816327 2.62328
11.7142857142857 2.02663
11.7183673469388 1.19724
11.7224489795918 0.307858
11.7265306122449 0.0
11.730612244898 0.0
11.734693877551 0.0
11.7387755102041 0.0
11.7428571428571 0.0
11.7469387755102 0.0
11.7510204081633 0.0
11.7551020408163 0.459154
11.7591836734694 0.80051
11.7632653061224 0.620524
11.7673469387755 1.69694
11.7714285714286 0.827233
11.7755102040816 1.2028
11.7795918367347 1.27136
11.7836734693878 0.430611
11.7877551020408 6.29046
11.7918367346939 6.4406
11.7959183673469 2.97413
11.8 4.02266
11.8040816326531 6.44397
11.8081632653061 8.81707
11.8122448979592 62.1773
11.8163265306122 97.5805
11.8204081632653 93.5534
11.8244897959184 89.39
11.8285714285714 71.6896
11.8326530612245 59.5104
11.8367346938776 45.2641
11.8408163265306 30.6865
11.8448979591837 16.5252
11.8489795918367 3.47832
11.8530612244898 0.092417
11.8571428571429 0.749191
11.8612244897959 5.8461
11.865306122449 8.8332
11.869387755102 10.8175
11.8734693877551 7.07795
11.8775510204082 4.22785
11.8816326530612 0.0116676
11.8857142857143 0.13564
11.8897959183673 0.0952085
11.8938775510204 0.722895
11.8979591836735 0.024428
11.9020408163265 3.35964
11.9061224489796 6.99496
11.9102040816327 8.95135
11.9142857142857 11.1259
11.9183673469388 10.6615
11.9224489795918 11.0281
11.9265306122449 17.2451
11.930612244898 9.55009
11.934693877551 8.16735
11.9387755102041 20.5724
11.9428571428571 16.6888
11.9469387755102 13.1977
11.9510204081633 3.16992
11.9551020408163 1.94025
11.9591836734694 1.14128
11.9632653061224 0.786304
11.9673469387755 2.79824
11.9714285714286 0.0
11.9755102040816 0.0151793
11.9795918367347 3.89973
11.9836734693878 0.455062
11.9877551020408 8.94163
11.9918367346939 2.31791
11.9959183673469 11.9894
12.0 51.3628
12.0040816326531 59.5058
12.0081632653061 111.607
12.0122448979592 172.335
12.0163265306122 199.423
12.0204081632653 188.275
12.0244897959184 173.769
12.0285714285714 157.063
12.0326530612245 127.769
12.0367346938776 97.5458
12.0408163265306 71.0
12.0448979591837 40.3521
12.0489795918367 18.292
12.0530612244898 7.97176
12.0571428571429 4.5379
12.0612244897959 0.870148
12.065306122449 0.0
12.069387755102 0.0
12.0734693877551 0.0
12.0775510204082 0.0
12.0816326530612 0.0
12.0857142857143 0.0258684
12.0897959183673 0.0
12.0938775510204 6.32165
12.0979591836735 1.31931
12.1020408163265 2.45149
12.1061224489796 0.773081
12.1102040816327 3.4234
12.1142857142857 2.74169
12.1183673469388 6.19885
12.1224489795918 16.6838
12.1265306122449 3.43196
12.130612244898 25.7982
12.134693877551 8.00918
12.1387755102041 9.01796
12.1428571428571 3.68249
12.1469387755102 2.05101
12.1510204081633 3.66356
12.1551020408163 2.16188
12.1591836734694 2.2506
12.1632653061224 3.89303
12.1673469387755 0.854954
12.1714285714286 7.26431
12.1755102040816 15.7806
12.1795918367347 15.4214
12.1836734693878 26.8787
12.1877551020408 34.7209
12.1918367346939 34.7631
12.1959183673469 46.6163
12.2 37.6301
12.2040816326531 36.1679
12.2081632653061 8.37587
12.2122448979592 16.6757
12.2163265306122 13.5496
12.2204081632653 3.22998
12.2244897959184 16.0176
12.2285714285714 3.40312
12.2326530612245 4.24189
12.2367346938776 7.30706
12.2408163265306 2.524
12.2448979591837 14.4203
12.2489795918367 10.6225
12.2530612244898 24.485
12.2571428571429 13.5344
12.2612244897959 13.1909
12.265306122449 19.7717
12.269387755102 9.08583
12.2734693877551 5.6658
12.2775510204082 15.361
12.2816326530612 4.0825
12.2857142857143 16.0743
12.2897959183673 1.57199
12.2938775510204 7.85589
12.2979591836735 4.35692
12.3020408163265 0.527004
12.3061224489796 3.77985
12.3102040816327 0.766098
12.3142857142857 1.77143
12.3183673469388 6.68745
12.3224489795918 0.398695
12.3265306122449 0.540415
12.330612244898 4.69818
12.334693877551 0.185072
12.3387755102041 10.3254
12.3428571428571 17.9228
12.3469387755102 35.647
12.3510204081633 2.17358
12.3551020408163 13.8283
12.3591836734694 22.3948
12.3632653061224 0.0899037
12.3673469387755 15.8981
12.3714285714286 23.6026
12.3755102040816 41.1712
12.3795918367347 47.5818
12.3836734693878 33.691
12.3877551020408 57.8677
12.3918367346939 30.5909
12.3959183673469 26.8326
12.4 40.8132
12.4040816326531 21.6009
12.4081632653061 38.9009
12.4122448979592 24.6448
12.4163265306122 11.0917
12.4204081632653 106.92
12.4244897959184 174.177
12.4285714285714 166.578
12.4326530612245 256.492
12.4367346938776 299.211
12.4408163265306 290.097
12.4448979591837 265.197
12.4489795918367 227.548
12.4530612244898 186.525
12.4571428571429 140.959
12.4612244897959 99.5218
12.465306122449 58.8037
12.469387755102 26.3867
12.4734693877551 7.973
12.4775510204082 0.965397
12.4816326530612 0.566224
12.4857142857143 0.0
12.4897959183673 0.0
12.4938775510204 0.0
12.4979591836735 0.0
12.5020408163265 0.0
12.5061224489796 0.0
12.5102040816327 0.0
12.5142857142857 40.3434
12.5183673469388 0.0
12.5224489795918 0.402103
12.5265306122449 18.3029
12.530612244898 0.222842
12.534693877551 0.0229677
12.5387755102041 22.3448
12.5428571428571 0.317494
12.5469387755102 0.389
12.5510204081633 13.638
12.5551020408163 27.9401
12.5591836734694 28.8413
12.5632653061224 29.5137
12.5673469387755 50.1326
12.5714285714286 29.39
12.5755102040816 74.1199
12.5795918367347 49.3498
12.5836734693878 59.543
12.5877551020408 29.8712
12.5918367346939 29.4885
12.5959183673469 40.114
12.6 31.0308
12.6040816326531 44.7066
12.6081632653061 66.6047
12.6122448979592 54.773
12.6163265306122 77.4538
12.6204081632653 41.018
12.6244897959184 43.6474
12.6285714285714 24.8039
12.6326530612245 41.1402
12.6367346938776 14.6185
12.6408163265306 3.67643
12.6448979591837 0.253926
12.6489795918367 8.29905
12.6530612244898 4.77246
12.6571428571429 23.996
12.6612244897959 27.2889
12.665306122449 48.0253
12.669387755102 57.469
12.6734693877551 30.8422
12.6775510204082 56.6348
12.6816326530612 6.91056
12.6857142857143 3.50424
12.6897959183673 8.64782
12.6938775510204 15.7729
12.6979591836735 24.0181
12.7020408163265 0.0867844
12.7061224489796 2.17382
12.7102040816327 2.89508
12.7142857142857 1.56657
12.7183673469388 21.5259
12.7224489795918 8.89506
12.7265306122449 18.9055
12.730612244898 24.5973
12.734693877551 36.6709
12.7387755102041 67.5782
12.7428571428571 36.5056
12.7469387755102 52.3103
12.7510204081633 37.905
12.7551020408163 25.957
12.7591836734694 19.5884
12.7632653061224 2.72067
12.7673469387755 0.524441
12.7714285714286 3.50893
12.7755102040816 32.2882
12.7795918367347 22.6828
12.7836734693878 8.50097
12.7877551020408 27.5119
12.7918367346939 66.0508
12.7959183673469 46.642
12.8 90.1334
12.8040816326531 66.0497
12.8081632653061 81.9391
12.8122448979592 67.2962
12.8163265306122 75.6383
12.8204081632653 112.05
12.8244897959184 110.688
12.8285714285714 140.485
12.8326530612245 202.756
12.8367346938776 249.945
12.8408163265306 248.969
12.8448979591837 225.929
12.8489795918367 194.459
12.8530612244898 153.797
12.8571428571429 122.68
12.8612244897959 91.2832
12.865306122449 64.0837
12.869387755102 40.9898
12.8734693877551 27.6985
12.8775510204082 21.1388
12.8816326530612 16.6602
12.8857142857143 10.9889
12.8897959183673 8.04198
12.8938775510204 5.44764
12.8979591836735 4.06802
12.9020408163265 2.8523
12.9061224489796 1.86553
12.9102040816327 0.98906
12.9142857142857 0.508626
12.9183673469388 0.0
12.9224489795918 0.199536
12.9265306122449 0.406742
12.930612244898 0.236352
12.934693877551 0.193814
12.9387755102041 0.487372
12.9428571428571 16.9549
12.9469387755102 0.0
12.9510204081633 19.3132
12.9551020408163 21.6547
12.9591836734694 23.6194
12.9632653061224 21.2016
12.9673469387755 19.1196
12.9714285714286 21.0567
12.9755102040816 2.85006
12.9795918367347 5.45363
12.9836734693878 4.46013
12.9877551020408 6.68885
12.9918367346939 0.68593
12.9959183673469 2.72499
13.0 1.0094
13.0040816326531 1.37458
13.0081632653061 1.73319
13.0122448979592 3.218
13.0163265306122 38.116
13.0204081632653 28.922
13.0244897959184 77.3191
13.0285714285714 71.6003
13.0326530612245 87.3865
13.0367346938776 101.688
13.0408163265306 96.3939
13.0448979591837 96.1126
13.0489795918367 86.3557
13.0530612244898 73.3857
13.0571428571429 47.1695
13.0612244897959 27.7075
13.065306122449 15.4102
13.069387755102 12.925
13.0734693877551 16.4619
13.0775510204082 26.6665
13.0816326530612 20.9313
13.0857142857143 18.0877
13.0897959183673 13.7046
13.0938775510204 10.804
13.0979591836735 8.298
13.1020408163265 4.20586
13.1061224489796 5.49436
13.1102040816327 7.5535
13.1142857142857 5.98232
13.1183673469388 0.721991
13.1224489795918 1.14903
13.1265306122449 6.34308
13.130612244898 2.11868
13.134693877551 2.18179
13.1387755102041 3.33576
13.1428571428571 11.9374
13.1469387755102 4.53458
13.1510204081633 1.16128
13.1551020408163 4.24427
13.1591836734694 13.2705
13.1632653061224 10.2948
13.1673469387755 7.39608
13.1714285714286 5.14012
13.1755102040816 10.0594
13.1795918367347 2.71928
13.1836734693878 19.5123
13.1877551020408 11.7395
13.1918367346939 3.80627
13.1959183673469 3.4836
13.2 7.86729
13.2040816326531 5.90035
13.2081632653061 4.28316
13.2122448979592 5.36911
13.2163265306122 8.6858
13.2204081632653 11.2788
13.2244897959184 29.6529
13.2285714285714 20.0035
13.2326530612245 27.6257
13.2367346938776 31.6351
13.2408163265306 22.4543
13.2448979591837 16.0665
13.2489795918367 11.685
13.2530612244898 4.32522
13.2571428571429 3.73877
13.2612244897959 0.79151
13.265306122449 3.38535
13.269387755102 19.0209
13.2734693877551 33.8319
13.2775510204082 33.0488
13.2816326530612 55.2695
13.2857142857143 47.3765
13.2897959183673 31.3505
13.2938775510204 21.5498
13.2979591836735 35.4462
13.3020408163265 11.5016
13.3061224489796 17.0624
13.3102040816327 7.69258
13.3142857142857 2.575
13.3183673469388 12.5774
13.3224489795918 4.23648
13.3265306122449 6.04738
13.330612244898 11.2666
13.334693877551 6.36721
13.3387755102041 35.0212
13.3428571428571 7.99599
13.3469387755102 15.9447
13.3510204081633 3.67747
13.3551020408163 1.94548
13.3591836734694 23.8561
13.3632653061224 5.11998
13.3673469387755 13.2479
13.3714285714286 8.05155
13.3755102040816 2.01255
13.3795918367347 48.2958
13.3836734693878 2.40822
13.3877551020408 7.96019
13.3918367346939 11.218
13.3959183673469 11.6887
13.4 60.7604
13.4040816326531 8.64921
13.4081632653061 18.1506
13.4122448979592 20.0453
13.4163265306122 38.3107
13.4204081632653 70.2938
13.4244897959184 51.0894
13.4285714285714 62.7718
13.4326530612245 69.2784
13.4367346938776 65.5484
13.4408163265306 53.5019
13.4448979591837 38.1122
13.4489795918367 32.0631
13.4530612244898 22.6766
13.4571428571429 21.0034
13.4612244897959 37.1184
13.465306122449 36.0916
13.469387755102 73.2496
13.4734693877551 130.104
13.4775510204082 137.23
13.4816326530612 144.006
13.4857142857143 153.869
13.4897959183673 145.231
13.4938775510204 127.162
13.4979591836735 110.227
13.5020408163265 92.2874
13.5061224489796 64.988
13.5102040816327 45.7592
13.5142857142857 26.4323
13.5183673469388 16.09
13.5224489795918 3.82042
13.5265306122449 0.211239
13.530612244898 0.0
13.534693877551 0.0
13.5387755102041 0.0402803
13.5428571428571 0.679792
13.5469387755102 0.551101
13.5510204081633 0.30046
13.5551020408163 1.15672
13.5591836734694 0.0
13.5632653061224 0.0856593
13.5673469387755 0.58199
13.5714285714286 0.59859
13.5755102040816 0.18839
13.5795918367347 0.169992
13.5836734693878 0.68743
13.5877551020408 0.457913
13.5918367346939 0.457774
13.5959183673469 0.800263
13.6 1.5452
13.6040816326531 1.99177
13.6081632653061 1.99174
13.6122448979592 12.0153
13.6163265306122 29.8999
13.6204081632653 57.9508
13.6244897959184 98.526
13.6285714285714 94.8192
13.6326530612245 105.273
13.6367346938776 101.827
13.6408163265306 76.8166
13.6448979591837 60.5063
13.6489795918367 39.748
13.6530612244898 26.6724
13.6571428571429 17.739
13.6612244897959 12.7815
13.665306122449 8.51401
13.669387755102 2.51285
13.6734693877551 0.0
13.6775510204082 0.0
13.6816326530612 0.0
13.6857142857143 0.0
13.6897959183673 0.0
13.6938775510204 0.0
13.6979591836735 0.0
13.7020408163265 0.0
13.7061224489796 4.43572
13.7102040816327 0.332117
13.7142857142857 0.0
13.7183673469388 0.971089
13.7224489795918 5.08843
13.7265306122449 11.9445
13.730612244898 14.7202
13.734693877551 10.1557
13.7387755102041 9.30757
13.7428571428571 21.2838
13.7469387755102 5.13432
13.7510204081633 1.20118
13.7551020408163 1.44132
13.7591836734694 1.55635
13.7632653061224 6.98207
13.7673469387755 28.9771
13.7714285714286 23.3655
13.7755102040816 38.821
13.7795918367347 25.2023
13.7836734693878 40.74
13.7877551020408 26.9156
13.7918367346939 12.7991
13.7959183673469 15.3
13.8 24.5653
13.8040816326531 28.6485
13.8081632653061 74.1446
13.8122448979592 26.4839
13.8163265306122 24.3697
13.8204081632653 20.6931
13.8244897959184 31.0296
13.8285714285714 25.2333
13.8326530612245 32.2018
13.8367346938776 35.5737
13.8408163265306 64.503
13.8448979591837 47.2804
13.8489795918367 66.9203
13.8530612244898 31.3615
13.8571428571429 28.5182
13.8612244897959 25.9898
13.865306122449 24.4592
13.869387755102 17.2548
13.8734693877551 15.9374
13.8775510204082 10.2163
13.8816326530612 15.6533
13.8857142857143 10.3755
13.8897959183673 46.38
13.8938775510204 0.0
13.8979591836735 0.0
13.9020408163265 17.3769
13.9061224489796 0.181166
13.9102040816327 8.41251
13.9142857142857 10.7176
13.9183673469388 2.88928
13.9224489795918 3.17238
13.9265306122449 2.93955
13.930612244898 50.181
13.934693877551 2.04404
13.9387755102041 4.59519
13.9428571428571 12.6434
13.9469387755102 3.86251
13.9510204081633 5.46672
13.9551020408163 16.167
13.9591836734694 12.094
13.9632653061224 40.2624
13.9673469387755 29.605
13.9714285714286 56.9207
13.9755102040816 26.3282
13.9795918367347 39.8349
13.9836734693878 40.3836
13.9877551020408 34.5164
13.9918367346939 52.9437
13.9959183673469 109.163
14.0 84.9822
14.0040816326531 153.731
14.0081632653061 205.781
14.0122448979592 201.256
14.0163265306122 224.295
14.0204081632653 238.338
14.0244897959184 218.285
14.0285714285714 207.913
14.0326530612245 194.793
14.0367346938776 170.443
14.0408163265306 154.325
14.0448979591837 136.1
14.0489795918367 116.753
14.0530612244898 96.0039
14.0571428571429 76.5822
14.0612244897959 55.4093
14.065306122449 33.9433
14.069387755102 16.8777
14.0734693877551 4.85341
14.0775510204082 1.64153
14.0816326530612 0.35879
14.0857142857143 0.0
14.0897959183673 0.0
14.0938775510204 0.0
14.0979591836735 0.159323
14.1020408163265 0.330508
14.1061224489796 0.32417
14.1102040816327 0.245313
14.1142857142857 0.812682
14.1183673469388 2.19745
14.1224489795918 3.06115
14.1265306122449 3.42008
14.130612244898 2.79641
14.134693877551 2.19057
14.1387755102041 0.789252
14.1428571428571 0.0768614
14.1469387755102 0.148416
14.1510204081633 0.0867049
14.1551020408163 0.0824332
14.1591836734694 0.0527898
14.1632653061224 1.07484
14.1673469387755 0.314652
14.1714285714286 1.25146
14.1755102040816 2.53601
14.1795918367347 4.32318
14.1836734693878 4.65219
14.1877551020408 4.50867
14.1918367346939 6.20575
14.1959183673469 17.5831
14.2 19.1611
14.2040816326531 14.243
14.2081632653061 18.924
14.2122448979592 21.0285
14.2163265306122 11.2755
14.2204081632653 5.01043
14.2244897959184 2.22781
14.2285714285714 3.7685
14.2326530612245 4.35037
14.2367346938776 6.77099
14.2408163265306 9.93683
14.2448979591837 11.8315
14.2489795918367 16.9423
14.2530612244898 21.3802
14.2571428571429 27.897
14.2612244897959 26.7734
14.265306122449 26.1142
14.269387755102 26.9785
14.2734693877551 26.6042
14.2775510204082 24.1339
14.2816326530612 25.1007
14.2857142857143 24.9135
14.2897959183673 21.874
14.2938775510204 19.1768
14.2979591836735 18.5789
14.3020408163265 15.3986
14.3061224489796 11.324
14.3102040816327 10.6276
14.3142857142857 9.94675
14.3183673469388 8.25753
14.3224489795918 11.4917
14.3265306122449 9.64981
14.330612244898 12.4393
14.334693877551 19.9335
14.3387755102041 16.4849
14.3428571428571 21.2965
14.3469387755102 35.6332
14.3510204081633 28.5125
14.3551020408163 27.0776
14.3591836734694 15.4935
14.3632653061224 7.47458
14.3673469387755 5.14002
14.3714285714286 5.16571
14.3755102040816 2.85758
14.3795918367347 2.43826
14.3836734693878 3.15464
14.3877551020408 0.0
14.3918367346939 1.02994
14.3959183673469 0.0
14.4 5.12346
14.4040816326531 0.0
14.4081632653061 0.0982881
14.4122448979592 0.400426
14.4163265306122 1.76669
14.4204081632653 14.0282
14.4244897959184 43.7682
14.4285714285714 70.1212
14.4326530612245 100.36
14.4367346938776 134.411
14.4408163265306 150.265
14.4448979591837 156.348
14.4489795918367 139.036
14.4530612244898 119.967
14.4571428571429 97.3131
14.4612244897959 73.9019
14.465306122449 48.6817
14.469387755102 32.9622
14.4734693877551 17.698
14.4775510204082 7.74852
14.4816326530612 7.41355
14.4857142857143 11.5035
14.4897959183673 7.2395
14.4938775510204 3.69102
14.4979591836735 3.41223
14.5020408163265 0.913719
14.5061224489796 0.631789
14.5102040816327 0.420298
14.5142857142857 0.523613
14.5183673469388 0.541388
14.5224489795918 0.363926
14.5265306122449 0.0738427
14.530612244898 0.0
14.534693877551 0.0
14.5387755102041 1.88515
14.5428571428571 0.257313
14.5469387755102 0.917037
14.5510204081633 1.16273
14.5551020408163 5.01631
14.5591836734694 8.31066
14.5632653061224 2.6413
14.5673469387755 12.4988
14.5714285714286 5.35091
14.5755102040816 12.1915
14.5795918367347 14.4158
14.5836734693878 26.8072
14.5877551020408 19.7686
14.5918367346939 31.5537
14.5959183673469 31.4579
14.6 25.4177
14.6040816326531 9.94092
14.6081632653061 17.0938
14.6122448979592 5.68974
14.6163265306122 4.11698
14.6204081632653 2.58817
14.6244897959184 1.33965
14.6285714285714 22.8057
14.6326530612245 41.2993
14.6367346938776 75.136
14.6408163265306 56.6125
14.6448979591837 57.1509
14.6489795918367 54.0496
14.6530612244898 44.9489
14.6571428571429 23.7319
14.6612244897959 14.0949
14.665306122449 3.40409
14.669387755102 1.20235
14.6734693877551 0.518312
14.6775510204082 0.230581
14.6816326530612 0.00534455
14.6857142857143 2.91332
14.6897959183673 16.114
14.6938775510204 21.4739
14.6979591836735 14.9485
14.7020408163265 26.9052
14.7061224489796 26.4932
14.7102040816327 13.2258
14.7142857142857 16.6475
14.7183673469388 13.5484
14.7224489795918 8.28868
14.7265306122449 3.33123
14.730612244898 7.25698
14.734693877551 2.13538
14.7387755102041 2.43365
14.7428571428571 2.73486
14.7469387755102 3.99824
14.7510204081633 4.28584
14.7551020408163 5.67513
14.7591836734694 18.0196
14.7632653061224 15.3903
14.7673469387755 20.5847
14.7714285714286 30.9578
14.7755102040816 37.3492
14.7795918367347 14.3952
14.7836734693878 23.1065
14.7877551020408 16.5162
14.7918367346939 8.75467
14.7959183673469 7.18488
14.8 13.3883
14.8040816326531 72.876
14.8081632653061 104.568
14.8122448979592 143.859
14.8163265306122 204.342
14.8204081632653 220.955
14.8244897959184 225.086
14.8285714285714 224.725
14.8326530612245 183.093
14.8367346938776 167.122
14.8408163265306 149.734
14.8448979591837 125.313
14.8489795918367 102.805
14.8530612244898 81.8271
14.8571428571429 54.823
14.8612244897959 35.5348
14.865306122449 24.4521
14.869387755102 14.5946
14.8734693877551 6.51824
14.8775510204082 3.53304
14.8816326530612 2.14497
14.8857142857143 1.57135
14.8897959183673 1.23805
14.8938775510204 1.28909
14.8979591836735 0.96755
14.9020408163265 0.959415
14.9061224489796 1.46842
14.9102040816327 0.632139
14.9142857142857 1.55334
14.9183673469388 0.591308
14.9224489795918 0.824432
14.9265306122449 0.670532
14.930612244898 0.605236
14.934693877551 0.429163
14.9387755102041 0.192056
14.9428571428571 2.24471
14.9469387755102 4.09444
14.9510204081633 14.942
14.9551020408163 19.7132
14.9591836734694 17.401
14.9632653061224 14.5995
14.9673469387755 1.3988
14.9714285714286 0.0
14.9755102040816 0.0
