0.00408163265306122 31.5354
0.00816326530612245 32.9861
0.0122448979591837 25.3217
0.0163265306122449 22.7278
0.0204081632653061 23.0278
0.0244897959183673 12.8529
0.0285714285714286 11.9932
0.0326530612244898 7.13417
0.036734693877551 5.49018
0.0408163265306122 7.96846
0.0448979591836735 11.0442
0.0489795918367347 27.01
0.0530612244897959 25.0798
0.0571428571428571 36.0793
0.0612244897959184 39.5489
0.0653061224489796 47.2638
0.0693877551020408 36.3158
0.073469387755102 39.7083
0.0775510204081633 53.4046
0.0816326530612245 40.3734
0.0857142857142857 40.3592
0.0897959183673469 46.3131
0.0938775510204082 49.6401
0.0979591836734694 50.6046
0.102040816326531 48.0057
0.106122448979592 44.4086
0.110204081632653 40.1168
0.114285714285714 30.7018
0.118367346938776 23.9006
0.122448979591837 21.3659
0.126530612244898 20.9219
0.130612244897959 20.4546
0.13469387755102 24.0049
0.138775510204082 24.0357
0.142857142857143 19.1215
0.146938775510204 26.7001
0.151020408163265 19.4566
0.155102040816327 23.2275
0.159183673469388 16.8978
0.163265306122449 12.9969
0.16734693877551 18.5738
0.171428571428571 17.4496
0.175510204081633 9.18649
0.179591836734694 6.83244
0.183673469387755 15.6985
0.187755102040816 22.2808
0.191836734693878 57.2271
0.195918367346939 90.525
0.2 151.278
0.204081632653061 201.563
0.208163265306122 232.812
0.212244897959184 266.614
0.216326530612245 250.052
0.220408163265306 231.163
0.224489795918367 218.627
0.228571428571429 206.533
0.23265306122449 183.44
0.236734693877551 167.507
0.240816326530612 150.015
0.244897959183673 134.454
0.248979591836735 123.187
0.253061224489796 116.036
0.257142857142857 107.796
0.261224489795918 108.858
0.26530612244898 112.586
0.269387755102041 109.986
0.273469387755102 103.811
0.277551020408163 96.5663
0.281632653061224 83.703
0.285714285714286 78.214
0.289795918367347 71.5598
0.293877551020408 61.0387
0.297959183673469 50.4403
0.302040816326531 48.7372
0.306122448979592 38.2273
0.310204081632653 23.9518
0.314285714285714 19.1657
0.318367346938775 16.4874
0.322448979591837 12.0668
0.326530612244898 11.3074
0.330612244897959 12.4235
0.33469387755102 11.2811
0.338775510204082 11.6002
0.342857142857143 9.322
0.346938775510204 11.2646
0.351020408163265 12.6806
0.355102040816327 12.0705
0.359183673469388 8.66817
0.363265306122449 7.59658
0.36734693877551 5.41128
0.371428571428571 3.49016
0.375510204081633 5.4029
0.379591836734694 2.167
0.383673469387755 1.77977
0.387755102040816 1.21559
0.391836734693878 1.12214
0.395918367346939 0.917574
0.4 1.29846
0.404081632653061 2.21306
0.408163265306122 3.39146
0.412244897959184 3.95582
0.416326530612245 3.80957
0.420408163265306 3.48647
0.424489795918367 2.36297
0.428571428571429 1.15744
0.43265306122449 0.0
0.436734693877551 0.191977
0.440816326530612 0.0
0.444897959183673 0.0
0.448979591836735 0.0
0.453061224489796 0.0
0.457142857142857 0.0
0.461224489795918 0.0
0.46530612244898 0.301977
0.469387755102041 0.695566
0.473469387755102 3.22036
0.477551020408163 3.8411
0.481632653061224 4.88318
0.485714285714286 6.07206
0.489795918367347 5.91228
0.493877551020408 5.95777
0.497959183673469 4.96663
0.502040816326531 4.04254
0.506122448979592 3.90156
0.510204081632653 4.05537
0.514285714285714 3.55633
0.518367346938776 4.7525
0.522448979591837 8.33061
0.526530612244898 13.7696
0.530612244897959 19.8072
0.53469387755102 22.8131
0.538775510204082 23.1348
0.542857142857143 27.9196
0.546938775510204 30.0331
0.551020408163265 45.3037
0.555102040816327 42.2048
0.559183673469388 41.258
0.563265306122449 25.9735
0.56734693877551 17.306
0.571428571428571 11.7359
0.575510204081633 6.84935
0.579591836734694 2.96538
0.583673469387755 13.3793
0.587755102040816 20.8112
0.591836734693878 33.0497
0.595918367346939 15.6705
0.6 28.8871
0.604081632653061 26.1668
0.608163265306122 14.3844
0.612244897959184 6.02241
0.616326530612245 12.4996
0.620408163265306 1.80482
0.624489795918367 3.49716
0.628571428571429 2.69429
0.63265306122449 3.79417
0.636734693877551 8.45934
0.640816326530612 45.1202
0.644897959183673 63.0832
0.648979591836735 116.459
0.653061224489796 140.053
0.657142857142857 152.971
0.661224489795918 150.292
0.66530612244898 134.948
0.669387755102041 114.693
0.673469387755102 90.1339
0.677551020408163 62.7701
0.681632653061224 37.4621
0.685714285714286 22.2264
0.689795918367347 13.9209
0.693877551020408 7.30177
0.697959183673469 5.44414
0.702040816326531 4.11198
0.706122448979592 3.27399
0.710204081632653 3.02522
0.714285714285714 2.6094
0.718367346938775 1.82183
0.722448979591837 1.19738
0.726530612244898 0.833293
0.730612244897959 0.36027
0.73469387755102 31.9603
0.738775510204082 1.50951
0.742857142857143 7.36286
0.746938775510204 13.7015
0.751020408163265 16.6224
0.755102040816326 20.5945
0.759183673469388 4.90112
0.763265306122449 17.5154
0.76734693877551 4.78605
0.771428571428571 13.0343
0.775510204081633 27.7709
0.779591836734694 29.7611
0.783673469387755 25.3316
0.787755102040816 18.2552
0.791836734693877 6.78228
0.795918367346939 0.738959
0.8 0.0
0.804081632653061 0.0
0.808163265306122 0.0
0.812244897959184 1.85449
0.816326530612245 13.8738
0.820408163265306 39.5852
0.824489795918367 37.8502
0.828571428571429 42.6999
0.83265306122449 50.413
0.836734693877551 45.3761
0.840816326530612 37.6742
0.844897959183673 30.4771
0.848979591836735 36.8907
0.853061224489796 30.232
0.857142857142857 27.5411
0.861224489795918 22.9898
0.86530612244898 18.942
0.869387755102041 15.2073
0.873469387755102 13.5319
0.877551020408163 19.2515
0.881632653061225 11.2249
0.885714285714286 19.592
0.889795918367347 40.2804
0.893877551020408 73.1477
0.897959183673469 120.718
0.902040816326531 179.217
0.906122448979592 269.528
0.910204081632653 295.857
0.914285714285714 353.752
0.918367346938776 369.574
0.922448979591837 354.973
0.926530612244898 305.8
0.930612244897959 276.322
0.93469387755102 222.886
0.938775510204082 190.271
0.942857142857143 144.228
0.946938775510204 113.473
0.951020408163265 75.2332
0.955102040816327 45.0028
0.959183673469388 25.851
0.963265306122449 18.3775
0.96734693877551 8.64087
0.971428571428571 4.71218
0.975510204081633 4.08626
0.979591836734694 4.75363
0.983673469387755 5.73997
0.987755102040816 5.84614
0.991836734693878 13.6875
0.995918367346939 21.7827
1.0 6.99842
1.00408163265306 4.04519
1.00816326530612 0.102798
1.01224489795918 0.828266
1.01632653061224 1.95094
1.02040816326531 3.37176
1.02448979591837 4.12053
1.02857142857143 13.3505
1.03265306122449 11.7684
1.03673469387755 12.7745
1.04081632653061 18.0967
1.04489795918367 6.71641
1.04897959183673 7.12105
1.0530612244898 7.28963
1.05714285714286 6.23335
1.06122448979592 5.2245
1.06530612244898 3.97817
1.06938775510204 7.50172
1.0734693877551 4.72161
1.07755102040816 7.75702
1.08163265306122 1.74697
1.08571428571429 3.11502
1.08979591836735 5.76152
1.09387755102041 7.64773
1.09795918367347 10.5883
1.10204081632653 45.6503
1.10612244897959 29.4435
1.11020408163265 29.5459
1.11428571428571 19.4887
1.11836734693878 12.3494
1.12244897959184 9.01855
1.1265306122449 9.84521
1.13061224489796 8.56655
1.13469387755102 7.44179
1.13877551020408 4.87236
1.14285714285714 2.93671
1.1469387755102 2.24029
1.15102040816327 15.5086
1.15510204081633 12.0051
1.15918367346939 6.58875
1.16326530612245 16.376
1.16734693877551 3.21481
1.17142857142857 6.28344
1.17551020408163 7.59253
1.17959183673469 7.95315
1.18367346938776 12.552
1.18775510204082 15.941
1.19183673469388 16.8268
1.19591836734694 19.6144
1.2 20.7574
1.20408163265306 21.3555
1.20816326530612 20.5751
1.21224489795918 17.4641
1.21632653061224 16.7213
1.22040816326531 16.3513
1.22448979591837 31.3379
1.22857142857143 17.9201
1.23265306122449 12.1299
1.23673469387755 7.63631
1.24081632653061 8.3175
1.24489795918367 7.96602
1.24897959183673 6.34138
1.2530612244898 4.01317
1.25714285714286 2.16356
1.26122448979592 0.974874
1.26530612244898 2.17376
1.26938775510204 4.83693
1.2734693877551 10.771
1.27755102040816 6.02155
1.28163265306122 5.81193
1.28571428571429 20.9131
1.28979591836735 7.42509
1.29387755102041 11.0412
1.29795918367347 18.4532
1.30204081632653 14.7041
1.30612244897959 16.7345
1.31020408163265 29.4276
1.31428571428571 25.7534
1.31836734693878 30.1146
1.32244897959184 33.2674
1.3265306122449 35.633
1.33061224489796 38.5259
1.33469387755102 76.8798
1.33877551020408 65.6924
1.34285714285714 95.1626
1.3469387755102 105.487
1.35102040816327 104.333
1.35510204081633 92.6243
1.35918367346939 87.0739
1.36326530612245 70.5841
1.36734693877551 50.014
1.37142857142857 36.9226
1.37551020408163 22.5572
1.37959183673469 11.9184
1.38367346938776 8.28553
1.38775510204082 5.33426
1.39183673469388 5.75611
1.39591836734694 6.75809
1.4 5.17461
1.40408163265306 5.94066
1.40816326530612 4.17985
1.41224489795918 61.0622
1.41632653061225 72.4419
1.42040816326531 55.7253
1.42448979591837 60.9454
1.42857142857143 42.7917
1.43265306122449 15.1964
1.43673469387755 0.0
1.44081632653061 10.9015
1.44489795918367 1.51831
1.44897959183673 3.27049
1.4530612244898 6.84536
1.45714285714286 23.6344
1.46122448979592 18.6865
1.46530612244898 53.1718
1.46938775510204 93.6678
1.4734693877551 66.0771
1.47755102040816 118.776
1.48163265306122 180.671
1.48571428571429 179.565
1.48979591836735 205.382
1.49387755102041 198.911
1.49795918367347 175.385
1.50204081632653 164.176
1.50612244897959 140.616
1.51020408163265 118.106
1.51428571428571 99.9913
1.51836734693878 85.1023
1.52244897959184 71.1944
1.5265306122449 58.8789
1.53061224489796 44.4964
1.53469387755102 34.6575
1.53877551020408 23.1373
1.54285714285714 14.6121
1.5469387755102 9.18754
1.55102040816327 6.89175
1.55510204081633 4.54678
1.55918367346939 3.67582
1.56326530612245 1.16874
1.56734693877551 0.257493
1.57142857142857 2.42774
1.57551020408163 5.91795
1.57959183673469 6.20333
1.58367346938775 3.29193
1.58775510204082 5.31487
1.59183673469388 0.0
1.59591836734694 0.0
1.6 0.0
1.60408163265306 0.0
1.60816326530612 0.0
1.61224489795918 2.6172
1.61632653061224 4.83616
1.62040816326531 3.27063
1.62448979591837 2.9877
1.62857142857143 2.77472
1.63265306122449 2.61935
1.63673469387755 2.71018
1.64081632653061 0.0893275
1.64489795918367 0.0
1.64897959183673 0.593801
1.6530612244898 0.629981
1.65714285714286 0.647068
1.66122448979592 2.83017
1.66530612244898 5.37343
1.66938775510204 9.02625
1.6734693877551 11.9722
1.67755102040816 17.4779
1.68163265306122 19.0036
1.68571428571429 23.7205
1.68979591836735 29.0237
1.69387755102041 28.3075
1.69795918367347 26.4882
1.70204081632653 20.4431
1.70612244897959 17.2166
1.71020408163265 12.7744
1.71428571428571 11.8807
1.71836734693878 15.7577
1.72244897959184 23.4677
1.7265306122449 32.5974
1.73061224489796 33.8047
1.73469387755102 34.9906
1.73877551020408 33.1128
1.74285714285714 28.4006
1.7469387755102 23.4231
1.75102040816327 19.8055
1.75510204081633 20.7809
1.75918367346939 19.9165
1.76326530612245 23.0565
1.76734693877551 28.8316
1.77142857142857 37.1587
1.77551020408163 41.143
1.77959183673469 42.6686
1.78367346938776 40.2694
1.78775510204082 35.1514
1.79183673469388 28.6482
1.79591836734694 24.0142
1.8 20.2868
1.80408163265306 16.9167
1.80816326530612 21.5791
1.81224489795918 29.515
1.81632653061224 30.5965
1.82040816326531 29.2172
1.82448979591837 27.5823
1.82857142857143 24.5862
1.83265306122449 20.1878
1.83673469387755 15.2747
1.84081632653061 9.98284
1.84489795918367 6.3388
1.84897959183673 4.86823
1.8530612244898 4.47929
1.85714285714286 4.20871
1.86122448979592 4.08705
1.86530612244898 3.87606
1.86938775510204 4.21835
1.8734693877551 4.93507
1.87755102040816 5.82494
1.88163265306122 12.2143
1.88571428571429 42.6254
1.88979591836735 115.872
1.89387755102041 191.644
1.89795918367347 241.566
1.90204081632653 251.915
1.90612244897959 258.603
1.91020408163265 263.675
1.91428571428571 250.85
1.91836734693878 237.389
1.92244897959184 228.51
1.9265306122449 202.877
1.93061224489796 186.693
1.93469387755102 178.855
1.93877551020408 164.444
1.94285714285714 151.324
1.9469387755102 135.987
1.95102040816327 119.728
1.95510204081633 101.969
1.95918367346939 87.4638
1.96326530612245 70.2574
1.96734693877551 52.813
1.97142857142857 36.9346
1.97551020408163 27.9706
1.97959183673469 22.0209
1.98367346938776 17.1646
1.98775510204082 14.4631
1.99183673469388 15.6061
1.99591836734694 14.3689
2.0 20.6737
2.00408163265306 33.87
2.00816326530612 35.0905
2.01224489795918 35.7148
2.01632653061225 34.1821
2.02040816326531 36.1321
2.02448979591837 30.0112
2.02857142857143 25.0327
2.03265306122449 21.9002
2.03673469387755 15.1852
2.04081632653061 14.0763
2.04489795918367 15.1132
2.04897959183673 13.2948
2.0530612244898 16.1759
2.05714285714286 16.7651
2.06122448979592 15.9413
2.06530612244898 11.7819
2.06938775510204 7.63175
2.0734693877551 3.61334
2.07755102040816 1.08846
2.08163265306122 1.5533
2.08571428571429 0.0
2.08979591836735 0.221153
2.09387755102041 0.420148
2.09795918367347 0.547255
2.10204081632653 1.40985
2.10612244897959 4.64108
2.11020408163265 2.00029
2.11428571428571 5.7724
2.11836734693878 1.84634
2.12244897959184 0.795752
2.1265306122449 0.780255
2.13061224489796 2.33853
2.13469387755102 3.82181
2.13877551020408 7.06454
2.14285714285714 13.0065
2.1469387755102 14.5483
2.15102040816327 14.1973
2.15510204081633 11.1775
2.15918367346939 11.2534
2.16326530612245 12.0701
2.16734693877551 12.7982
2.17142857142857 10.0987
2.17551020408163 7.28931
2.17959183673469 4.97759
2.18367346938776 2.55171
2.18775510204082 5.70301
2.19183673469388 9.64434
2.19591836734694 13.743
2.2 18.7814
2.20408163265306 20.6158
2.20816326530612 22.4044
2.21224489795918 27.6491
2.21632653061224 30.6002
2.22040816326531 30.8664
2.22448979591837 27.6719
2.22857142857143 27.1845
2.23265306122449 23.189
2.23673469387755 18.269
2.24081632653061 14.3037
2.24489795918367 11.8091
2.24897959183673 10.7294
2.2530612244898 10.8845
2.25714285714286 9.01251
2.26122448979592 7.1075
2.26530612244898 6.4923
2.26938775510204 6.54613
2.2734693877551 4.74085
2.27755102040816 3.89857
2.28163265306122 2.83718
2.28571428571429 2.21568
2.28979591836735 4.52325
2.29387755102041 6.71168
2.29795918367347 1.29739
2.30204081632653 2.00061
2.30612244897959 8.34051
2.31020408163265 20.9777
2.31428571428571 20.2364
2.31836734693878 27.992
2.32244897959184 42.2907
2.3265306122449 79.5403
2.33061224489796 104.631
2.33469387755102 146.071
2.33877551020408 144.039
2.34285714285714 151.152
2.3469387755102 133.512
2.35102040816327 111.543
2.35510204081633 96.4379
2.35918367346939 87.4005
2.36326530612245 82.7059
2.36734693877551 70.3303
2.37142857142857 59.7128
2.37551020408163 49.9558
2.37959183673469 41.2564
2.38367346938776 33.0696
2.38775510204082 24.8869
2.39183673469388 17.2121
2.39591836734694 10.6373
2.4 4.81526
2.40408163265306 2.0825
2.40816326530612 20.0167
2.41224489795918 4.73206
2.41632653061225 6.04689
2.42040816326531 7.77737
2.42448979591837 5.72528
2.42857142857143 35.6536
2.43265306122449 21.7847
2.43673469387755 35.9315
2.44081632653061 30.2418
2.44489795918367 33.7632
2.44897959183673 12.3227
2.4530612244898 14.0916
2.45714285714286 9.78923
2.46122448979592 5.55164
2.46530612244898 10.9865
2.46938775510204 6.83108
2.4734693877551 9.28896
2.47755102040816 5.86475
2.48163265306122 12.7771
2.48571428571429 9.27807
2.48979591836735 56.2166
2.49387755102041 50.2968
2.49795918367347 54.0373
2.50204081632653 61.0759
2.50612244897959 60.8371
2.51020408163265 51.9613
2.51428571428571 46.8693
2.51836734693878 41.01
2.52244897959184 38.7807
2.5265306122449 29.2645
2.53061224489796 39.0643
2.53469387755102 31.2063
2.53877551020408 24.3538
2.54285714285714 26.6058
2.5469387755102 15.9847
2.55102040816327 12.035
2.55510204081633 10.5276
2.55918367346939 11.09
2.56326530612245 8.73003
2.56734693877551 3.42388
2.57142857142857 1.4064
2.57551020408163 0.742614
2.57959183673469 0.0
2.58367346938775 10.8451
2.58775510204082 11.4732
2.59183673469388 40.3886
2.59591836734694 50.9481
2.6 109.911
2.60408163265306 124.935
2.60816326530612 170.026
2.61224489795918 187.12
2.61632653061224 198.407
2.62040816326531 189.674
2.62448979591837 176.974
2.62857142857143 160.01
2.63265306122449 138.04
2.63673469387755 115.516
2.64081632653061 90.8404
2.64489795918367 65.5725
2.64897959183673 54.1714
2.6530612244898 44.1339
2.65714285714286 31.5067
2.66122448979592 22.9216
2.66530612244898 14.8953
2.66938775510204 8.06277
2.6734693877551 4.91318
2.67755102040816 8.33557
2.68163265306122 25.084
2.68571428571429 40.4298
2.68979591836735 40.1746
2.69387755102041 28.5522
2.69795918367347 27.788
2.70204081632653 26.0903
2.70612244897959 20.2547
2.71020408163265 15.3432
2.71428571428571 9.8394
2.71836734693878 3.63475
2.72244897959184 1.80674
2.7265306122449 0.783692
2.73061224489796 0.706777
2.73469387755102 0.144472
2.73877551020408 0.137438
2.74285714285714 0.331978
2.7469387755102 1.37373
2.75102040816327 3.71607
2.75510204081633 6.01527
2.75918367346939 9.45595
2.76326530612245 13.4438
2.76734693877551 38.1429
2.77142857142857 63.4831
2.77551020408163 74.1358
2.77959183673469 72.8746
2.78367346938776 65.2989
2.78775510204082 56.7136
2.79183673469388 57.3722
2.79591836734694 63.3942
2.8 45.3575
2.80408163265306 30.9225
2.80816326530612 16.4432
2.81224489795918 14.2068
2.81632653061224 12.088
2.82040816326531 10.1412
2.82448979591837 9.31578
2.82857142857143 8.74496
2.83265306122449 12.9821
2.83673469387755 16.3349
2.84081632653061 26.3584
2.84489795918367 20.9106
2.84897959183673 32.8041
2.8530612244898 25.3596
2.85714285714286 20.7517
2.86122448979592 11.3495
2.86530612244898 8.54797
2.86938775510204 5.43737
2.8734693877551 3.0135
2.87755102040816 1.53686
2.88163265306122 1.8461
2.88571428571429 8.12533
2.88979591836735 19.6361
2.89387755102041 11.0737
2.89795918367347 9.54953
2.90204081632653 10.6726
2.90612244897959 14.6977
2.91020408163265 11.6191
2.91428571428571 11.7131
2.91836734693878 17.0291
2.92244897959184 6.88853
2.9265306122449 9.35639
2.93061224489796 6.46303
2.93469387755102 4.97772
2.93877551020408 3.63119
2.94285714285714 6.90512
2.9469387755102 5.27401
2.95102040816327 7.20861
2.95510204081633 3.69687
2.95918367346939 3.0297
2.96326530612245 15.9097
2.96734693877551 1.66564
2.97142857142857 3.96954
2.97551020408163 5.10134
2.97959183673469 17.1968
2.98367346938775 5.78832
2.98775510204082 4.95626
2.99183673469388 6.28975
2.99591836734694 11.1835
3.0 12.3498
3.00408163265306 15.8611
3.00816326530612 14.5716
3.01224489795918 13.1458
3.01632653061225 9.48881
3.02040816326531 5.06465
3.02448979591837 11.8795
3.02857142857143 5.58237
3.03265306122449 1.10252
3.03673469387755 1.71197
3.04081632653061 8.95186
3.04489795918367 3.18017
3.04897959183673 2.96406
3.0530612244898 8.94089
3.05714285714286 13.6239
3.06122448979592 25.4467
3.06530612244898 36.3822
3.06938775510204 30.9319
3.0734693877551 63.8515
3.07755102040816 41.2462
3.08163265306122 32.4367
3.08571428571429 21.5758
3.08979591836735 17.382
3.09387755102041 11.1531
3.09795918367347 7.0027
3.10204081632653 5.03674
3.10612244897959 4.50242
3.11020408163265 3.88073
3.11428571428571 4.05791
3.11836734693878 3.86263
3.12244897959184 21.2981
3.1265306122449 24.2225
3.13061224489796 28.1169
3.13469387755102 12.2516
3.13877551020408 2.43445
3.14285714285714 2.3275
3.1469387755102 3.42126
3.15102040816327 4.48704
3.15510204081633 4.83363
3.15918367346939 7.17004
3.16326530612245 7.86947
3.16734693877551 8.42819
3.17142857142857 7.28411
3.17551020408163 7.40792
3.17959183673469 11.5017
3.18367346938776 25.5392
3.18775510204082 17.4095
3.19183673469388 21.6391
3.19591836734694 43.7483
3.2 39.553
3.20408163265306 54.711
3.20816326530612 91.7183
3.21224489795918 95.1328
3.21632653061224 94.4875
3.22040816326531 94.6928
3.22448979591837 101.731
3.22857142857143 91.7071
3.23265306122449 96.6668
3.23673469387755 87.7359
3.24081632653061 79.0616
3.24489795918367 75.0855
3.24897959183673 70.0641
3.2530612244898 63.4051
3.25714285714286 54.6907
3.26122448979592 45.2563
3.26530612244898 34.9133
3.26938775510204 30.1829
3.2734693877551 25.948
3.27755102040816 21.1936
3.28163265306122 16.987
3.28571428571429 15.1388
3.28979591836735 13.4137
3.29387755102041 12.0432
3.29795918367347 10.8932
3.30204081632653 39.3628
3.30612244897959 6.88011
3.31020408163265 90.4065
3.31428571428571 38.5044
3.31836734693878 5.20621
3.32244897959184 15.9553
3.3265306122449 9.26531
3.33061224489796 15.8025
3.33469387755102 29.3777
3.33877551020408 20.567
3.34285714285714 33.5743
3.3469387755102 43.8227
3.35102040816327 67.3006
3.35510204081633 39.2289
3.35918367346939 46.8839
3.36326530612245 37.8132
3.36734693877551 48.3591
3.37142857142857 52.5666
3.37551020408163 22.7997
3.37959183673469 16.2538
3.38367346938776 10.9176
3.38775510204082 5.71958
3.39183673469388 0.629822
3.39591836734694 0.40857
3.4 13.1119
3.40408163265306 9.45697
3.40816326530612 54.8538
3.41224489795918 26.2135
3.41632653061225 61.3227
3.42040816326531 127.514
3.42448979591837 44.8532
3.42857142857143 104.618
3.43265306122449 99.5667
3.43673469387755 97.1623
3.44081632653061 99.1014
3.44489795918367 62.4472
3.44897959183673 49.1883
3.4530612244898 73.0006
3.45714285714286 62.6582
3.46122448979592 47.3684
3.46530612244898 81.6739
3.46938775510204 99.7337
3.4734693877551 88.8099
3.47755102040816 90.3474
3.48163265306122 86.4586
3.48571428571429 73.6465
3.48979591836735 67.9522
3.49387755102041 67.3503
3.49795918367347 63.224
3.50204081632653 62.4858
3.50612244897959 58.7121
3.51020408163265 67.1372
3.51428571428571 84.7868
3.51836734693878 92.2253
3.52244897959184 91.4795
3.5265306122449 86.6713
3.53061224489796 76.9215
3.53469387755102 73.8801
3.53877551020408 67.937
3.54285714285714 61.1949
3.5469387755102 53.2268
3.55102040816327 46.1076
3.55510204081633 40.2644
3.55918367346939 34.7437
3.56326530612245 35.3699
3.56734693877551 44.6731
3.57142857142857 47.5865
3.57551020408163 52.7039
3.57959183673469 49.5857
3.58367346938775 40.1697
3.58775510204082 34.7902
3.59183673469388 28.4605
3.59591836734694 27.3202
3.6 24.1484
3.60408163265306 25.8102
3.60816326530612 32.3034
3.61224489795918 40.1874
3.61632653061224 45.7269
3.62040816326531 50.8631
3.62448979591837 53.0882
3.62857142857143 66.9651
3.63265306122449 107.08
3.63673469387755 153.535
3.64081632653061 198.091
3.64489795918367 230.856
3.64897959183673 242.192
3.6530612244898 211.737
3.65714285714286 213.717
3.66122448979592 184.94
3.66530612244898 178.32
3.66938775510204 148.194
3.6734693877551 135.184
3.67755102040816 117.263
3.68163265306122 94.6214
3.68571428571429 76.8031
3.68979591836735 67.4375
3.69387755102041 48.2208
3.69795918367347 34.3629
3.70204081632653 28.5004
3.70612244897959 18.8988
3.71020408163265 16.4649
3.71428571428571 13.0349
3.71836734693878 10.1226
3.72244897959184 7.43
3.7265306122449 7.71858
3.73061224489796 8.69179
3.73469387755102 8.65796
3.73877551020408 8.44408
3.74285714285714 7.56033
3.7469387755102 8.84073
3.75102040816327 21.5538
3.75510204081633 29.3684
3.75918367346939 32.8456
3.76326530612245 24.2908
3.76734693877551 18.5511
3.77142857142857 14.0142
3.77551020408163 3.44118
3.77959183673469 0.65282
3.78367346938776 7.42662
3.78775510204082 3.85163
3.79183673469388 5.08497
3.79591836734694 7.071
3.8 9.94931
3.80408163265306 9.28314
3.80816326530612 9.67117
3.81224489795918 14.0016
3.81632653061224 15.0241
3.82040816326531 13.8929
3.82448979591837 19.2275
3.82857142857143 17.1995
3.83265306122449 13.2716
3.83673469387755 11.4929
3.84081632653061 10.3392
3.84489795918367 10.3623
3.84897959183673 11.4847
3.8530612244898 12.8375
3.85714285714286 12.9605
3.86122448979592 13.0708
3.86530612244898 11.9824
3.86938775510204 9.66293
3.8734693877551 24.901
3.87755102040816 37.326
3.88163265306122 45.1348
3.88571428571429 38.5896
3.88979591836735 32.1313
3.89387755102041 28.203
3.89795918367347 18.63
3.90204081632653 14.5108
3.90612244897959 3.06821
3.91020408163265 2.13703
3.91428571428571 0.862201
3.91836734693878 0.632922
3.92244897959184 0.0
3.9265306122449 0.0
3.93061224489796 1.05965
3.93469387755102 3.77336
3.93877551020408 9.38771
3.94285714285714 13.6829
3.9469387755102 18.7766
3.95102040816327 21.9739
3.95510204081633 24.1343
3.95918367346939 26.8169
3.96326530612245 30.575
3.96734693877551 34.3792
3.97142857142857 35.8712
3.97551020408163 36.1467
3.97959183673469 37.6406
3.98367346938775 43.3326
3.98775510204082 43.3335
3.99183673469388 42.3082
3.99591836734694 40.1714
4.0 34.4767
4.00408163265306 31.3922
4.00816326530612 27.309
4.01224489795918 25.3265
4.01632653061225 22.7367
4.02040816326531 21.101
4.02448979591837 19.8391
4.02857142857143 15.3314
4.03265306122449 11.0491
4.03673469387755 7.36102
4.04081632653061 4.39588
4.04489795918367 2.53716
4.04897959183673 1.5006
4.0530612244898 5.91801
4.05714285714286 2.20549
4.06122448979592 6.14113
4.06530612244898 17.1332
4.06938775510204 21.228
4.0734693877551 29.3457
4.07755102040816 33.0274
4.08163265306122 33.7218
4.08571428571429 39.1967
4.08979591836735 47.6249
4.09387755102041 44.4724
4.09795918367347 43.9956
4.10204081632653 37.3451
4.10612244897959 31.829
4.11020408163265 25.5996
4.11428571428571 20.0332
4.11836734693878 13.8107
4.12244897959184 11.2234
4.1265306122449 7.97969
4.13061224489796 6.12323
4.13469387755102 4.58324
4.13877551020408 3.54412
4.14285714285714 3.00887
4.1469387755102 4.33172
4.15102040816326 7.82094
4.15510204081633 10.9696
4.15918367346939 10.5717
4.16326530612245 7.89298
4.16734693877551 3.82314
4.17142857142857 3.25024
4.17551020408163 2.49888
4.17959183673469 1.89753
4.18367346938776 1.23791
4.18775510204082 0.939916
4.19183673469388 3.21615
4.19591836734694 4.89756
4.2 11.4938
4.20408163265306 15.0084
4.20816326530612 15.0612
4.21224489795918 13.0787
4.21632653061225 9.25715
4.22040816326531 33.8886
4.22448979591837 13.4029
4.22857142857143 16.919
4.23265306122449 21.035
4.23673469387755 14.3242
4.24081632653061 11.638
4.24489795918367 38.6273
4.24897959183673 14.2464
4.2530612244898 53.3247
4.25714285714286 39.6468
4.26122448979592 35.9765
4.26530612244898 39.1108
4.26938775510204 10.4996
4.2734693877551 18.3227
4.27755102040816 8.64216
4.28163265306122 9.8899
4.28571428571429 27.6745
4.28979591836735 51.7222
4.29387755102041 73.4166
4.29795918367347 81.3872
4.30204081632653 80.2785
4.30612244897959 72.8086
4.31020408163265 78.8711
4.31428571428571 167.027
4.31836734693878 170.612
4.32244897959184 309.291
4.3265306122449 299.131
4.33061224489796 343.538
4.33469387755102 320.206
4.33877551020408 306.756
4.34285714285714 270.48
4.3469387755102 243.812
4.35102040816327 217.615
4.35510204081633 196.433
4.35918367346939 172.59
4.36326530612245 148.091
4.36734693877551 123.37
4.37142857142857 99.0341
4.37551020408163 73.9091
4.37959183673469 49.8301
4.38367346938776 30.7421
4.38775510204082 22.4823
4.39183673469388 16.571
4.39591836734694 12.1878
4.4 8.43969
4.40408163265306 8.93292
4.40816326530612 15.0352
4.41224489795918 21.027
4.41632653061224 37.8533
4.42040816326531 39.6967
4.42448979591837 44.0385
4.42857142857143 51.0247
4.43265306122449 58.4723
4.43673469387755 51.8014
4.44081632653061 44.2706
4.44489795918367 38.9558
4.44897959183673 29.3054
4.4530612244898 21.6426
4.45714285714286 17.5873
4.46122448979592 13.8298
4.46530612244898 12.334
4.46938775510204 9.92308
4.4734693877551 6.87927
4.47755102040816 4.70334
4.48163265306122 2.62197
4.48571428571429 1.15357
4.48979591836735 2.03925
4.49387755102041 0.303666
4.49795918367347 0.584384
4.50204081632653 2.68969
4.50612244897959 1.56299
4.51020408163265 3.97486
4.51428571428571 3.76776
4.51836734693878 7.1619
4.52244897959184 9.95738
4.5265306122449 11.789
4.53061224489796 10.4928
4.53469387755102 9.74168
4.53877551020408 6.85561
4.54285714285714 5.51496
4.5469387755102 2.02393
4.55102040816327 1.68948
4.55510204081633 1.44169
4.55918367346939 2.55142
4.56326530612245 0.653043
4.56734693877551 1.65156
4.57142857142857 0.744983
4.57551020408163 0.0689924
4.57959183673469 0.0
4.58367346938776 0.893434
4.58775510204082 1.69363
4.59183673469388 2.01039
4.59591836734694 1.62131
4.6 1.47181
4.60408163265306 1.97915
4.60816326530612 2.37794
4.61224489795918 3.41968
4.61632653061224 4.84055
4.62040816326531 5.18644
4.62448979591837 4.51893
4.62857142857143 5.8685
4.63265306122449 6.11673
4.63673469387755 6.42742
4.64081632653061 6.16703
4.64489795918367 8.2646
4.64897959183673 8.31441
4.6530612244898 6.99198
4.65714285714286 4.97201
4.66122448979592 3.71539
4.66530612244898 2.55542
4.66938775510204 2.5547
4.6734693877551 2.25942
4.67755102040816 2.43135
4.68163265306122 2.17217
4.68571428571429 1.86704
4.68979591836735 6.03521
4.69387755102041 3.00417
4.69795918367347 10.0983
4.70204081632653 12.1176
4.70612244897959 14.4125
4.71020408163265 15.3546
4.71428571428571 15.1095
4.71836734693878 13.9046
4.72244897959184 11.2713
4.7265306122449 8.36124
4.73061224489796 5.04432
4.73469387755102 3.46898
4.73877551020408 2.08304
4.74285714285714 3.87514
4.7469387755102 7.06345
4.75102040816327 10.2821
4.75510204081633 17.0758
4.75918367346939 25.983
4.76326530612245 34.5224
4.76734693877551 42.3482
4.77142857142857 56.578
4.77551020408163 53.9593
4.77959183673469 52.6722
4.78367346938775 60.9006
4.78775510204082 63.1903
4.79183673469388 42.9694
4.79591836734694 23.3892
4.8 15.2748
4.80408163265306 7.84503
4.80816326530612 2.09844
4.81224489795918 1.97987
4.81632653061224 3.40483
4.82040816326531 4.31319
4.82448979591837 4.22644
4.82857142857143 17.8323
4.83265306122449 18.1027
4.83673469387755 20.4287
4.84081632653061 20.7592
4.84489795918367 9.03821
4.84897959183674 8.08501
4.8530612244898 8.08398
4.85714285714286 0.0
4.86122448979592 0.0
4.86530612244898 0.0
4.86938775510204 0.0
4.8734693877551 0.0
4.87755102040816 55.7701
4.88163265306122 40.182
4.88571428571429 31.4963
4.88979591836735 28.0497
4.89387755102041 26.1817
4.89795918367347 19.8592
4.90204081632653 32.7795
4.90612244897959 33.1555
4.91020408163265 31.0486
4.91428571428571 49.6996
4.91836734693878 50.775
4.92244897959184 72.051
4.9265306122449 89.0577
4.93061224489796 127.262
4.93469387755102 149.184
4.93877551020408 164.238
4.94285714285714 168.462
4.9469387755102 157.367
4.95102040816327 134.312
4.95510204081633 118.429
4.95918367346939 97.8643
4.96326530612245 75.8843
4.96734693877551 72.5356
4.97142857142857 58.5651
4.97551020408163 48.7692
4.97959183673469 52.3061
4.98367346938775 57.1911
4.98775510204082 50.1562
4.99183673469388 50.3552
4.99591836734694 40.6418
5.0 43.7996
5.00408163265306 34.3294
5.00816326530612 28.0848
5.01224489795918 23.2649
5.01632653061225 19.3193
5.02040816326531 16.9353
5.02448979591837 14.6958
5.02857142857143 12.4854
5.03265306122449 10.3292
5.03673469387755 7.9517
5.04081632653061 5.83585
5.04489795918367 3.84951
5.04897959183673 1.80459
5.0530612244898 0.00461936
5.05714285714286 0.957221
5.06122448979592 34.2322
5.06530612244898 50.3237
5.06938775510204 19.5414
5.0734693877551 6.59884
5.07755102040816 10.5428
5.08163265306122 2.78901
5.08571428571429 4.76978
5.08979591836735 0.330679
5.09387755102041 0.0
5.09795918367347 0.891204
5.10204081632653 14.1423
5.10612244897959 1.77557
5.11020408163265 13.8229
5.11428571428571 15.1109
5.11836734693878 7.19076
5.12244897959184 0.741055
5.1265306122449 15.4854
5.13061224489796 5.91526
5.13469387755102 10.9894
5.13877551020408 8.29032
5.14285714285714 23.0891
5.1469387755102 38.9892
5.15102040816326 51.9138
5.15510204081633 39.4987
5.15918367346939 34.7833
5.16326530612245 36.4468
5.16734693877551 30.9741
5.17142857142857 31.9075
5.17551020408163 37.0063
5.17959183673469 30.4584
5.18367346938776 30.1232
5.18775510204082 41.2765
5.19183673469388 22.438
5.19591836734694 23.0138
5.2 37.975
5.20408163265306 40.3547
5.20816326530612 68.3743
5.21224489795918 91.0877
5.21632653061225 107.191
5.22040816326531 110.661
5.22448979591837 115.154
5.22857142857143 100.126
5.23265306122449 90.6901
5.23673469387755 73.3387
5.24081632653061 62.0988
5.24489795918367 53.8527
5.24897959183673 45.4165
5.2530612244898 38.667
5.25714285714286 32.7654
5.26122448979592 29.2408
5.26530612244898 24.3354
5.26938775510204 18.6118
5.2734693877551 11.9073
5.27755102040816 9.38024
5.28163265306122 9.91103
5.28571428571429 11.5523
5.28979591836735 21.1116
5.29387755102041 37.6609
5.29795918367347 54.5352
5.30204081632653 68.7459
5.30612244897959 85.8478
5.31020408163265 108.701
5.31428571428571 127.77
5.31836734693878 140.683
5.32244897959184 132.712
5.3265306122449 127.302
5.33061224489796 117.216
5.33469387755102 102.113
5.33877551020408 89.7309
5.34285714285714 81.1491
5.3469387755102 77.0324
5.35102040816327 74.0095
5.35510204081633 71.9456
5.35918367346939 66.4053
5.36326530612245 59.0556
5.36734693877551 53.5124
5.37142857142857 49.0082
5.37551020408163 45.7073
5.37959183673469 43.3805
5.38367346938776 46.204
5.38775510204082 55.3374
5.39183673469388 57.4612
5.39591836734694 61.4173
5.4 61.1176
5.40408163265306 55.3074
5.40816326530612 45.6527
5.41224489795918 42.3803
5.41632653061224 32.6469
5.42040816326531 20.9375
5.42448979591837 8.01265
5.42857142857143 4.97202
5.43265306122449 3.68289
5.43673469387755 2.18841
5.44081632653061 1.89544
5.44489795918367 1.70728
5.44897959183673 2.80159
5.4530612244898 5.36689
5.45714285714286 12.1094
5.46122448979592 17.1615
5.46530612244898 29.8075
5.46938775510204 34.6418
5.4734693877551 32.908
5.47755102040816 24.6482
5.48163265306122 15.3173
5.48571428571429 11.8958
5.48979591836735 11.6944
5.49387755102041 11.0751
5.49795918367347 13.3113
5.50204081632653 14.1931
5.50612244897959 16.339
5.51020408163265 23.0725
5.51428571428571 26.2026
5.51836734693878 26.8965
5.52244897959184 19.7298
5.5265306122449 16.9287
5.53061224489796 13.6525
5.53469387755102 4.24412
5.53877551020408 9.00694
5.54285714285714 8.88144
5.5469387755102 9.9792
5.55102040816327 12.4224
5.55510204081633 16.7716
5.55918367346939 17.3044
5.56326530612245 15.8424
5.56734693877551 12.8452
5.57142857142857 10.927
5.57551020408163 7.39252
5.57959183673469 7.88964
5.58367346938776 6.47396
5.58775510204082 9.14042
5.59183673469388 9.93898
5.59591836734694 12.8829
5.6 13.566
5.60408163265306 18.6635
5.60816326530612 18.7924
5.61224489795918 19.5007
5.61632653061224 22.5033
5.62040816326531 23.772
5.62448979591837 19.7715
5.62857142857143 21.3172
5.63265306122449 20.5293
5.63673469387755 24.7888
5.64081632653061 30.361
5.64489795918367 35.7228
5.64897959183673 42.1927
5.6530612244898 43.7461
5.65714285714286 45.8754
5.66122448979592 45.5378
5.66530612244898 41.9235
5.66938775510204 37.7299
5.6734693877551 33.2457
5.67755102040816 26.1741
5.68163265306122 18.5654
5.68571428571429 16.7065
5.68979591836735 30.6347
5.69387755102041 28.936
5.69795918367347 20.0319
5.70204081632653 6.38058
5.70612244897959 2.60446
5.71020408163265 5.48806
5.71428571428571 9.36133
5.71836734693878 11.6838
5.72244897959184 13.7856
5.7265306122449 30.3392
5.73061224489796 28.1945
5.73469387755102 47.7433
5.73877551020408 51.3878
5.74285714285714 52.3939
5.7469387755102 34.1061
5.75102040816327 31.4648
5.75510204081633 24.4352
5.75918367346939 28.1564
5.76326530612245 31.269
5.76734693877551 34.3847
5.77142857142857 33.1841
5.77551020408163 38.3756
5.77959183673469 49.3955
5.78367346938775 69.062
5.78775510204082 110.026
5.79183673469388 95.1247
5.79591836734694 74.6769
5.8 54.9668
5.80408163265306 35.7894
5.80816326530612 33.2696
5.81224489795918 29.2752
5.81632653061224 24.8651
5.82040816326531 22.8239
5.82448979591837 22.3094
5.82857142857143 25.1075
5.83265306122449 26.1842
5.83673469387755 27.3002
5.84081632653061 31.6809
5.84489795918367 39.4801
5.84897959183674 44.3788
5.8530612244898 47.1356
5.85714285714286 52.1184
5.86122448979592 51.4571
5.86530612244898 51.0808
5.86938775510204 54.9033
5.8734693877551 60.6598
5.87755102040816 63.858
5.88163265306122 62.6818
5.88571428571429 57.309
5.88979591836735 47.1734
5.89387755102041 39.2781
5.89795918367347 28.7253
5.90204081632653 23.6951
5.90612244897959 20.2075
5.91020408163265 14.2615
5.91428571428571 12.0378
5.91836734693878 9.29596
5.92244897959184 8.22538
5.9265306122449 7.74458
5.93061224489796 6.88394
5.93469387755102 22.2621
5.93877551020408 9.24901
5.94285714285714 58.4051
5.9469387755102 7.22504
5.95102040816327 39.1122
5.95510204081633 12.1638
5.95918367346939 39.5485
5.96326530612245 27.4828
5.96734693877551 43.5695
5.97142857142857 40.9865
5.97551020408163 39.2976
5.97959183673469 53.6143
5.98367346938775 21.2944
5.98775510204082 19.9317
5.99183673469388 24.1909
5.99591836734694 6.48835
6.0 11.6036
6.00408163265306 9.51947
6.00816326530612 12.352
6.01224489795918 24.3793
6.01632653061225 47.5175
6.02040816326531 46.6269
6.02448979591837 106.648
6.02857142857143 119.894
6.03265306122449 150.833
6.03673469387755 177.595
6.04081632653061 164.461
6.04489795918367 169.135
6.04897959183673 174.249
6.0530612244898 191.766
6.05714285714286 209.609
6.06122448979592 170.754
6.06530612244898 185.04
6.06938775510204 183.749
6.0734693877551 155.939
6.07755102040816 139.435
6.08163265306122 124.866
6.08571428571429 114.918
6.08979591836735 99.2319
6.09387755102041 86.1218
6.09795918367347 75.2547
6.10204081632653 65.7244
6.10612244897959 57.2574
6.11020408163265 60.5269
6.11428571428571 48.4915
6.11836734693878 61.2554
6.12244897959184 51.3708
6.1265306122449 37.0719
6.13061224489796 23.6056
6.13469387755102 26.2818
6.13877551020408 26.0841
6.14285714285714 24.8015
6.1469387755102 21.4216
6.15102040816326 17.2487
6.15510204081633 13.4152
6.15918367346939 11.6727
6.16326530612245 53.7013
6.16734693877551 107.518
6.17142857142857 89.9256
6.17551020408163 87.823
6.17959183673469 51.16
6.18367346938776 29.4479
6.18775510204082 43.0871
6.19183673469388 4.54329
6.19591836734694 12.1322
6.2 9.22292
6.20408163265306 3.37372
6.20816326530612 3.27727
6.21224489795918 3.03332
6.21632653061225 2.22049
6.22040816326531 0.995616
6.22448979591837 0.0386536
6.22857142857143 0.0
6.23265306122449 0.0
6.23673469387755 0.521809
6.24081632653061 0.00822544
6.24489795918367 0.762989
6.24897959183673 0.547906
6.2530612244898 8.17563
6.25714285714286 33.5032
6.26122448979592 39.3815
6.26530612244898 72.3611
6.26938775510204 59.113
6.2734693877551 27.2534
6.27755102040816 48.282
6.28163265306122 50.76
6.28571428571429 8.00864
6.28979591836735 32.8345
6.29387755102041 10.8048
6.29795918367347 3.83223
6.30204081632653 7.86653
6.30612244897959 12.461
6.31020408163265 10.9031
6.31428571428571 17.5545
6.31836734693878 5.93282
6.32244897959184 13.2126
6.3265306122449 9.93551
6.33061224489796 9.49425
6.33469387755102 10.271
6.33877551020408 9.87899
6.34285714285714 8.28095
6.3469387755102 10.782
6.35102040816327 14.5719
6.35510204081633 20.1732
6.35918367346939 29.6726
6.36326530612245 28.766
6.36734693877551 14.9944
6.37142857142857 67.7449
6.37551020408163 29.245
6.37959183673469 10.4586
6.38367346938776 30.1496
6.38775510204082 7.86318
6.39183673469388 15.9438
6.39591836734694 8.24773
6.4 3.23655
6.40408163265306 25.8503
6.40816326530612 0.350932
6.41224489795918 0.0
6.41632653061224 0.0
6.42040816326531 0.0
6.42448979591837 0.0
6.42857142857143 5.6295
6.43265306122449 0.0
6.43673469387755 20.6371
6.44081632653061 37.3459
6.44489795918367 15.2008
6.44897959183673 12.2403
6.4530612244898 19.3198
6.45714285714286 11.1599
6.46122448979592 16.9767
6.46530612244898 21.8691
6.46938775510204 23.1809
6.4734693877551 23.0031
6.47755102040816 20.7723
6.48163265306122 19.6148
6.48571428571429 71.7345
6.48979591836735 86.819
6.49387755102041 94.4831
6.49795918367347 92.1203
6.50204081632653 69.3539
6.50612244897959 51.3113
6.51020408163265 30.1852
6.51428571428571 20.4508
6.51836734693878 9.24619
6.52244897959184 2.45523
6.5265306122449 0.0
6.53061224489796 0.774711
6.53469387755102 7.78107
6.53877551020408 6.92802
6.54285714285714 24.5653
6.5469387755102 14.1067
6.55102040816327 19.6909
6.55510204081633 3.27977
6.55918367346939 0.0
6.56326530612245 0.367555
6.56734693877551 0.772101
6.57142857142857 1.18002
6.57551020408163 2.80867
6.57959183673469 32.7297
6.58367346938776 74.3379
6.58775510204082 87.2036
6.59183673469388 84.3362
6.59591836734694 88.5845
6.6 101.446
6.60408163265306 106.326
6.60816326530612 114.844
6.61224489795918 129.988
6.61632653061224 155.406
6.62040816326531 169.656
6.62448979591837 163.588
6.62857142857143 161.282
6.63265306122449 147.981
6.63673469387755 131.61
6.64081632653061 111.829
6.64489795918367 89.8744
6.64897959183673 70.6855
6.6530612244898 56.5578
6.65714285714286 46.7223
6.66122448979592 39.3884
6.66530612244898 32.0198
6.66938775510204 24.8488
6.6734693877551 18.7257
6.67755102040816 16.7921
6.68163265306122 16.7875
6.68571428571429 20.4141
6.68979591836735 15.5316
6.69387755102041 15.8951
6.69795918367347 7.99949
6.70204081632653 1.01233
6.70612244897959 0.688553
6.71020408163265 1.55179
6.71428571428571 2.33702
6.71836734693878 3.64147
6.72244897959184 4.44988
6.7265306122449 4.35083
6.73061224489796 4.28549
6.73469387755102 9.44882
6.73877551020408 15.6626
6.74285714285714 11.4733
6.7469387755102 12.973
6.75102040816327 5.49406
6.75510204081633 5.60121
6.75918367346939 6.03086
6.76326530612245 5.26055
6.76734693877551 3.83871
6.77142857142857 1.95716
6.77551020408163 21.873
6.77959183673469 9.63602
6.78367346938775 23.2323
6.78775510204082 14.9626
6.79183673469388 18.3983
6.79591836734694 14.5639
6.8 8.85099
6.80408163265306 4.22682
6.80816326530612 6.25626
6.81224489795918 8.28222
6.81632653061224 9.81885
6.82040816326531 9.71063
6.82448979591837 11.7276
6.82857142857143 0.595967
6.83265306122449 0.544985
6.83673469387755 1.12225
6.84081632653061 0.64229
6.84489795918367 1.52849
6.84897959183674 3.6173
6.8530612244898 3.76591
6.85714285714286 0.545653
6.86122448979592 19.9197
6.86530612244898 62.2422
6.86938775510204 137.485
6.8734693877551 179.513
6.87755102040816 199.305
6.88163265306122 184.588
6.88571428571429 161.599
6.88979591836735 139.055
6.89387755102041 111.272
6.89795918367347 83.2395
6.90204081632653 58.3101
6.90612244897959 36.265
6.91020408163265 23.8688
6.91428571428571 15.7676
6.91836734693878 12.1255
6.92244897959184 14.4926
6.9265306122449 23.7592
6.93061224489796 26.5589
6.93469387755102 28.0763
6.93877551020408 26.0422
6.94285714285714 20.9475
6.9469387755102 16.1495
6.95102040816327 10.9634
6.95510204081633 5.48258
6.95918367346939 3.10955
6.96326530612245 2.74642
6.96734693877551 3.05274
6.97142857142857 3.3178
6.97551020408163 2.94576
6.97959183673469 20.5648
6.98367346938775 32.5888
6.98775510204082 54.185
6.99183673469388 87.8841
6.99591836734694 93.3627
7.0 125.858
7.00408163265306 147.543
7.00816326530612 168.906
7.01224489795918 174.978
7.01632653061225 175.853
7.02040816326531 166.011
7.02448979591837 170.05
7.02857142857143 176.144
7.03265306122449 154.326
7.03673469387755 147.876
7.04081632653061 136.219
7.04489795918367 139.028
7.04897959183673 144.531
7.0530612244898 137.63
7.05714285714286 156.356
7.06122448979592 167.139
7.06530612244898 167.457
7.06938775510204 147.454
7.0734693877551 122.985
7.07755102040816 98.1473
7.08163265306122 70.4759
7.08571428571429 48.1206
7.08979591836735 31.2599
7.09387755102041 21.8924
7.09795918367347 14.0646
7.10204081632653 7.97499
7.10612244897959 7.43557
7.11020408163265 6.8851
7.11428571428571 5.49921
7.11836734693878 5.82177
7.12244897959184 9.42698
7.1265306122449 14.5259
7.13061224489796 12.3872
7.13469387755102 11.3991
7.13877551020408 11.7511
7.14285714285714 7.75912
7.1469387755102 4.63769
7.15102040816326 1.73783
7.15510204081633 1.0293
7.15918367346939 0.80656
7.16326530612245 1.01114
7.16734693877551 1.12823
7.17142857142857 1.64145
7.17551020408163 4.04621
7.17959183673469 6.03
7.18367346938776 9.22486
7.18775510204082 13.2657
7.19183673469388 16.5072
7.19591836734694 22.3133
7.2 19.6043
7.20408163265306 20.792
7.20816326530612 21.0699
7.21224489795918 20.9215
7.21632653061225 17.5127
7.22040816326531 18.7041
7.22448979591837 15.1962
7.22857142857143 21.5354
7.23265306122449 48.215
7.23673469387755 27.0484
7.24081632653061 19.0834
7.24489795918367 17.1893
7.24897959183673 13.1852
7.2530612244898 12.5334
7.25714285714286 13.2155
7.26122448979592 13.9241
7.26530612244898 13.4732
7.26938775510204 29.957
7.2734693877551 29.9366
7.27755102040816 29.6107
7.28163265306122 33.9804
7.28571428571429 12.3709
7.28979591836735 22.3451
7.29387755102041 8.02853
7.29795918367347 7.45317
7.30204081632653 7.26135
7.30612244897959 6.87867
7.31020408163265 6.41666
7.31428571428571 15.061
7.31836734693878 13.1854
7.32244897959184 14.9738
7.3265306122449 19.8534
7.33061224489796 23.3238
7.33469387755102 29.37
7.33877551020408 37.6193
7.34285714285714 65.155
7.3469387755102 66.2655
7.35102040816327 75.06
7.35510204081633 81.3935
7.35918367346939 85.6016
7.36326530612245 63.878
7.36734693877551 50.8153
7.37142857142857 35.2311
7.37551020408163 24.589
7.37959183673469 15.8772
7.38367346938776 7.77054
7.38775510204082 4.75596
7.39183673469388 4.62763
7.39591836734694 4.21408
7.4 4.05897
7.40408163265306 3.98513
7.40816326530612 76.2423
7.41224489795918 71.0791
7.41632653061224 51.7374
7.42040816326531 29.5212
7.42448979591837 59.3458
7.42857142857143 75.0469
7.43265306122449 26.1074
7.43673469387755 24.0908
7.44081632653061 42.6451
7.44489795918367 48.6996
7.44897959183673 66.653
7.4530612244898 43.8
7.45714285714286 55.4769
7.46122448979592 58.2683
7.46530612244898 55.3531
7.46938775510204 47.4523
7.4734693877551 50.8599
7.47755102040816 52.6943
7.48163265306122 54.4097
7.48571428571429 51.9041
7.48979591836735 50.067
7.49387755102041 50.6992
7.49795918367347 45.3182
7.50204081632653 74.1375
7.50612244897959 110.914
7.51020408163265 93.3603
7.51428571428571 82.0978
7.51836734693878 44.9477
7.52244897959184 33.6776
7.5265306122449 20.5483
7.53061224489796 11.6465
7.53469387755102 7.76199
7.53877551020408 4.48471
7.54285714285714 3.02209
7.5469387755102 2.76907
7.55102040816327 2.86073
7.55510204081633 3.94561
7.55918367346939 2.40501
7.56326530612245 13.082
7.56734693877551 17.0307
7.57142857142857 20.0787
7.57551020408163 17.3412
7.57959183673469 16.7456
7.58367346938776 0.23512
7.58775510204082 2.67295
7.59183673469388 14.5404
7.59591836734694 16.09
7.6 17.0537
7.60408163265306 22.3698
7.60816326530612 12.299
7.61224489795918 20.1535
7.61632653061224 7.95869
7.62040816326531 10.9921
7.62448979591837 5.3494
7.62857142857143 6.46834
7.63265306122449 18.092
7.63673469387755 0.0967185
7.64081632653061 0.0
7.64489795918367 9.60446
7.64897959183673 13.861
7.6530612244898 19.7468
7.65714285714286 22.828
7.66122448979592 0.884272
7.66530612244898 0.207497
7.66938775510204 0.221923
7.6734693877551 0.0
7.67755102040816 0.359592
7.68163265306122 2.53687
7.68571428571429 5.97952
7.68979591836735 10.6314
7.69387755102041 15.6829
7.69795918367347 22.7621
7.70204081632653 29.0772
7.70612244897959 30.8568
7.71020408163265 35.297
7.71428571428571 96.0211
7.71836734693878 290.703
7.72244897959184 285.809
7.7265306122449 239.866
7.73061224489796 324.343
7.73469387755102 293.801
7.73877551020408 275.301
7.74285714285714 262.0
7.7469387755102 236.189
7.75102040816327 203.843
7.75510204081633 179.272
7.75918367346939 151.504
7.76326530612245 115.726
7.76734693877551 94.9579
7.77142857142857 77.1672
7.77551020408163 62.3782
7.77959183673469 50.1742
7.78367346938775 37.6618
7.78775510204082 28.2595
7.79183673469388 19.9702
7.79591836734694 15.8796
7.8 13.5829
7.80408163265306 11.9576
7.80816326530612 9.21437
7.81224489795918 7.35115
7.81632653061224 5.6112
7.82040816326531 4.63052
7.82448979591837 10.5466
7.82857142857143 8.21703
7.83265306122449 14.8131
7.83673469387755 37.374
7.84081632653061 33.0217
7.84489795918367 57.7585
7.84897959183674 44.6653
7.8530612244898 34.9632
7.85714285714286 32.3132
7.86122448979592 25.3879
7.86530612244898 15.1523
7.86938775510204 1.83943
7.8734693877551 3.84915
7.87755102040816 9.70132
7.88163265306122 19.4821
7.88571428571429 38.8395
7.88979591836735 48.297
7.89387755102041 48.1777
7.89795918367347 37.9395
7.90204081632653 31.4797
7.90612244897959 24.1885
7.91020408163265 15.6626
7.91428571428571 10.8748
7.91836734693878 10.757
7.92244897959184 10.019
7.9265306122449 13.7185
7.93061224489796 18.1843
7.93469387755102 20.6685
7.93877551020408 28.0119
7.94285714285714 30.6127
7.9469387755102 27.2568
7.95102040816327 21.5392
7.95510204081633 14.1524
7.95918367346939 8.85767
7.96326530612245 6.19256
7.96734693877551 4.72482
7.97142857142857 3.82665
7.97551020408163 4.55615
7.97959183673469 6.02147
7.98367346938775 6.61476
7.98775510204082 6.18326
7.99183673469388 5.16646
7.99591836734694 8.52993
8.0 1.37356
8.00408163265306 5.72995
8.00816326530612 3.6903
8.01224489795918 7.52379
8.01632653061225 10.2235
8.02040816326531 9.68089
8.02448979591837 9.53621
8.02857142857143 9.39743
8.03265306122449 9.51958
8.03673469387755 42.6509
8.04081632653061 33.1666
8.04489795918367 23.6394
8.04897959183674 19.2672
8.0530612244898 35.1559
8.05714285714286 18.7485
8.06122448979592 13.4164
8.06530612244898 10.8188
8.06938775510204 8.79866
8.0734693877551 1.2291
8.07755102040816 1.85908
8.08163265306122 2.97157
8.08571428571429 2.54575
8.08979591836735 2.29597
8.09387755102041 0.856509
8.09795918367347 0.0
8.10204081632653 18.9099
8.10612244897959 6.9445
8.11020408163265 12.6005
8.11428571428571 1.94528
8.11836734693878 15.6583
8.12244897959184 6.76791
8.1265306122449 11.656
8.13061224489796 20.4615
8.13469387755102 39.7605
8.13877551020408 46.6648
8.14285714285714 54.5727
8.1469387755102 78.6404
8.15102040816327 90.3393
8.15510204081633 82.2912
8.15918367346939 94.1929
8.16326530612245 87.1226
8.16734693877551 94.0834
8.17142857142857 121.733
8.17551020408163 97.6243
8.17959183673469 103.305
8.18367346938776 92.327
8.18775510204082 101.336
8.19183673469388 91.5313
8.19591836734694 94.2566
8.2 81.5387
8.20408163265306 66.2831
8.20816326530612 53.3168
8.21224489795918 35.8228
8.21632653061224 23.8716
8.22040816326531 12.8053
8.22448979591837 9.70701
8.22857142857143 10.3786
8.23265306122449 10.7195
8.23673469387755 11.3186
8.24081632653061 11.0819
8.24489795918367 9.67875
8.24897959183673 6.92392
8.2530612244898 3.85423
8.25714285714286 1.67193
8.26122448979592 20.3171
8.26530612244898 18.4208
8.26938775510204 8.0057
8.2734693877551 2.54389
8.27755102040816 14.9628
8.28163265306122 4.72807
8.28571428571429 10.9726
8.28979591836735 1.32722
8.29387755102041 54.164
8.29795918367347 76.5526
8.30204081632653 118.198
8.30612244897959 114.61
8.31020408163265 114.348
8.31428571428571 101.686
8.31836734693877 93.869
8.32244897959184 82.0702
8.3265306122449 80.8092
8.33061224489796 80.5908
8.33469387755102 79.1039
8.33877551020408 73.7769
8.34285714285714 68.7693
8.3469387755102 64.6048
8.35102040816327 57.5497
8.35510204081633 47.4803
8.35918367346939 36.7673
8.36326530612245 25.7958
8.36734693877551 17.9197
8.37142857142857 14.0018
8.37551020408163 11.5482
8.37959183673469 9.9117
8.38367346938776 8.77552
8.38775510204082 7.40807
8.39183673469388 5.77036
8.39591836734694 4.09373
8.4 2.40731
8.40408163265306 1.05772
8.40816326530612 0.0782609
8.41224489795918 0.0
8.41632653061225 0.0
8.42040816326531 0.0
8.42448979591837 4.53552
8.42857142857143 4.06146
8.43265306122449 3.09308
8.43673469387755 0.299037
8.44081632653061 0.241915
8.44489795918367 0.0
8.44897959183673 0.0
8.4530612244898 1.02358
8.45714285714286 1.70329
8.46122448979592 1.48974
8.46530612244898 1.22949
8.46938775510204 4.7944
8.4734693877551 10.1498
8.47755102040816 15.9284
8.48163265306122 18.9078
8.48571428571429 18.688
8.48979591836735 16.7875
8.49387755102041 20.0187
8.49795918367347 25.2736
8.50204081632653 25.746
8.50612244897959 25.4634
8.51020408163265 21.0528
8.51428571428571 20.3117
8.51836734693878 16.5661
8.52244897959184 14.0935
8.5265306122449 12.7845
8.53061224489796 17.1083
8.53469387755102 24.1852
8.53877551020408 23.0273
8.54285714285714 23.0397
8.5469387755102 19.9058
8.55102040816327 17.8856
8.55510204081633 15.4109
8.55918367346939 19.1536
8.56326530612245 19.6878
8.56734693877551 16.5286
8.57142857142857 19.9291
8.57551020408163 23.0102
8.57959183673469 21.2597
8.58367346938775 23.4503
8.58775510204082 20.6277
8.59183673469388 18.3262
8.59591836734694 15.4256
8.6 13.6575
8.60408163265306 9.50332
8.60816326530612 6.11814
8.61224489795918 4.85304
8.61632653061224 3.36898
8.62040816326531 2.92589
8.62448979591837 3.38824
8.62857142857143 4.49063
8.63265306122449 26.4675
8.63673469387755 33.67
8.64081632653061 29.4512
8.64489795918367 21.8285
8.64897959183673 14.5529
8.6530612244898 6.82099
8.65714285714286 23.556
8.66122448979592 31.2205
8.66530612244898 33.4673
8.66938775510204 39.6277
8.6734693877551 34.0816
8.67755102040816 22.5504
8.68163265306123 13.1275
8.68571428571429 7.89565
8.68979591836735 4.07959
8.69387755102041 3.1591
8.69795918367347 3.70477
8.70204081632653 13.6524
8.70612244897959 45.2018
8.71020408163265 75.7884
8.71428571428571 98.9259
8.71836734693878 108.202
8.72244897959184 118.275
8.7265306122449 120.225
8.73061224489796 128.32
8.73469387755102 138.325
8.73877551020408 135.229
8.74285714285714 133.444
8.7469387755102 130.568
8.75102040816327 132.092
8.75510204081633 122.418
8.75918367346939 131.965
8.76326530612245 135.077
8.76734693877551 135.399
8.77142857142857 126.267
8.77551020408163 115.717
8.77959183673469 104.554
8.78367346938776 93.6225
8.78775510204082 80.2603
8.79183673469388 67.7602
8.79591836734694 55.6214
8.8 45.7255
8.80408163265306 36.864
8.80816326530612 36.3537
8.81224489795918 35.7528
8.81632653061224 36.5961
8.82040816326531 36.3522
8.82448979591837 39.7557
8.82857142857143 42.9835
8.83265306122449 46.7649
8.83673469387755 50.6845
8.84081632653061 57.2469
8.84489795918367 60.7987
8.84897959183673 58.4796
8.8530612244898 51.9051
8.85714285714286 61.749
8.86122448979592 62.5094
8.86530612244898 55.4082
8.86938775510204 45.989
8.8734693877551 36.1922
8.87755102040816 28.114
8.88163265306122 21.0749
8.88571428571429 14.1984
8.88979591836735 10.2919
8.89387755102041 7.16829
8.89795918367347 3.61751
8.90204081632653 2.35115
8.90612244897959 2.59844
8.91020408163265 3.80288
8.91428571428571 4.86062
8.91836734693878 5.96021
8.92244897959184 7.47512
8.9265306122449 12.3257
8.93061224489796 16.5411
8.93469387755102 19.9942
8.93877551020408 20.7278
8.94285714285714 20.0116
8.9469387755102 17.9191
8.95102040816326 15.1457
8.95510204081633 18.4896
8.95918367346939 19.4694
8.96326530612245 19.9858
8.96734693877551 21.642
8.97142857142857 22.735
8.97551020408163 22.7605
8.97959183673469 22.4021
8.98367346938775 22.6947
8.98775510204082 20.1151
8.99183673469388 18.261
8.99591836734694 16.2407
9.0 13.6334
9.00408163265306 14.1448
9.00816326530612 14.0075
9.01224489795918 12.1211
9.01632653061225 9.95223
9.02040816326531 7.34785
9.02448979591837 6.61163
9.02857142857143 5.6892
9.03265306122449 6.74717
9.03673469387755 7.40763
9.04081632653061 7.73154
9.04489795918367 6.55379
9.04897959183674 8.60639
9.0530612244898 4.10542
9.05714285714286 3.62042
9.06122448979592 3.10956
9.06530612244898 4.06414
9.06938775510204 4.83357
9.0734693877551 5.87533
9.07755102040816 6.10201
9.08163265306122 6.40062
9.08571428571429 8.95286
9.08979591836735 8.96704
9.09387755102041 8.27162
9.09795918367347 8.69352
9.10204081632653 6.96263
9.10612244897959 9.23686
9.11020408163265 7.99284
9.11428571428571 8.12744
9.11836734693878 6.90098
9.12244897959184 4.71576
9.1265306122449 3.59803
9.13061224489796 2.22492
9.13469387755102 2.48494
9.13877551020408 2.86842
9.14285714285714 2.8247
9.1469387755102 3.2979
9.15102040816327 7.01095
9.15510204081633 24.7718
9.15918367346939 49.9567
9.16326530612245 56.2281
9.16734693877551 77.7244
9.17142857142857 80.4026
9.17551020408163 84.8962
9.17959183673469 88.9622
9.18367346938776 90.9775
9.18775510204082 79.9201
9.19183673469388 88.274
9.19591836734694 91.0904
9.2 89.6183
9.20408163265306 91.6715
9.20816326530612 89.9797
9.21224489795918 78.7595
9.21632653061224 72.0992
9.22040816326531 61.0929
9.22448979591837 51.9668
9.22857142857143 43.44
9.23265306122449 32.0654
9.23673469387755 23.3516
9.24081632653061 16.5552
9.24489795918367 8.98104
9.24897959183673 34.9679
9.2530612244898 44.823
9.25714285714286 38.9972
9.26122448979592 35.6712
9.26530612244898 32.0513
9.26938775510204 13.816
9.2734693877551 7.99453
9.27755102040816 8.10163
9.28163265306122 7.88216
9.28571428571429 6.87022
9.28979591836735 5.543
9.29387755102041 4.48046
9.29795918367347 3.03055
9.30204081632653 1.54891
9.30612244897959 2.54977
9.31020408163265 1.11461
9.31428571428571 3.1797
9.31836734693877 20.0202
9.32244897959184 10.5592
9.3265306122449 7.66434
9.33061224489796 3.39884
9.33469387755102 2.47789
9.33877551020408 1.18477
9.34285714285714 7.05807
9.3469387755102 10.0535
9.35102040816327 13.0079
9.35510204081633 14.6614
9.35918367346939 37.0467
9.36326530612245 22.3184
9.36734693877551 35.3935
9.37142857142857 26.532
9.37551020408163 34.8263
9.37959183673469 29.1636
9.38367346938776 23.285
9.38775510204082 14.0686
9.39183673469388 3.55993
9.39591836734694 18.5259
9.4 2.71141
9.40408163265306 1.94963
9.40816326530612 4.6881
9.41224489795918 4.67163
9.41632653061225 8.39687
9.42040816326531 15.9901
9.42448979591837 9.69866
9.42857142857143 22.3878
9.43265306122449 90.3582
9.43673469387755 82.6537
9.44081632653061 119.703
9.44489795918367 200.094
9.44897959183673 233.154
9.4530612244898 243.735
9.45714285714286 253.736
9.46122448979592 204.592
9.46530612244898 176.823
9.46938775510204 140.333
9.4734693877551 107.38
9.47755102040816 71.2668
9.48163265306122 47.2639
9.48571428571429 31.1209
9.48979591836735 22.0174
9.49387755102041 10.791
9.49795918367347 4.34923
9.50204081632653 3.14421
9.50612244897959 2.39949
9.51020408163265 2.04342
9.51428571428571 17.4839
9.51836734693878 67.7717
9.52244897959184 73.9793
9.5265306122449 63.1754
9.53061224489796 46.6106
9.53469387755102 26.2056
9.53877551020408 15.9071
9.54285714285714 8.57439
9.5469387755102 0.0863373
9.55102040816327 0.554879
9.55510204081633 0.190556
9.55918367346939 0.0
9.56326530612245 1.10811
9.56734693877551 2.95383
9.57142857142857 0.554383
9.57551020408163 2.08847
9.57959183673469 3.89693
9.58367346938775 8.19491
9.58775510204082 13.672
9.59183673469388 29.4612
9.59591836734694 60.9601
9.6 68.8253
9.60408163265306 83.6891
9.60816326530612 77.125
9.61224489795918 75.7291
9.61632653061224 71.6766
9.62040816326531 62.4516
9.62448979591837 52.7101
9.62857142857143 45.7619
9.63265306122449 42.7003
9.63673469387755 36.84
9.64081632653061 31.2704
9.64489795918367 27.1225
9.64897959183673 24.8124
9.6530612244898 24.2965
9.65714285714286 24.8956
9.66122448979592 24.6462
9.66530612244898 22.7676
9.66938775510204 20.6144
9.6734693877551 24.0008
9.67755102040816 22.3826
9.68163265306123 14.3285
9.68571428571429 32.7574
9.68979591836735 31.1245
9.69387755102041 25.3605
9.69795918367347 23.2852
9.70204081632653 25.2344
9.70612244897959 23.0048
9.71020408163265 20.8767
9.71428571428571 19.465
9.71836734693878 18.6931
9.72244897959184 13.605
9.7265306122449 10.009
9.73061224489796 7.52143
9.73469387755102 6.35233
9.73877551020408 6.44895
9.74285714285714 9.72003
9.7469387755102 22.583
9.75102040816327 7.29917
9.75510204081633 7.90009
9.75918367346939 19.5589
9.76326530612245 8.76267
9.76734693877551 8.24402
9.77142857142857 6.28824
9.77551020408163 29.3752
9.77959183673469 11.9525
9.78367346938776 2.9535
9.78775510204082 6.48295
9.79183673469388 2.9979
9.79591836734694 37.5459
9.8 6.19645
9.80408163265306 11.0219
9.80816326530612 17.1003
9.81224489795918 16.622
9.81632653061224 16.3094
9.82040816326531 8.40983
9.82448979591837 7.07214
9.82857142857143 7.30728
9.83265306122449 8.4201
9.83673469387755 5.94765
9.84081632653061 7.26936
9.84489795918367 6.54464
9.84897959183673 5.75307
9.8530612244898 5.72276
9.85714285714286 13.0932
9.86122448979592 28.9624
9.86530612244898 29.4529
9.86938775510204 133.998
9.8734693877551 95.7337
9.87755102040816 78.2559
9.88163265306122 89.1862
9.88571428571429 74.3019
9.88979591836735 72.2486
9.89387755102041 71.0109
9.89795918367347 62.7115
9.90204081632653 51.5091
9.90612244897959 43.7453
9.91020408163265 40.1238
9.91428571428571 34.1719
9.91836734693878 27.1459
9.92244897959184 18.1256
9.9265306122449 8.05389
9.93061224489796 4.23152
9.93469387755102 3.62299
9.93877551020408 4.17881
9.94285714285714 2.94155
9.9469387755102 1.94283
9.95102040816326 1.93256
9.95510204081633 3.30138
9.95918367346939 3.72082
9.96326530612245 8.3254
9.96734693877551 2.97675
9.97142857142857 5.58903
9.97551020408163 2.69077
9.97959183673469 11.5444
9.98367346938775 10.0746
9.98775510204082 91.334
9.99183673469388 16.6285
9.99591836734694 91.0476
10.0 117.933
10.0040816326531 140.247
10.0081632653061 158.435
10.0122448979592 166.756
10.0163265306122 178.792
10.0204081632653 166.983
10.0244897959184 150.613
10.0285714285714 119.797
10.0326530612245 109.584
10.0367346938776 83.2394
10.0408163265306 70.8535
10.0448979591837 56.2945
10.0489795918367 48.2366
10.0530612244898 41.3152
10.0571428571429 37.9466
10.0612244897959 33.118
10.065306122449 27.4373
10.069387755102 21.5829
10.0734693877551 14.7491
10.0775510204082 7.84582
10.0816326530612 3.05574
10.0857142857143 0.201782
10.0897959183673 0.0
10.0938775510204 0.0
10.0979591836735 56.7365
10.1020408163265 32.0381
10.1061224489796 35.4664
10.1102040816327 21.2518
10.1142857142857 25.3517
10.1183673469388 8.8065
10.1224489795918 1.84751
10.1265306122449 1.8819
10.130612244898 1.50802
10.134693877551 0.913262
10.1387755102041 12.915
10.1428571428571 5.70838
10.1469387755102 9.09263
10.1510204081633 11.7419
10.1551020408163 12.2254
10.1591836734694 10.9589
10.1632653061224 15.0636
10.1673469387755 21.7938
10.1714285714286 47.3008
10.1755102040816 17.8065
10.1795918367347 28.5177
10.1836734693878 11.6693
10.1877551020408 12.3214
10.1918367346939 5.44469
10.1959183673469 5.03845
10.2 5.62813
10.2040816326531 3.65052
10.2081632653061 3.63728
10.2122448979592 2.42317
10.2163265306122 2.09906
10.2204081632653 1.15588
10.2244897959184 0.794904
10.2285714285714 0.69897
10.2326530612245 0.954113
10.2367346938776 1.92398
10.2408163265306 17.103
10.2448979591837 19.3764
10.2489795918367 30.0719
10.2530612244898 23.5361
10.2571428571429 23.6909
10.2612244897959 31.5451
10.265306122449 20.527
10.269387755102 34.5971
10.2734693877551 19.8519
10.2775510204082 20.5397
10.2816326530612 12.4638
10.2857142857143 15.1462
10.2897959183673 28.576
10.2938775510204 44.6716
10.2979591836735 43.5901
10.3020408163265 46.4659
10.3061224489796 47.8625
10.3102040816327 47.7488
10.3142857142857 44.2178
10.3183673469388 39.1038
10.3224489795918 91.9345
10.3265306122449 71.1994
10.330612244898 82.5031
10.334693877551 66.8731
10.3387755102041 51.1428
10.3428571428571 44.2237
10.3469387755102 25.3202
10.3510204081633 25.4738
10.3551020408163 22.5895
10.3591836734694 18.7153
10.3632653061224 20.6133
10.3673469387755 28.1178
10.3714285714286 28.7773
10.3755102040816 32.6442
10.3795918367347 35.7768
10.3836734693878 36.7471
10.3877551020408 35.4309
10.3918367346939 32.3212
10.3959183673469 27.1891
10.4 27.8137
10.4040816326531 40.2822
10.4081632653061 44.928
10.4122448979592 42.0784
10.4163265306122 48.9903
10.4204081632653 131.384
10.4244897959184 224.818
10.4285714285714 153.954
10.4326530612245 219.759
10.4367346938776 198.113
10.4408163265306 207.604
10.4448979591837 192.758
10.4489795918367 176.57
10.4530612244898 171.813
10.4571428571429 181.797
10.4612244897959 178.607
10.465306122449 165.029
10.469387755102 160.425
10.4734693877551 143.399
10.4775510204082 143.319
10.4816326530612 130.447
10.4857142857143 114.047
10.4897959183673 101.398
10.4938775510204 89.0843
10.4979591836735 79.478
10.5020408163265 67.6234
10.5061224489796 60.067
10.5102040816327 52.7847
10.5142857142857 46.4181
10.5183673469388 41.2062
10.5224489795918 36.9336
10.5265306122449 33.471
10.530612244898 29.0469
10.534693877551 24.27
10.5387755102041 22.0419
10.5428571428571 20.7784
10.5469387755102 18.9052
10.5510204081633 15.7294
10.5551020408163 18.5966
10.5591836734694 22.0358
10.5632653061224 18.5455
10.5673469387755 19.986
10.5714285714286 18.8938
10.5755102040816 13.2597
10.5795918367347 14.4779
10.5836734693878 14.4221
10.5877551020408 13.8042
10.5918367346939 19.6513
10.5959183673469 33.3531
10.6 36.9572
10.6040816326531 34.6008
10.6081632653061 29.5227
10.6122448979592 22.7238
10.6163265306122 13.9622
10.6204081632653 7.57206
10.6244897959184 1.5819
10.6285714285714 2.42427
10.6326530612245 4.35536
10.6367346938776 6.67698
10.6408163265306 8.5388
10.6448979591837 7.60955
10.6489795918367 7.75473
10.6530612244898 8.80799
10.6571428571429 6.24262
10.6612244897959 2.75876
10.665306122449 6.05206
10.669387755102 3.89119
10.6734693877551 3.99661
10.6775510204082 4.24694
10.6816326530612 4.89235
10.6857142857143 4.9257
10.6897959183673 5.66695
10.6938775510204 6.91139
10.6979591836735 5.11357
10.7020408163265 3.67907
10.7061224489796 2.41861
10.7102040816327 0.0
10.7142857142857 0.0
10.7183673469388 0.0
10.7224489795918 0.350873
10.7265306122449 2.65938
10.730612244898 5.17614
10.734693877551 10.6928
10.7387755102041 14.6582
10.7428571428571 21.2989
10.7469387755102 23.2002
10.7510204081633 22.6161
10.7551020408163 23.5532
10.7591836734694 21.12
10.7632653061224 20.3641
10.7673469387755 12.8381
10.7714285714286 13.1727
10.7755102040816 10.4189
10.7795918367347 10.5089
10.7836734693878 12.3302
10.7877551020408 11.5211
10.7918367346939 9.62981
10.7959183673469 9.02419
10.8 7.27412
10.8040816326531 5.47392
10.8081632653061 3.22496
10.8122448979592 2.15197
10.8163265306122 2.34732
10.8204081632653 6.17896
10.8244897959184 8.86103
10.8285714285714 11.5947
10.8326530612245 13.2171
10.8367346938776 14.0643
10.8408163265306 12.7608
10.8448979591837 10.4489
10.8489795918367 11.4258
10.8530612244898 5.93858
10.8571428571429 9.54161
10.8612244897959 5.71116
10.865306122449 10.926
10.869387755102 9.63802
10.8734693877551 10.8281
10.8775510204082 16.9244
10.8816326530612 21.8643
10.8857142857143 25.4826
10.8897959183673 42.4026
10.8938775510204 62.1978
10.8979591836735 78.7155
10.9020408163265 85.7929
10.9061224489796 94.8128
10.9102040816327 97.0855
10.9142857142857 98.2583
10.9183673469388 100.628
10.9224489795918 102.748
10.9265306122449 99.8789
10.930612244898 92.6447
10.934693877551 88.6334
10.9387755102041 72.4185
10.9428571428571 64.7255
10.9469387755102 53.5922
10.9510204081633 46.9199
10.9551020408163 43.3647
10.9591836734694 41.0164
10.9632653061224 37.6389
10.9673469387755 35.7069
10.9714285714286 34.3774
10.9755102040816 34.0208
10.9795918367347 33.0176
10.9836734693878 30.1412
10.9877551020408 31.4092
10.9918367346939 25.9453
10.9959183673469 23.7981
11.0 17.273
11.0040816326531 14.8399
11.0081632653061 11.617
11.0122448979592 9.54559
11.0163265306122 7.27704
11.0204081632653 3.89086
11.0244897959184 2.07977
11.0285714285714 0.0703136
11.0326530612245 0.0
11.0367346938776 0.0
11.0408163265306 0.101447
11.0448979591837 1.16351
11.0489795918367 31.9074
11.0530612244898 3.1655
11.0571428571429 42.7139
11.0612244897959 20.8244
11.065306122449 46.9313
11.069387755102 0.866155
11.0734693877551 80.3564
11.0775510204082 38.8392
11.0816326530612 23.0337
11.0857142857143 7.97949
11.0897959183673 15.4545
11.0938775510204 59.1726
11.0979591836735 6.09507
11.1020408163265 40.8757
11.1061224489796 26.2093
11.1102040816327 30.9128
11.1142857142857 32.1446
11.1183673469388 20.4063
11.1224489795918 19.1298
11.1265306122449 26.2585
11.130612244898 8.60779
11.134693877551 15.5064
11.1387755102041 10.065
11.1428571428571 80.8928
11.1469387755102 47.8946
11.1510204081633 96.6329
11.1551020408163 148.288
11.1591836734694 237.363
11.1632653061224 135.836
11.1673469387755 201.192
11.1714285714286 214.356
11.1755102040816 217.48
11.1795918367347 214.776
11.1836734693878 196.456
11.1877551020408 183.977
11.1918367346939 160.259
11.1959183673469 138.936
11.2 117.447
11.2040816326531 99.1571
11.2081632653061 77.2171
11.2122448979592 60.7177
11.2163265306122 47.1199
11.2204081632653 35.8404
11.2244897959184 34.2224
11.2285714285714 29.5998
11.2326530612245 27.202
11.2367346938776 27.7951
11.2408163265306 23.1847
11.2448979591837 30.4215
11.2489795918367 33.644
11.2530612244898 34.7052
11.2571428571429 38.515
11.2612244897959 35.2361
11.265306122449 30.292
11.269387755102 28.0779
11.2734693877551 29.335
11.2775510204082 28.0085
11.2816326530612 24.445
11.2857142857143 20.3641
11.2897959183673 17.2783
11.2938775510204 12.6434
11.2979591836735 8.28195
11.3020408163265 3.55633
11.3061224489796 0.0
11.3102040816327 0.0
11.3142857142857 0.527064
11.3183673469388 4.42322
11.3224489795918 2.54822
11.3265306122449 5.08201
11.330612244898 5.52034
11.334693877551 5.28981
11.3387755102041 3.06934
11.3428571428571 2.95071
11.3469387755102 0.83671
11.3510204081633 0.0
11.3551020408163 0.0
11.3591836734694 0.0
11.3632653061224 0.0
11.3673469387755 1.07625
11.3714285714286 5.95015
11.3755102040816 7.20458
11.3795918367347 10.3901
11.3836734693878 11.7687
11.3877551020408 13.791
11.3918367346939 13.0254
11.3959183673469 9.69459
11.4 5.61593
11.4040816326531 4.95315
11.4081632653061 2.94624
11.4122448979592 1.4047
11.4163265306122 0.95878
11.4204081632653 0.124435
11.4244897959184 0.370244
11.4285714285714 0.467956
11.4326530612245 0.377754
11.4367346938776 0.137468
11.4408163265306 0.0647704
11.4448979591837 2.72632
11.4489795918367 4.43487
11.4530612244898 5.20878
11.4571428571429 4.96888
11.4612244897959 5.11486
11.465306122449 4.64451
11.469387755102 3.80212
11.4734693877551 2.42613
11.4775510204082 3.07045
11.4816326530612 3.71237
11.4857142857143 7.18786
11.4897959183673 7.20831
11.4938775510204 9.14831
11.4979591836735 10.745
11.5020408163265 10.9196
11.5061224489796 11.0062
11.5102040816327 10.9063
11.5142857142857 12.3122
11.5183673469388 15.4512
11.5224489795918 15.1359
11.5265306122449 13.5917
11.530612244898 11.2901
11.534693877551 8.31057
11.5387755102041 5.1764
11.5428571428571 3.25586
11.5469387755102 5.33114
11.5510204081633 9.67049
11.5551020408163 14.4553
11.5591836734694 15.3603
11.5632653061224 15.5746
11.5673469387755 14.6713
11.5714285714286 12.5284
11.5755102040816 11.122
11.5795918367347 14.3903
11.5836734693878 17.9333
11.5877551020408 19.5454
11.5918367346939 21.1141
11.5959183673469 61.6805
11.6 106.476
11.6040816326531 104.254
11.6081632653061 120.115
11.6122448979592 107.583
11.6163265306122 113.784
11.6204081632653 106.494
11.6244897959184 79.0132
11.6285714285714 65.1368
11.6326530612245 54.9374
11.6367346938776 49.6433
11.6408163265306 39.3412
11.6448979591837 28.6691
11.6489795918367 18.0747
11.6530612244898 10.2451
11.6571428571429 6.59263
11.6612244897959 12.9811
11.665306122449 8.46404
11.669387755102 3.97621
11.6734693877551 3.2904
11.6775510204082 2.80014
11.6816326530612 1.78472
11.6857142857143 2.30037
11.6897959183673 3.45417
11.6938775510204 4.69458
11.6979591836735 6.58249
11.7020408163265 7.2157
11.7061224489796 6.50341
11.7102040816327 6.66118
11.7142857142857 12.9991
11.7183673469388 12.618
11.7224489795918 15.8909
11.7265306122449 37.2374
11.730612244898 30.4322
11.734693877551 42.1481
11.7387755102041 88.6316
11.7428571428571 117.515
11.7469387755102 100.902
11.7510204081633 99.265
11.7551020408163 117.127
11.7591836734694 144.877
11.7632653061224 143.453
11.7673469387755 136.602
11.7714285714286 124.409
11.7755102040816 108.999
11.7795918367347 90.4499
11.7836734693878 70.2202
11.7877551020408 50.5188
11.7918367346939 31.2627
11.7959183673469 17.6996
11.8 8.83341
11.8040816326531 0.868559
11.8081632653061 0.0
11.8122448979592 0.0
11.8163265306122 0.0
11.8204081632653 0.0
11.8244897959184 0.0
11.8285714285714 0.0
11.8326530612245 0.0
11.8367346938776 0.0
11.8408163265306 0.0
11.8448979591837 0.24116
11.8489795918367 1.63732
11.8530612244898 0.851733
11.8571428571429 7.477
11.8612244897959 14.9972
11.865306122449 15.7272
11.869387755102 26.0262
11.8734693877551 31.6842
11.8775510204082 24.4131
11.8816326530612 18.6274
11.8857142857143 13.7374
11.8897959183673 10.7311
11.8938775510204 7.12595
11.8979591836735 4.798
11.9020408163265 3.55039
11.9061224489796 4.15629
11.9102040816327 5.51689
11.9142857142857 5.59235
11.9183673469388 6.3925
11.9224489795918 5.60441
11.9265306122449 7.99228
11.930612244898 13.2344
11.934693877551 19.3079
11.9387755102041 22.5878
11.9428571428571 30.2656
11.9469387755102 21.9783
11.9510204081633 18.7297
11.9551020408163 17.0016
11.9591836734694 10.5803
11.9632653061224 7.09249
11.9673469387755 7.3491
11.9714285714286 7.75898
11.9755102040816 7.76744
11.9795918367347 8.76799
11.9836734693878 20.9736
11.9877551020408 40.0545
11.9918367346939 70.5646
11.9959183673469 82.9496
12.0 101.138
12.0040816326531 111.195
12.0081632653061 108.097
12.0122448979592 103.732
12.0163265306122 92.9615
12.0204081632653 89.6966
12.0244897959184 78.6825
12.0285714285714 71.1024
12.0326530612245 64.0985
12.0367346938776 59.8248
12.0408163265306 60.2327
12.0448979591837 60.8056
12.0489795918367 59.0267
12.0530612244898 54.2435
12.0571428571429 51.6953
12.0612244897959 51.2089
12.065306122449 44.9911
12.069387755102 37.6705
12.0734693877551 36.4055
12.0775510204082 34.4607
12.0816326530612 29.8668
12.0857142857143 26.5286
12.0897959183673 26.6451
12.0938775510204 26.2296
12.0979591836735 28.1086
12.1020408163265 31.4967
12.1061224489796 30.8924
12.1102040816327 29.6683
12.1142857142857 30.4208
12.1183673469388 23.517
12.1224489795918 19.724
12.1265306122449 19.015
12.130612244898 68.329
12.134693877551 73.2556
12.1387755102041 97.6515
12.1428571428571 193.534
12.1469387755102 195.043
12.1510204081633 211.213
12.1551020408163 199.551
12.1591836734694 192.055
12.1632653061224 173.335
12.1673469387755 161.215
12.1714285714286 159.833
12.1755102040816 141.172
12.1795918367347 139.032
12.1836734693878 137.093
12.1877551020408 128.43
12.1918367346939 115.307
12.1959183673469 99.2025
12.2 84.4983
12.2040816326531 68.3592
12.2081632653061 54.0277
12.2122448979592 38.5159
12.2163265306122 23.942
12.2204081632653 15.8216
12.2244897959184 14.4724
12.2285714285714 17.8292
12.2326530612245 20.6667
12.2367346938776 18.4007
12.2408163265306 17.5105
12.2448979591837 12.5599
12.2489795918367 10.613
12.2530612244898 10.6866
12.2571428571429 10.7393
12.2612244897959 10.2803
12.265306122449 9.07113
12.269387755102 7.32859
12.2734693877551 6.67316
12.2775510204082 5.2643
12.2816326530612 3.95662
12.2857142857143 3.2438
12.2897959183673 2.70428
12.2938775510204 2.03218
12.2979591836735 1.97694
12.3020408163265 2.60216
12.3061224489796 4.75605
12.3102040816327 5.39463
12.3142857142857 6.3439
12.3183673469388 6.23421
12.3224489795918 6.36491
12.3265306122449 15.7198
12.330612244898 19.8255
12.334693877551 20.161
12.3387755102041 19.3421
12.3428571428571 15.3978
12.3469387755102 15.6601
12.3510204081633 15.8292
12.3551020408163 17.3652
12.3591836734694 16.2471
12.3632653061224 24.9032
12.3673469387755 27.6216
12.3714285714286 29.6714
12.3755102040816 27.4647
12.3795918367347 20.497
12.3836734693878 17.1176
12.3877551020408 12.8794
12.3918367346939 10.8561
12.3959183673469 7.58124
12.4 9.48757
12.4040816326531 10.0184
12.4081632653061 9.28437
12.4122448979592 10.4125
12.4163265306122 9.00348
12.4204081632653 11.2229
12.4244897959184 10.0964
12.4285714285714 14.2169
12.4326530612245 9.39512
12.4367346938776 15.7254
12.4408163265306 11.9065
12.4448979591837 11.5865
12.4489795918367 12.7122
12.4530612244898 13.7482
12.4571428571429 13.3467
12.4612244897959 13.6735
12.465306122449 15.6519
12.469387755102 15.8711
12.4734693877551 14.1214
12.4775510204082 10.8284
12.4816326530612 7.96016
12.4857142857143 4.59687
12.4897959183673 5.01
12.4938775510204 3.45968
12.4979591836735 2.76002
12.5020408163265 2.69318
12.5061224489796 3.27688
12.5102040816327 7.84537
12.5142857142857 10.4836
12.5183673469388 13.6318
12.5224489795918 10.7425
12.5265306122449 13.289
12.530612244898 10.6983
12.534693877551 11.4566
12.5387755102041 12.0725
12.5428571428571 11.2376
12.5469387755102 12.9224
12.5510204081633 12.8371
12.5551020408163 16.1833
12.5591836734694 37.0195
12.5632653061224 56.3255
12.5673469387755 73.0481
12.5714285714286 67.3507
12.5755102040816 81.3243
12.5795918367347 89.9133
12.5836734693878 107.646
12.5877551020408 114.475
12.5918367346939 117.361
12.5959183673469 112.757
12.6 102.782
12.6040816326531 91.8852
12.6081632653061 80.0029
12.6122448979592 69.5587
12.6163265306122 60.1872
12.6204081632653 48.0336
12.6244897959184 35.4583
12.6285714285714 29.0659
12.6326530612245 22.4794
12.6367346938776 16.5925
12.6408163265306 10.5399
12.6448979591837 23.8855
12.6489795918367 27.0587
12.6530612244898 20.2347
12.6571428571429 10.5979
12.6612244897959 9.57847
12.665306122449 14.1793
12.669387755102 13.5343
12.6734693877551 14.5758
12.6775510204082 8.43068
12.6816326530612 6.27344
12.6857142857143 2.04481
12.6897959183673 2.27039
12.6938775510204 2.99983
12.6979591836735 3.67932
12.7020408163265 3.75433
12.7061224489796 3.06385
12.7102040816327 0.461583
12.7142857142857 0.609472
12.7183673469388 0.0
12.7224489795918 0.0
12.7265306122449 0.0
12.730612244898 0.0
12.734693877551 0.0
12.7387755102041 1.78506
12.7428571428571 9.15508
12.7469387755102 11.562
12.7510204081633 19.011
12.7551020408163 8.0358
12.7591836734694 1.69871
12.7632653061224 1.25684
12.7673469387755 1.13742
12.7714285714286 10.8522
12.7755102040816 13.1585
12.7795918367347 16.8272
12.7836734693878 24.0194
12.7877551020408 34.0977
12.7918367346939 55.9134
12.7959183673469 85.3263
12.8 80.6544
12.8040816326531 83.0986
12.8081632653061 45.6329
12.8122448979592 50.9753
12.8163265306122 48.1473
12.8204081632653 30.5921
12.8244897959184 89.8425
12.8285714285714 49.3128
12.8326530612245 233.304
12.8367346938776 282.522
12.8408163265306 290.212
12.8448979591837 338.535
12.8489795918367 338.483
12.8530612244898 312.003
12.8571428571429 284.543
12.8612244897959 260.728
12.865306122449 238.67
12.869387755102 208.225
12.8734693877551 193.081
12.8775510204082 171.681
12.8816326530612 145.762
12.8857142857143 125.922
12.8897959183673 111.665
12.8938775510204 99.468
12.8979591836735 85.9289
12.9020408163265 71.5081
12.9061224489796 56.1249
12.9102040816327 42.5568
12.9142857142857 30.7808
12.9183673469388 22.8647
12.9224489795918 15.87
12.9265306122449 11.0941
12.930612244898 10.7305
12.934693877551 10.5277
12.9387755102041 9.6993
12.9428571428571 8.81776
12.9469387755102 16.0986
12.9510204081633 71.2169
12.9551020408163 54.7291
12.9591836734694 53.4139
12.9632653061224 50.4881
12.9673469387755 40.7511
12.9714285714286 14.8697
12.9755102040816 20.1764
12.9795918367347 17.3865
12.9836734693878 6.43484
12.9877551020408 0.0
12.9918367346939 0.988739
12.9959183673469 0.0
13.0 0.741437
13.0040816326531 0.0
13.0081632653061 0.0
13.0122448979592 0.0
13.0163265306122 3.73117
13.0204081632653 7.19729
13.0244897959184 7.08548
13.0285714285714 4.87901
13.0326530612245 5.27579
13.0367346938776 4.68927
13.0408163265306 54.8874
13.0448979591837 52.7148
13.0489795918367 85.7294
13.0530612244898 49.2402
13.0571428571429 49.2239
13.0612244897959 47.1298
13.065306122449 16.3486
13.069387755102 14.1103
13.0734693877551 53.0006
13.0775510204082 32.6243
13.0816326530612 5.49634
13.0857142857143 7.12834
13.0897959183673 23.917
13.0938775510204 5.36387
13.0979591836735 2.50309
13.1020408163265 2.3681
13.1061224489796 1.61758
13.1102040816327 0.948871
13.1142857142857 5.53735
13.1183673469388 2.33891
13.1224489795918 5.08992
13.1265306122449 16.6678
13.130612244898 14.6742
13.134693877551 18.0228
13.1387755102041 19.1109
13.1428571428571 23.1496
13.1469387755102 12.7535
13.1510204081633 13.1471
13.1551020408163 34.5609
13.1591836734694 23.9535
13.1632653061224 11.5162
13.1673469387755 38.6195
13.1714285714286 32.478
13.1755102040816 6.42865
13.1795918367347 8.73644
13.1836734693878 7.74989
13.1877551020408 11.7745
13.1918367346939 11.91
13.1959183673469 16.1601
13.2 12.4147
13.2040816326531 20.8069
13.2081632653061 26.801
13.2122448979592 14.8118
13.2163265306122 7.1908
13.2204081632653 28.6488
13.2244897959184 14.9954
13.2285714285714 3.15087
13.2326530612245 2.15924
13.2367346938776 18.9424
13.2408163265306 5.46198
13.2448979591837 7.8669
13.2489795918367 12.7894
13.2530612244898 16.23
13.2571428571429 19.4947
13.2612244897959 31.7831
13.265306122449 48.8007
13.269387755102 65.9037
13.2734693877551 72.9159
13.2775510204082 77.9161
13.2816326530612 137.928
13.2857142857143 205.075
13.2897959183673 133.357
13.2938775510204 134.998
13.2979591836735 139.527
13.3020408163265 92.9993
13.3061224489796 93.2689
13.3102040816327 83.7943
13.3142857142857 82.6714
13.3183673469388 70.7738
13.3224489795918 58.5766
13.3265306122449 45.2155
13.330612244898 36.3879
13.334693877551 56.8045
13.3387755102041 86.7811
13.3428571428571 71.7653
13.3469387755102 26.6673
13.3510204081633 22.5044
13.3551020408163 6.48579
13.3591836734694 0.863324
13.3632653061224 1.26793
13.3673469387755 4.62958
13.3714285714286 18.7448
13.3755102040816 10.0698
13.3795918367347 25.1273
13.3836734693878 25.8476
13.3877551020408 7.06992
13.3918367346939 51.9317
13.3959183673469 10.6494
13.4 2.44912
13.4040816326531 8.99937
13.4081632653061 11.1861
13.4122448979592 117.012
13.4163265306122 38.8325
13.4204081632653 91.7793
13.4244897959184 63.966
13.4285714285714 35.0544
13.4326530612245 104.366
13.4367346938776 34.5611
13.4408163265306 46.6594
13.4448979591837 93.898
13.4489795918367 22.0223
13.4530612244898 35.6416
13.4571428571429 33.4635
13.4612244897959 121.046
13.465306122449 19.9177
13.469387755102 20.4658
13.4734693877551 65.9757
13.4775510204082 12.3221
13.4816326530612 37.4505
13.4857142857143 5.65493
13.4897959183673 21.5948
13.4938775510204 20.2501
13.4979591836735 0.0
13.5020408163265 20.3683
13.5061224489796 0.0
13.5102040816327 0.0
13.5142857142857 0.249505
13.5183673469388 3.96113
13.5224489795918 0.869552
13.5265306122449 25.9087
13.530612244898 1.01721
13.534693877551 0.701209
13.5387755102041 0.305096
13.5428571428571 191.844
13.5469387755102 0.0
13.5510204081633 0.0785962
13.5551020408163 66.7843
13.5591836734694 31.2616
13.5632653061224 8.18652
13.5673469387755 0.0
13.5714285714286 26.5993
13.5755102040816 34.4573
13.5795918367347 19.1575
13.5836734693878 19.1118
13.5877551020408 24.5496
13.5918367346939 30.9765
13.5959183673469 2.62658
13.6 3.35181
13.6040816326531 4.89775
13.6081632653061 4.76523
13.6122448979592 0.0
13.6163265306122 0.0
13.6204081632653 0.167141
13.6244897959184 0.0
13.6285714285714 1.57163
13.6326530612245 0.454803
13.6367346938776 0.775819
13.6408163265306 17.6854
13.6448979591837 10.0599
13.6489795918367 41.8899
13.6530612244898 14.9365
13.6571428571429 49.2631
13.6612244897959 56.1796
13.665306122449 61.3159
13.669387755102 43.655
13.6734693877551 34.7436
13.6775510204082 29.6985
13.6816326530612 44.342
13.6857142857143 96.246
13.6897959183673 155.808
13.6938775510204 160.791
13.6979591836735 174.211
13.7020408163265 195.193
13.7061224489796 173.807
13.7102040816327 161.034
13.7142857142857 158.961
13.7183673469388 128.238
13.7224489795918 113.33
13.7265306122449 96.4564
13.730612244898 59.7298
13.734693877551 50.8197
13.7387755102041 30.4277
13.7428571428571 25.3095
13.7469387755102 17.6731
13.7510204081633 13.9462
13.7551020408163 10.9471
13.7591836734694 10.8392
13.7632653061224 9.18711
13.7673469387755 14.6317
13.7714285714286 8.60349
13.7755102040816 7.66712
13.7795918367347 5.92547
13.7836734693878 8.54524
13.7877551020408 30.3029
13.7918367346939 18.8536
13.7959183673469 35.9868
13.8 35.7603
13.8040816326531 65.6631
13.8081632653061 45.3443
13.8122448979592 64.947
13.8163265306122 82.775
13.8204081632653 82.5827
13.8244897959184 117.34
13.8285714285714 167.567
13.8326530612245 213.362
13.8367346938776 192.139
13.8408163265306 276.693
13.8448979591837 251.923
13.8489795918367 231.166
13.8530612244898 206.472
13.8571428571429 177.042
13.8612244897959 146.576
13.865306122449 114.124
13.869387755102 85.5512
13.8734693877551 59.8628
13.8775510204082 44.1862
13.8816326530612 39.3648
13.8857142857143 35.533
13.8897959183673 31.574
13.8938775510204 31.6788
13.8979591836735 32.5829
13.9020408163265 32.6681
13.9061224489796 30.2479
13.9102040816327 41.0152
13.9142857142857 50.442
13.9183673469388 51.4409
13.9224489795918 36.536
13.9265306122449 23.9452
13.930612244898 17.3448
13.934693877551 14.9682
13.9387755102041 12.902
13.9428571428571 11.7721
13.9469387755102 10.2538
13.9510204081633 7.13621
13.9551020408163 8.71958
13.9591836734694 11.2465
13.9632653061224 7.79674
13.9673469387755 1.91345
13.9714285714286 1.73452
13.9755102040816 1.30622
13.9795918367347 1.18516
13.9836734693878 0.920673
13.9877551020408 0.582318
13.9918367346939 1.05055
13.9959183673469 5.6903
14.0 13.4422
14.0040816326531 14.9284
14.0081632653061 22.2805
14.0122448979592 8.96003
14.0163265306122 8.02448
14.0204081632653 10.1113
14.0244897959184 11.3851
14.0285714285714 28.3144
14.0326530612245 30.1563
14.0367346938776 24.1293
14.0408163265306 11.8289
14.0448979591837 14.8244
14.0489795918367 8.06843
14.0530612244898 7.38841
14.0571428571429 7.18218
14.0612244897959 6.66711
14.065306122449 6.04978
14.069387755102 6.89388
14.0734693877551 19.3622
14.0775510204082 33.5567
14.0816326530612 25.7803
14.0857142857143 21.5586
14.0897959183673 20.6445
14.0938775510204 20.7667
14.0979591836735 24.1754
14.1020408163265 24.6537
14.1061224489796 34.9011
14.1102040816327 41.8436
14.1142857142857 46.5269
14.1183673469388 50.3719
14.1224489795918 48.3918
14.1265306122449 102.749
14.130612244898 114.44
14.134693877551 96.9719
14.1387755102041 106.68
14.1428571428571 83.3184
14.1469387755102 64.7706
14.1510204081633 55.9083
14.1551020408163 46.6138
14.1591836734694 35.2321
14.1632653061224 29.9699
14.1673469387755 21.4115
14.1714285714286 15.5301
14.1755102040816 10.9078
14.1795918367347 5.45343
14.1836734693878 0.0
14.1877551020408 0.0
14.1918367346939 35.9313
14.1959183673469 53.9996
14.2 43.244
14.2040816326531 36.2359
14.2081632653061 19.5751
14.2122448979592 9.57724
14.2163265306122 0.81038
14.2204081632653 3.19848
14.2244897959184 2.64049
14.2285714285714 3.71601
14.2326530612245 7.64251
14.2367346938776 11.1922
14.2408163265306 39.5235
14.2448979591837 107.504
14.2489795918367 114.06
14.2530612244898 121.723
14.2571428571429 122.968
14.2612244897959 124.79
14.265306122449 115.388
14.269387755102 112.287
14.2734693877551 107.761
14.2775510204082 97.5589
14.2816326530612 91.2145
14.2857142857143 73.437
14.2897959183673 63.1043
14.2938775510204 51.3547
14.2979591836735 40.192
14.3020408163265 35.4894
14.3061224489796 30.3996
14.3102040816327 30.181
14.3142857142857 33.7585
14.3183673469388 39.3091
14.3224489795918 47.5353
14.3265306122449 53.2085
14.330612244898 54.6434
14.334693877551 49.8929
14.3387755102041 43.8372
14.3428571428571 33.5363
14.3469387755102 24.9525
14.3510204081633 25.935
14.3551020408163 23.3905
14.3591836734694 14.724
14.3632653061224 14.06
14.3673469387755 10.6377
14.3714285714286 6.3747
14.3755102040816 1.52805
14.3795918367347 0.28035
14.3836734693878 0.172546
14.3877551020408 0.0
14.3918367346939 0.0
14.3959183673469 0.0
14.4 0.0
14.4040816326531 5.10788
14.4081632653061 14.2097
14.4122448979592 23.4962
14.4163265306122 21.8713
14.4204081632653 20.2472
14.4244897959184 12.3496
14.4285714285714 9.26642
14.4326530612245 5.81479
14.4367346938776 2.71153
14.4408163265306 3.72233
14.4448979591837 0.768423
14.4489795918367 0.0
14.4530612244898 0.0
14.4571428571429 0.0
14.4612244897959 0.0
14.465306122449 0.0
14.469387755102 0.0
14.4734693877551 1.06668
14.4775510204082 7.78063
14.4816326530612 20.1896
14.4857142857143 33.5149
14.4897959183673 53.2242
14.4938775510204 65.7993
14.4979591836735 75.1487
14.5020408163265 83.0951
14.5061224489796 123.02
14.5102040816327 138.612
14.5142857142857 228.463
14.5183673469388 167.055
14.5224489795918 220.994
14.5265306122449 250.456
14.530612244898 274.845
14.534693877551 272.257
14.5387755102041 273.909
14.5428571428571 235.205
14.5469387755102 204.885
14.5510204081633 176.759
14.5551020408163 141.629
14.5591836734694 112.409
14.5632653061224 88.3783
14.5673469387755 73.1426
14.5714285714286 62.483
14.5755102040816 50.1867
14.5795918367347 43.3919
14.5836734693878 37.9027
14.5877551020408 32.4331
14.5918367346939 24.9997
14.5959183673469 20.5297
14.6 16.8732
14.6040816326531 10.306
14.6081632653061 5.93243
14.6122448979592 4.06341
14.6163265306122 1.97593
14.6204081632653 1.16773
14.6244897959184 0.801802
14.6285714285714 12.3579
14.6326530612245 47.4498
14.6367346938776 63.7335
14.6408163265306 59.2875
14.6448979591837 54.2963
14.6489795918367 48.1228
14.6530612244898 57.0408
14.6571428571429 41.4157
14.6612244897959 39.8488
14.665306122449 54.1897
14.669387755102 41.6529
14.6734693877551 43.1938
14.6775510204082 35.266
14.6816326530612 30.8427
14.6857142857143 31.9028
14.6897959183673 28.644
14.6938775510204 26.8089
14.6979591836735 14.7081
14.7020408163265 9.57724
14.7061224489796 10.467
14.7102040816327 12.4383
14.7142857142857 13.8527
14.7183673469388 15.0349
14.7224489795918 14.4933
14.7265306122449 17.3137
14.730612244898 19.678
14.734693877551 18.689
14.7387755102041 17.8866
14.7428571428571 10.8061
14.7469387755102 3.62309
14.7510204081633 3.84152
14.7551020408163 0.993401
14.7591836734694 0.0347098
14.7632653061224 0.0
14.7673469387755 0.0
14.7714285714286 12.3817
14.7755102040816 18.0652
14.7795918367347 26.9071
14.7836734693878 2.41794
14.7877551020408 1.94682
14.7918367346939 3.61007
14.7959183673469 7.48238
14.8 9.08968
14.8040816326531 10.7018
14.8081632653061 9.05207
14.8122448979592 10.6631
14.8163265306122 35.3585
14.8204081632653 22.4351
14.8244897959184 35.9335
14.8285714285714 24.5554
14.8326530612245 3.0368
14.8367346938776 1.36497
14.8408163265306 0.5367
14.8448979591837 0.380258
14.8489795918367 0.342409
14.8530612244898 0.0
14.8571428571429 0.15527
14.8612244897959 7.03994
14.865306122449 0.0
14.869387755102 0.0
14.8734693877551 0.157471
14.8775510204082 1.08344
14.8816326530612 1.59854
14.8857142857143 1.90617
14.8897959183673 3.02775
14.8938775510204 14.7146
14.8979591836735 9.32309
14.9020408163265 21.7845
14.9061224489796 18.6708
14.9102040816327 11.6276
14.9142857142857 10.651
14.9183673469388 14.3201
14.9224489795918 17.0515
14.9265306122449 35.4962
14.930612244898 51.7514
14.934693877551 88.5557
14.9387755102041 92.2439
14.9428571428571 83.883
14.9469387755102 63.3888
14.9510204081633 47.8592
14.9551020408163 24.1861
14.9591836734694 1.85188
14.9632653061224 0.0
14.9673469387755 0.0
14.9714285714286 0.0
14.9755102040816 0.0
