0.00408163265306122 11.3716
0.00816326530612245 12.5289
0.0122448979591837 11.6639
0.0163265306122449 10.5216
0.0204081632653061 21.2962
0.0244897959183673 30.9421
0.0285714285714286 30.3082
0.0326530612244898 29.5243
0.036734693877551 27.9097
0.0408163265306122 24.0685
0.0448979591836735 20.4564
0.0489795918367347 15.4526
0.0530612244897959 11.9262
0.0571428571428571 5.4957
0.0612244897959184 2.47129
0.0653061224489796 1.78331
0.0693877551020408 1.74153
0.073469387755102 1.77629
0.0775510204081633 4.35634
0.0816326530612245 6.3233
0.0857142857142857 5.31036
0.0897959183673469 5.81494
0.0938775510204082 6.03813
0.0979591836734694 7.27085
0.102040816326531 5.51247
0.106122448979592 5.33196
0.110204081632653 4.52102
0.114285714285714 3.86078
0.118367346938776 3.80667
0.122448979591837 2.02224
0.126530612244898 1.39321
0.130612244897959 0.976334
0.13469387755102 3.39689
0.138775510204082 4.33842
0.142857142857143 5.10432
0.146938775510204 5.94311
0.151020408163265 7.63386
0.155102040816327 7.06039
0.159183673469388 6.64181
0.163265306122449 6.73282
0.16734693877551 6.32906
0.171428571428571 5.10416
0.175510204081633 5.93731
0.179591836734694 6.13156
0.183673469387755 7.64436
0.187755102040816 8.78462
0.191836734693878 8.03915
0.195918367346939 4.39661
0.2 1.18934
0.204081632653061 0.516872
0.208163265306122 0.920395
0.212244897959184 9.05566
0.216326530612245 20.513
0.220408163265306 30.3671
0.224489795918367 36.7956
0.228571428571429 39.215
0.23265306122449 40.1023
0.236734693877551 39.8369
0.240816326530612 39.2877
0.244897959183673 36.8886
0.248979591836735 33.1055
0.253061224489796 30.1735
0.257142857142857 29.8074
0.261224489795918 28.2622
0.26530612244898 25.6931
0.269387755102041 25.3024
0.273469387755102 28.3532
0.277551020408163 29.9082
0.281632653061224 28.1348
0.285714285714286 26.1087
0.289795918367347 19.0685
0.293877551020408 16.9545
0.297959183673469 15.0226
0.302040816326531 14.1173
0.306122448979592 13.2673
0.310204081632653 12.9036
0.314285714285714 12.1065
0.318367346938775 10.9031
0.322448979591837 8.67571
0.326530612244898 14.5025
0.330612244897959 20.4748
0.33469387755102 23.054
0.338775510204082 27.9593
0.342857142857143 26.3609
0.346938775510204 26.5742
0.351020408163265 17.9486
0.355102040816327 17.0039
0.359183673469388 17.8991
0.363265306122449 27.0995
0.36734693877551 39.2063
0.371428571428571 49.1447
0.375510204081633 55.9898
0.379591836734694 58.5597
0.383673469387755 56.8405
0.387755102040816 61.8924
0.391836734693878 76.8738
0.395918367346939 72.4192
0.4 66.2016
0.404081632653061 36.864
0.408163265306122 21.2679
0.412244897959184 15.8816
0.416326530612245 11.5144
0.420408163265306 15.8687
0.424489795918367 38.9106
0.428571428571429 56.3546
0.43265306122449 74.744
0.436734693877551 141.481
0.440816326530612 108.741
0.444897959183673 97.5226
0.448979591836735 72.9981
0.453061224489796 57.6633
0.457142857142857 48.4006
0.461224489795918 33.7318
0.46530612244898 27.3161
0.469387755102041 24.5451
0.473469387755102 15.0342
0.477551020408163 20.021
0.481632653061224 27.1922
0.485714285714286 24.2309
0.489795918367347 14.4838
0.493877551020408 11.7776
0.497959183673469 13.907
0.502040816326531 12.1956
0.506122448979592 9.12781
0.510204081632653 17.4982
0.514285714285714 17.3012
0.518367346938776 15.1547
0.522448979591837 10.3595
0.526530612244898 5.47989
0.530612244897959 1.15184
0.53469387755102 1.54617
0.538775510204082 4.72878
0.542857142857143 1.66228
0.546938775510204 1.7777
0.551020408163265 2.84454
0.555102040816327 13.559
0.559183673469388 10.4104
0.563265306122449 8.23855
0.56734693877551 0.441213
0.571428571428571 0.352984
0.575510204081633 1.32151
0.579591836734694 8.45843
0.583673469387755 7.85465
0.587755102040816 18.6484
0.591836734693878 31.1496
0.595918367346939 50.1434
0.6 55.3119
0.604081632653061 59.6457
0.608163265306122 56.0889
0.612244897959184 47.2351
0.616326530612245 37.794
0.620408163265306 30.8183
0.624489795918367 23.7113
0.628571428571429 16.6119
0.63265306122449 10.028
0.636734693877551 5.50685
0.640816326530612 13.8758
0.644897959183673 45.9441
0.648979591836735 73.63
0.653061224489796 112.242
0.657142857142857 100.185
0.661224489795918 91.1619
0.66530612244898 79.6956
0.669387755102041 79.8383
0.673469387755102 72.6628
0.677551020408163 77.4427
0.681632653061224 67.6624
0.685714285714286 67.2152
0.689795918367347 94.2997
0.693877551020408 95.4355
0.697959183673469 94.4319
0.702040816326531 88.0245
0.706122448979592 73.415
0.710204081632653 59.0687
0.714285714285714 40.3831
0.718367346938775 31.0811
0.722448979591837 25.3132
0.726530612244898 20.1579
0.730612244897959 15.3604
0.73469387755102 11.8639
0.738775510204082 10.1017
0.742857142857143 8.86332
0.746938775510204 10.1383
0.751020408163265 21.6521
0.755102040816326 35.8821
0.759183673469388 53.8707
0.763265306122449 93.5359
0.76734693877551 75.7607
0.771428571428571 80.6024
0.775510204081633 84.2858
0.779591836734694 74.9461
0.783673469387755 78.9059
0.787755102040816 102.56
0.791836734693877 167.151
0.795918367346939 179.284
0.8 153.122
0.804081632653061 149.558
0.808163265306122 123.092
0.812244897959184 97.9408
0.816326530612245 75.2863
0.820408163265306 74.5402
0.824489795918367 71.0647
0.828571428571429 64.4576
0.83265306122449 55.1762
0.836734693877551 47.993
0.840816326530612 47.768
0.844897959183673 52.9584
0.848979591836735 41.8902
0.853061224489796 63.7828
0.857142857142857 68.8563
0.861224489795918 141.295
0.86530612244898 128.658
0.869387755102041 124.04
0.873469387755102 110.674
0.877551020408163 100.811
0.881632653061225 84.5905
0.885714285714286 73.8349
0.889795918367347 59.0854
0.893877551020408 46.2429
0.897959183673469 39.2416
0.902040816326531 31.0273
0.906122448979592 27.0195
0.910204081632653 20.5705
0.914285714285714 14.7105
0.918367346938776 12.2717
0.922448979591837 9.46827
0.926530612244898 9.16635
0.930612244897959 7.81518
0.93469387755102 5.37967
0.938775510204082 2.94284
0.942857142857143 4.82476
0.946938775510204 7.94809
0.951020408163265 6.79514
0.955102040816327 6.78028
0.959183673469388 5.0648
0.963265306122449 2.62113
0.96734693877551 2.11239
0.971428571428571 1.71896
0.975510204081633 0.778377
0.979591836734694 0.0
0.983673469387755 0.0
0.987755102040816 0.0
0.991836734693878 0.0
0.995918367346939 0.0
1.0 0.0
1.00408163265306 0.781273
1.00816326530612 3.07503
1.01224489795918 7.17207
1.01632653061224 15.4459
1.02040816326531 27.1961
1.02448979591837 35.556
1.02857142857143 54.8986
1.03265306122449 67.0707
1.03673469387755 69.1652
1.04081632653061 62.0599
1.04489795918367 58.2048
1.04897959183673 47.9481
1.0530612244898 40.9834
1.05714285714286 34.9068
1.06122448979592 29.224
1.06530612244898 24.5883
1.06938775510204 17.9338
1.0734693877551 12.4231
1.07755102040816 9.70525
1.08163265306122 5.633
1.08571428571429 3.45987
1.08979591836735 1.97494
1.09387755102041 2.08219
1.09795918367347 2.7102
1.10204081632653 2.59642
1.10612244897959 0.999848
1.11020408163265 0.20659
1.11428571428571 0.411411
1.11836734693878 1.55915
1.12244897959184 3.38357
1.1265306122449 4.79057
1.13061224489796 14.0972
1.13469387755102 18.2266
1.13877551020408 23.4015
1.14285714285714 21.7505
1.1469387755102 21.4261
1.15102040816327 18.1045
1.15510204081633 25.3153
1.15918367346939 35.5063
1.16326530612245 46.7895
1.16734693877551 57.8822
1.17142857142857 64.8117
1.17551020408163 72.3702
1.17959183673469 76.7632
1.18367346938776 78.7327
1.18775510204082 77.3343
1.19183673469388 70.7916
1.19591836734694 63.2771
1.2 57.6707
1.20408163265306 57.0674
1.20816326530612 62.577
1.21224489795918 61.6382
1.21632653061224 52.63
1.22040816326531 35.6025
1.22448979591837 19.6812
1.22857142857143 8.30712
1.23265306122449 4.13124
1.23673469387755 1.20901
1.24081632653061 0.891785
1.24489795918367 0.466347
1.24897959183673 0.574629
1.2530612244898 0.608782
1.25714285714286 2.11428
1.26122448979592 7.16647
1.26530612244898 6.88384
1.26938775510204 9.27189
1.2734693877551 7.9252
1.27755102040816 7.15571
1.28163265306122 5.338
1.28571428571429 3.71229
1.28979591836735 3.64381
1.29387755102041 3.39818
1.29795918367347 2.54536
1.30204081632653 1.60012
1.30612244897959 0.576706
1.31020408163265 0.0
1.31428571428571 2.59797
1.31836734693878 3.88138
1.32244897959184 0.0
1.3265306122449 0.0
1.33061224489796 0.0
1.33469387755102 0.0
1.33877551020408 0.0
1.34285714285714 0.0
1.3469387755102 0.0
1.35102040816327 0.0
1.35510204081633 0.338853
1.35918367346939 4.27097
1.36326530612245 8.30296
1.36734693877551 13.4287
1.37142857142857 16.1742
1.37551020408163 17.6311
1.37959183673469 18.0614
1.38367346938776 16.1749
1.38775510204082 22.0825
1.39183673469388 17.432
1.39591836734694 29.2291
1.4 60.4034
1.40408163265306 56.6966
1.40816326530612 112.405
1.41224489795918 115.495
1.41632653061225 172.868
1.42040816326531 151.796
1.42448979591837 228.776
1.42857142857143 186.046
1.43265306122449 171.065
1.43673469387755 198.517
1.44081632653061 182.627
1.44489795918367 181.044
1.44897959183673 220.184
1.4530612244898 168.7
1.45714285714286 174.594
1.46122448979592 123.967
1.46530612244898 136.852
1.46938775510204 116.325
1.4734693877551 100.65
1.47755102040816 106.011
1.48163265306122 99.6656
1.48571428571429 80.871
1.48979591836735 114.804
1.49387755102041 122.077
1.49795918367347 103.568
1.50204081632653 89.5063
1.50612244897959 88.0449
1.51020408163265 82.1329
1.51428571428571 70.8924
1.51836734693878 56.8022
1.52244897959184 44.0919
1.5265306122449 33.4395
1.53061224489796 22.8299
1.53469387755102 11.7806
1.53877551020408 4.88263
1.54285714285714 3.58125
1.5469387755102 3.35064
1.55102040816327 5.25773
1.55510204081633 5.52495
1.55918367346939 6.79981
1.56326530612245 13.578
1.56734693877551 24.7882
1.57142857142857 78.4992
1.57551020408163 155.417
1.57959183673469 119.83
1.58367346938775 131.215
1.58775510204082 88.8988
1.59183673469388 77.8846
1.59591836734694 65.1051
1.6 56.3739
1.60408163265306 37.3922
1.60816326530612 22.7377
1.61224489795918 14.8224
1.61632653061224 11.7254
1.62040816326531 9.07451
1.62448979591837 7.13865
1.62857142857143 4.95466
1.63265306122449 2.75616
1.63673469387755 1.81884
1.64081632653061 2.94352
1.64489795918367 4.81381
1.64897959183673 6.00205
1.6530612244898 5.60162
1.65714285714286 6.51875
1.66122448979592 40.1726
1.66530612244898 52.5628
1.66938775510204 39.1344
1.6734693877551 83.0822
1.67755102040816 69.1589
1.68163265306122 37.8574
1.68571428571429 45.2449
1.68979591836735 52.1299
1.69387755102041 45.1923
1.69795918367347 27.1611
1.70204081632653 19.8131
1.70612244897959 27.7978
1.71020408163265 15.1857
1.71428571428571 11.3905
1.71836734693878 13.0129
1.72244897959184 6.27319
1.7265306122449 5.37256
1.73061224489796 1.49645
1.73469387755102 0.999475
1.73877551020408 3.21422
1.74285714285714 3.62036
1.7469387755102 6.32024
1.75102040816327 10.1884
1.75510204081633 42.0463
1.75918367346939 15.7486
1.76326530612245 9.42961
1.76734693877551 19.9574
1.77142857142857 43.7377
1.77551020408163 12.4951
1.77959183673469 5.94737
1.78367346938776 30.2357
1.78775510204082 11.535
1.79183673469388 13.4762
1.79591836734694 20.0777
1.8 28.4459
1.80408163265306 43.8968
1.80816326530612 84.081
1.81224489795918 205.54
1.81632653061224 126.202
1.82040816326531 165.065
1.82448979591837 167.567
1.82857142857143 140.259
1.83265306122449 119.558
1.83673469387755 95.1458
1.84081632653061 71.1286
1.84489795918367 56.0641
1.84897959183673 41.9545
1.8530612244898 29.577
1.85714285714286 18.5993
1.86122448979592 11.5741
1.86530612244898 10.4384
1.86938775510204 17.5626
1.8734693877551 17.2105
1.87755102040816 10.4404
1.88163265306122 8.97751
1.88571428571429 5.89301
1.88979591836735 9.59664
1.89387755102041 10.2681
1.89795918367347 8.83102
1.90204081632653 4.98316
1.90612244897959 2.23453
1.91020408163265 3.26164
1.91428571428571 0.0
1.91836734693878 0.0
1.92244897959184 4.70575
1.9265306122449 20.2151
1.93061224489796 6.14321
1.93469387755102 1.37931
1.93877551020408 2.0945
1.94285714285714 2.79064
1.9469387755102 5.70578
1.95102040816327 6.51829
1.95510204081633 20.5173
1.95918367346939 42.9754
1.96326530612245 54.8273
1.96734693877551 93.1189
1.97142857142857 129.819
1.97551020408163 127.624
1.97959183673469 134.149
1.98367346938776 109.58
1.98775510204082 100.758
1.99183673469388 90.4002
1.99591836734694 47.5456
2.0 36.4701
2.00408163265306 26.3939
2.00816326530612 11.2696
2.01224489795918 7.33386
2.01632653061225 4.98979
2.02040816326531 4.36385
2.02448979591837 11.5433
2.02857142857143 29.4716
2.03265306122449 26.6396
2.03673469387755 25.8216
2.04081632653061 15.2896
2.04489795918367 14.315
2.04897959183673 5.98953
2.0530612244898 30.8762
2.05714285714286 12.8152
2.06122448979592 23.3448
2.06530612244898 28.4634
2.06938775510204 8.37637
2.0734693877551 10.8941
2.07755102040816 16.0848
2.08163265306122 8.77779
2.08571428571429 47.2776
2.08979591836735 38.5135
2.09387755102041 49.958
2.09795918367347 34.3837
2.10204081632653 22.1318
2.10612244897959 3.87649
2.11020408163265 17.2333
2.11428571428571 3.13453
2.11836734693878 6.47654
2.12244897959184 3.32877
2.1265306122449 12.0331
2.13061224489796 17.3412
2.13469387755102 18.6778
2.13877551020408 20.1127
2.14285714285714 21.6142
2.1469387755102 19.5675
2.15102040816327 12.5013
2.15510204081633 12.911
2.15918367346939 26.1386
2.16326530612245 39.5589
2.16734693877551 47.2316
2.17142857142857 50.6827
2.17551020408163 48.7944
2.17959183673469 47.615
2.18367346938776 52.4607
2.18775510204082 70.4029
2.19183673469388 77.185
2.19591836734694 78.7206
2.2 86.1905
2.20408163265306 82.6992
2.20816326530612 100.483
2.21224489795918 120.466
2.21632653061224 125.706
2.22040816326531 125.306
2.22448979591837 134.303
2.22857142857143 148.511
2.23265306122449 157.342
2.23673469387755 160.878
2.24081632653061 167.539
2.24489795918367 153.853
2.24897959183673 123.549
2.2530612244898 109.245
2.25714285714286 78.8516
2.26122448979592 65.4997
2.26530612244898 48.6255
2.26938775510204 36.7735
2.2734693877551 29.0903
2.27755102040816 22.1404
2.28163265306122 17.3232
2.28571428571429 10.504
2.28979591836735 8.93789
2.29387755102041 6.83527
2.29795918367347 7.28764
2.30204081632653 7.1087
2.30612244897959 5.3193
2.31020408163265 7.18405
2.31428571428571 4.28863
2.31836734693878 0.0
2.32244897959184 0.674029
2.3265306122449 2.558
2.33061224489796 3.54344
2.33469387755102 4.07373
2.33877551020408 3.784
2.34285714285714 4.32817
2.3469387755102 4.24029
2.35102040816327 27.1141
2.35510204081633 45.8766
2.35918367346939 64.4644
2.36326530612245 120.076
2.36734693877551 141.834
2.37142857142857 160.255
2.37551020408163 159.128
2.37959183673469 148.219
2.38367346938776 136.084
2.38775510204082 127.831
2.39183673469388 116.625
2.39591836734694 100.082
2.4 89.1148
2.40408163265306 79.5819
2.40816326530612 70.1604
2.41224489795918 64.6024
2.41632653061225 56.3537
2.42040816326531 47.2198
2.42448979591837 44.5348
2.42857142857143 40.5174
2.43265306122449 34.8641
2.43673469387755 29.0451
2.44081632653061 21.734
2.44489795918367 16.92
2.44897959183673 16.0034
2.4530612244898 13.7318
2.45714285714286 44.1333
2.46122448979592 48.0293
2.46530612244898 49.2408
2.46938775510204 34.662
2.4734693877551 17.3673
2.47755102040816 13.9071
2.48163265306122 11.9939
2.48571428571429 11.8207
2.48979591836735 9.68291
2.49387755102041 10.4597
2.49795918367347 11.488
2.50204081632653 11.1111
2.50612244897959 9.95533
2.51020408163265 7.88269
2.51428571428571 11.1672
2.51836734693878 4.18328
2.52244897959184 2.59903
2.5265306122449 1.17022
2.53061224489796 0.430048
2.53469387755102 2.89798
2.53877551020408 6.48904
2.54285714285714 7.04877
2.5469387755102 13.9362
2.55102040816327 4.40049
2.55510204081633 0.955264
2.55918367346939 0.630515
2.56326530612245 0.779321
2.56734693877551 0.674943
2.57142857142857 19.9042
2.57551020408163 0.486443
2.57959183673469 16.242
2.58367346938775 4.28069
2.58775510204082 0.610083
2.59183673469388 0.0200073
2.59591836734694 0.425597
2.6 0.447432
2.60408163265306 9.21619
2.60816326530612 27.5737
2.61224489795918 45.2243
2.61632653061224 59.9908
2.62040816326531 63.5941
2.62448979591837 69.4504
2.62857142857143 83.5163
2.63265306122449 74.9956
2.63673469387755 77.2882
2.64081632653061 80.4196
2.64489795918367 72.2329
2.64897959183673 67.7878
2.6530612244898 50.0693
2.65714285714286 47.7745
2.66122448979592 44.16
2.66530612244898 43.4844
2.66938775510204 48.6787
2.6734693877551 51.644
2.67755102040816 43.0042
2.68163265306122 29.239
2.68571428571429 23.6986
2.68979591836735 19.1845
2.69387755102041 13.6997
2.69795918367347 9.65826
2.70204081632653 5.30763
2.70612244897959 11.1808
2.71020408163265 2.8001
2.71428571428571 9.63644
2.71836734693878 71.9098
2.72244897959184 36.7215
2.7265306122449 31.7494
2.73061224489796 29.5451
2.73469387755102 18.8498
2.73877551020408 19.9234
2.74285714285714 64.8234
2.7469387755102 47.5217
2.75102040816327 54.8658
2.75510204081633 90.6641
2.75918367346939 103.787
2.76326530612245 123.508
2.76734693877551 120.296
2.77142857142857 95.6149
2.77551020408163 74.0443
2.77959183673469 57.5622
2.78367346938776 39.4026
2.78775510204082 28.1374
2.79183673469388 21.5342
2.79591836734694 21.35
2.8 23.2225
2.80408163265306 23.684
2.80816326530612 24.0239
2.81224489795918 38.5173
2.81632653061224 28.6665
2.82040816326531 13.7865
2.82448979591837 8.7656
2.82857142857143 13.0246
2.83265306122449 14.9465
2.83673469387755 19.9919
2.84081632653061 12.5639
2.84489795918367 13.7799
2.84897959183673 18.0521
2.8530612244898 34.912
2.85714285714286 29.465
2.86122448979592 27.4211
2.86530612244898 20.3738
2.86938775510204 3.72882
2.8734693877551 1.81552
2.87755102040816 7.95487
2.88163265306122 3.88947
2.88571428571429 4.22286
2.88979591836735 4.20264
2.89387755102041 3.73749
2.89795918367347 3.06401
2.90204081632653 38.1343
2.90612244897959 19.7281
2.91020408163265 19.3196
2.91428571428571 13.6928
2.91836734693878 8.82675
2.92244897959184 12.0675
2.9265306122449 8.20966
2.93061224489796 7.87442
2.93469387755102 6.3011
2.93877551020408 6.66788
2.94285714285714 2.55021
2.9469387755102 34.3041
2.95102040816327 18.6266
2.95510204081633 23.2195
2.95918367346939 7.52974
2.96326530612245 8.03229
2.96734693877551 2.57487
2.97142857142857 20.1939
2.97551020408163 7.32733
2.97959183673469 7.54839
2.98367346938775 7.22008
2.98775510204082 13.9946
2.99183673469388 37.415
2.99591836734694 74.0089
3.0 82.2624
3.00408163265306 89.425
3.00816326530612 87.053
3.01224489795918 79.5488
3.01632653061225 86.3207
3.02040816326531 70.6647
3.02448979591837 67.2849
3.02857142857143 70.2255
3.03265306122449 71.4083
3.03673469387755 68.9289
3.04081632653061 69.0784
3.04489795918367 58.961
3.04897959183673 80.7066
3.0530612244898 101.105
3.05714285714286 104.884
3.06122448979592 117.665
3.06530612244898 146.766
3.06938775510204 139.957
3.0734693877551 141.513
3.07755102040816 125.045
3.08163265306122 110.805
3.08571428571429 92.8283
3.08979591836735 70.9471
3.09387755102041 68.6881
3.09795918367347 42.6303
3.10204081632653 26.1037
3.10612244897959 29.6114
3.11020408163265 15.1027
3.11428571428571 10.369
3.11836734693878 8.31224
3.12244897959184 6.17197
3.1265306122449 8.47447
3.13061224489796 10.9177
3.13469387755102 11.6429
3.13877551020408 9.20829
3.14285714285714 4.56767
3.1469387755102 1.63856
3.15102040816327 58.5147
3.15510204081633 60.4751
3.15918367346939 70.5698
3.16326530612245 64.3401
3.16734693877551 37.0523
3.17142857142857 39.9763
3.17551020408163 35.6946
3.17959183673469 21.5557
3.18367346938776 24.3192
3.18775510204082 7.6556
3.19183673469388 7.02123
3.19591836734694 3.09033
3.2 1.67418
3.20408163265306 1.42339
3.20816326530612 1.38808
3.21224489795918 2.26022
3.21632653061224 2.15595
3.22040816326531 2.10605
3.22448979591837 1.48377
3.22857142857143 13.7372
3.23265306122449 0.186781
3.23673469387755 0.322739
3.24081632653061 4.292
3.24489795918367 12.3992
3.24897959183673 11.5676
3.2530612244898 49.6478
3.25714285714286 10.1924
3.26122448979592 26.1173
3.26530612244898 47.8013
3.26938775510204 15.9738
3.2734693877551 18.7584
3.27755102040816 20.6251
3.28163265306122 2.05643
3.28571428571429 2.06611
3.28979591836735 13.4734
3.29387755102041 8.06299
3.29795918367347 14.9691
3.30204081632653 7.41176
3.30612244897959 3.83787
3.31020408163265 15.3772
3.31428571428571 3.33648
3.31836734693878 4.27745
3.32244897959184 3.26344
3.3265306122449 5.75485
3.33061224489796 6.06093
3.33469387755102 4.20735
3.33877551020408 3.52308
3.34285714285714 28.7888
3.3469387755102 21.2753
3.35102040816327 20.086
3.35510204081633 29.9958
3.35918367346939 66.2938
3.36326530612245 64.5632
3.36734693877551 73.1643
3.37142857142857 78.7225
3.37551020408163 78.512
3.37959183673469 75.8347
3.38367346938776 69.7681
3.38775510204082 57.9506
3.39183673469388 71.1315
3.39591836734694 43.0607
3.4 30.0748
3.40408163265306 44.9546
3.40816326530612 31.001
3.41224489795918 21.5932
3.41632653061225 10.6638
3.42040816326531 7.32431
3.42448979591837 5.05368
3.42857142857143 3.95345
3.43265306122449 3.01686
3.43673469387755 9.82254
3.44081632653061 37.1652
3.44489795918367 42.5939
3.44897959183673 48.5953
3.4530612244898 44.8027
3.45714285714286 28.3163
3.46122448979592 7.49353
3.46530612244898 8.81157
3.46938775510204 20.3666
3.4734693877551 35.795
3.47755102040816 46.3246
3.48163265306122 50.0581
3.48571428571429 47.7016
3.48979591836735 41.5764
3.49387755102041 38.6528
3.49795918367347 46.9125
3.50204081632653 47.7034
3.50612244897959 34.8451
3.51020408163265 18.8498
3.51428571428571 9.26437
3.51836734693878 3.95052
3.52244897959184 2.08443
3.5265306122449 1.30105
3.53061224489796 0.614425
3.53469387755102 0.0
3.53877551020408 26.1051
3.54285714285714 43.0422
3.5469387755102 40.3328
3.55102040816327 65.611
3.55510204081633 59.3862
3.55918367346939 53.4312
3.56326530612245 47.7386
3.56734693877551 40.7244
3.57142857142857 46.0106
3.57551020408163 51.1188
3.57959183673469 52.5838
3.58367346938775 48.0064
3.58775510204082 44.5515
3.59183673469388 31.2989
3.59591836734694 27.2287
3.6 15.1831
3.60408163265306 5.68064
3.60816326530612 4.60042
3.61224489795918 4.48663
3.61632653061224 4.53203
3.62040816326531 4.18238
3.62448979591837 4.80615
3.62857142857143 4.69869
3.63265306122449 5.1085
3.63673469387755 4.26016
3.64081632653061 11.4447
3.64489795918367 28.2894
3.64897959183673 22.4815
3.6530612244898 40.8293
3.65714285714286 62.1151
3.66122448979592 74.4051
3.66530612244898 94.4821
3.66938775510204 104.972
3.6734693877551 109.792
3.67755102040816 105.636
3.68163265306122 94.9856
3.68571428571429 80.4838
3.68979591836735 70.932
3.69387755102041 63.71
3.69795918367347 54.5071
3.70204081632653 43.9052
3.70612244897959 33.6785
3.71020408163265 22.489
3.71428571428571 13.8651
3.71836734693878 10.7153
3.72244897959184 10.7889
3.7265306122449 16.14
3.73061224489796 15.9638
3.73469387755102 18.9875
3.73877551020408 17.345
3.74285714285714 16.1522
3.7469387755102 30.1623
3.75102040816327 56.4688
3.75510204081633 66.6899
3.75918367346939 78.8144
3.76326530612245 95.2735
3.76734693877551 103.147
3.77142857142857 106.358
3.77551020408163 100.882
3.77959183673469 90.8566
3.78367346938776 78.1554
3.78775510204082 66.3975
3.79183673469388 51.5398
3.79591836734694 38.5598
3.8 27.927
3.80408163265306 19.4769
3.80816326530612 14.8274
3.81224489795918 11.3641
3.81632653061224 8.33851
3.82040816326531 6.93856
3.82448979591837 8.88637
3.82857142857143 12.5089
3.83265306122449 19.2969
3.83673469387755 32.8349
3.84081632653061 39.2584
3.84489795918367 40.9604
3.84897959183673 39.2819
3.8530612244898 40.4688
3.85714285714286 46.686
3.86122448979592 47.3475
3.86530612244898 41.0221
3.86938775510204 32.9405
3.8734693877551 27.5261
3.87755102040816 20.9086
3.88163265306122 15.3617
3.88571428571429 11.3484
3.88979591836735 13.5894
3.89387755102041 12.5877
3.89795918367347 12.8088
3.90204081632653 12.3744
3.90612244897959 33.6197
3.91020408163265 63.641
3.91428571428571 81.7331
3.91836734693878 95.9746
3.92244897959184 93.5956
3.9265306122449 79.5034
3.93061224489796 62.0086
3.93469387755102 46.6344
3.93877551020408 34.7977
3.94285714285714 23.5514
3.9469387755102 14.2614
3.95102040816327 13.3833
3.95510204081633 19.475
3.95918367346939 27.594
3.96326530612245 36.9199
3.96734693877551 47.8697
3.97142857142857 65.2183
3.97551020408163 90.8386
3.97959183673469 103.347
3.98367346938775 103.973
3.98775510204082 103.131
3.99183673469388 85.2454
3.99591836734694 85.9505
4.0 80.3752
4.00408163265306 67.2511
4.00816326530612 67.9299
4.01224489795918 87.0149
4.01632653061225 100.441
4.02040816326531 105.038
4.02448979591837 109.503
4.02857142857143 99.4161
4.03265306122449 84.4923
4.03673469387755 68.9322
4.04081632653061 54.3747
4.04489795918367 39.3973
4.04897959183673 27.3186
4.0530612244898 18.8676
4.05714285714286 15.4312
4.06122448979592 15.6548
4.06530612244898 12.1991
4.06938775510204 13.2049
4.0734693877551 13.6234
4.07755102040816 8.47392
4.08163265306122 9.94343
4.08571428571429 22.0634
4.08979591836735 36.4564
4.09387755102041 31.0747
4.09795918367347 32.8096
4.10204081632653 30.505
4.10612244897959 23.5237
4.11020408163265 17.2654
4.11428571428571 13.495
4.11836734693878 15.6707
4.12244897959184 13.1488
4.1265306122449 14.8637
4.13061224489796 15.6288
4.13469387755102 14.6381
4.13877551020408 14.9107
4.14285714285714 13.154
4.1469387755102 10.3971
4.15102040816326 6.61688
4.15510204081633 2.08035
4.15918367346939 0.30044
4.16326530612245 0.498305
4.16734693877551 1.84306
4.17142857142857 3.25855
4.17551020408163 3.02755
4.17959183673469 4.9336
4.18367346938776 5.2125
4.18775510204082 7.29549
4.19183673469388 5.36694
4.19591836734694 10.6567
4.2 1.38267
4.20408163265306 0.0831882
4.20816326530612 1.92157
4.21224489795918 0.0
4.21632653061225 0.0
4.22040816326531 2.75156
4.22448979591837 2.5337
4.22857142857143 4.4103
4.23265306122449 4.14705
4.23673469387755 5.64656
4.24081632653061 5.47695
4.24489795918367 4.79807
4.24897959183673 4.40881
4.2530612244898 5.31245
4.25714285714286 4.79015
4.26122448979592 7.13591
4.26530612244898 15.6797
4.26938775510204 23.4714
4.2734693877551 29.1941
4.27755102040816 29.1856
4.28163265306122 25.2216
4.28571428571429 19.354
4.28979591836735 13.7331
4.29387755102041 9.26434
4.29795918367347 25.9078
4.30204081632653 59.7519
4.30612244897959 117.005
4.31020408163265 142.826
4.31428571428571 161.755
4.31836734693878 160.762
4.32244897959184 147.924
4.3265306122449 130.937
4.33061224489796 111.717
4.33469387755102 92.9811
4.33877551020408 73.4626
4.34285714285714 58.1121
4.3469387755102 41.0847
4.35102040816327 30.9141
4.35510204081633 25.4875
4.35918367346939 23.1175
4.36326530612245 24.6016
4.36734693877551 26.9484
4.37142857142857 26.4816
4.37551020408163 23.58
4.37959183673469 18.7386
4.38367346938776 12.4624
4.38775510204082 7.02686
4.39183673469388 7.97111
4.39591836734694 11.173
4.4 15.1122
4.40408163265306 18.6879
4.40816326530612 22.028
4.41224489795918 19.4805
4.41632653061224 14.5651
4.42040816326531 10.5413
4.42448979591837 7.53495
4.42857142857143 5.74843
4.43265306122449 5.54211
4.43673469387755 5.22821
4.44081632653061 16.4858
4.44489795918367 47.5969
4.44897959183673 56.0254
4.4530612244898 46.0053
4.45714285714286 36.9678
4.46122448979592 22.2531
4.46530612244898 10.7356
4.46938775510204 3.88462
4.4734693877551 4.07455
4.47755102040816 5.31624
4.48163265306122 7.44809
4.48571428571429 9.42158
4.48979591836735 8.06923
4.49387755102041 7.22129
4.49795918367347 6.02515
4.50204081632653 23.1884
4.50612244897959 39.5847
4.51020408163265 43.5674
4.51428571428571 41.4302
4.51836734693878 37.6631
4.52244897959184 28.3331
4.5265306122449 31.0904
4.53061224489796 31.066
4.53469387755102 32.6774
4.53877551020408 30.9411
4.54285714285714 37.5888
4.5469387755102 35.8783
4.55102040816327 33.1582
4.55510204081633 27.7388
4.55918367346939 24.5527
4.56326530612245 20.2645
4.56734693877551 16.65
4.57142857142857 12.1166
4.57551020408163 11.2633
4.57959183673469 13.384
4.58367346938776 11.1049
4.58775510204082 9.07292
4.59183673469388 13.9626
4.59591836734694 13.3057
4.6 125.213
4.60408163265306 117.639
4.60816326530612 149.085
4.61224489795918 197.317
4.61632653061224 181.026
4.62040816326531 219.599
4.62448979591837 203.334
4.62857142857143 249.435
4.63265306122449 220.3
4.63673469387755 213.551
4.64081632653061 178.425
4.64489795918367 157.56
4.64897959183673 128.245
4.6530612244898 108.061
4.65714285714286 81.8745
4.66122448979592 63.2415
4.66530612244898 50.9049
4.66938775510204 39.7746
4.6734693877551 31.2004
4.67755102040816 25.0264
4.68163265306122 20.6996
4.68571428571429 15.8429
4.68979591836735 11.7134
4.69387755102041 16.6416
4.69795918367347 16.3055
4.70204081632653 14.2664
4.70612244897959 7.88091
4.71020408163265 1.61406
4.71428571428571 2.30768
4.71836734693878 5.98853
4.72244897959184 17.7069
4.7265306122449 29.4525
4.73061224489796 47.2942
4.73469387755102 61.4495
4.73877551020408 67.766
4.74285714285714 66.0909
4.7469387755102 59.8518
4.75102040816327 53.4422
4.75510204081633 45.3213
4.75918367346939 34.7413
4.76326530612245 23.6475
4.76734693877551 13.2894
4.77142857142857 22.7118
4.77551020408163 30.7746
4.77959183673469 23.1536
4.78367346938775 36.6098
4.78775510204082 20.7328
4.79183673469388 19.0729
4.79591836734694 12.9378
4.8 0.881831
4.80408163265306 6.11847
4.80816326530612 11.0341
4.81224489795918 15.959
4.81632653061224 17.2409
4.82040816326531 17.3541
4.82448979591837 15.1442
4.82857142857143 10.8332
4.83265306122449 6.04402
4.83673469387755 8.88358
4.84081632653061 18.934
4.84489795918367 42.1845
4.84897959183674 23.2901
4.8530612244898 26.195
4.85714285714286 16.5607
4.86122448979592 3.12731
4.86530612244898 2.8754
4.86938775510204 2.43887
4.8734693877551 7.22147
4.87755102040816 4.23757
4.88163265306122 5.18908
4.88571428571429 6.02363
4.88979591836735 7.52282
4.89387755102041 24.8507
4.89795918367347 27.5109
4.90204081632653 26.2556
4.90612244897959 33.6749
4.91020408163265 12.8528
4.91428571428571 17.6253
4.91836734693878 12.48
4.92244897959184 3.36071
4.9265306122449 12.4991
4.93061224489796 5.07784
4.93469387755102 3.30734
4.93877551020408 6.35894
4.94285714285714 8.83012
4.9469387755102 8.59413
4.95102040816327 10.1307
4.95510204081633 12.3412
4.95918367346939 5.8133
4.96326530612245 4.17333
4.96734693877551 8.1135
4.97142857142857 4.39932
4.97551020408163 9.37908
4.97959183673469 5.12521
4.98367346938775 4.68626
4.98775510204082 6.38234
4.99183673469388 2.29535
4.99591836734694 2.75561
5.0 3.37587
5.00408163265306 12.9596
5.00816326530612 5.61059
5.01224489795918 5.47797
5.01632653061225 4.86228
5.02040816326531 5.04194
5.02448979591837 3.91562
5.02857142857143 5.05747
5.03265306122449 19.1794
5.03673469387755 73.4804
5.04081632653061 66.9026
5.04489795918367 85.3405
5.04897959183673 98.3654
5.0530612244898 82.5032
5.05714285714286 68.7556
5.06122448979592 59.73
5.06530612244898 45.361
5.06938775510204 37.5677
5.0734693877551 26.7869
5.07755102040816 15.4706
5.08163265306122 9.15566
5.08571428571429 4.88951
5.08979591836735 1.61139
5.09387755102041 0.0
5.09795918367347 0.0
5.10204081632653 0.0
5.10612244897959 0.923206
5.11020408163265 2.40703
5.11428571428571 5.64018
5.11836734693878 16.7663
5.12244897959184 55.8262
5.1265306122449 48.6526
5.13061224489796 92.8691
5.13469387755102 135.147
5.13877551020408 122.106
5.14285714285714 179.983
5.1469387755102 161.725
5.15102040816326 172.362
5.15510204081633 167.401
5.15918367346939 150.399
5.16326530612245 140.284
5.16734693877551 122.497
5.17142857142857 103.189
5.17551020408163 81.2859
5.17959183673469 59.4938
5.18367346938776 41.7602
5.18775510204082 32.8657
5.19183673469388 38.0456
5.19591836734694 26.933
5.2 23.7705
5.20408163265306 16.2593
5.20816326530612 14.2294
5.21224489795918 10.0465
5.21632653061225 7.22452
5.22040816326531 6.62275
5.22448979591837 7.05063
5.22857142857143 6.55433
5.23265306122449 7.57913
5.23673469387755 5.28427
5.24081632653061 0.0
5.24489795918367 1.74256
5.24897959183673 1.11582
5.2530612244898 2.91905
5.25714285714286 3.72072
5.26122448979592 3.50019
5.26530612244898 2.86003
5.26938775510204 2.39431
5.2734693877551 1.80156
5.27755102040816 13.6979
5.28163265306122 5.68152
5.28571428571429 0.41918
5.28979591836735 0.0
5.29387755102041 0.0106643
5.29795918367347 0.723148
5.30204081632653 1.33592
5.30612244897959 4.11236
5.31020408163265 11.6483
5.31428571428571 7.75804
5.31836734693878 15.1253
5.32244897959184 14.4308
5.3265306122449 49.1109
5.33061224489796 29.6729
5.33469387755102 12.5182
5.33877551020408 5.25563
5.34285714285714 1.27962
5.3469387755102 3.50783
5.35102040816327 1.10918
5.35510204081633 2.55057
5.35918367346939 3.01498
5.36326530612245 4.20963
5.36734693877551 4.25869
5.37142857142857 9.17739
5.37551020408163 6.30487
5.37959183673469 15.6831
5.38367346938776 82.1002
5.38775510204082 111.41
5.39183673469388 157.428
5.39591836734694 156.969
5.4 134.43
5.40408163265306 123.516
5.40816326530612 103.31
5.41224489795918 88.0458
5.41632653061224 69.4224
5.42040816326531 49.2083
5.42448979591837 30.6854
5.42857142857143 29.541
5.43265306122449 23.7877
5.43673469387755 26.6711
5.44081632653061 25.3606
5.44489795918367 29.1607
5.44897959183673 32.6773
5.4530612244898 46.8112
5.45714285714286 66.4292
5.46122448979592 75.805
5.46530612244898 76.2889
5.46938775510204 70.0713
5.4734693877551 65.0034
5.47755102040816 72.8287
5.48163265306122 75.0283
5.48571428571429 66.3818
5.48979591836735 55.3536
5.49387755102041 39.9824
5.49795918367347 35.741
5.50204081632653 28.2931
5.50612244897959 20.2532
5.51020408163265 15.9871
5.51428571428571 13.382
5.51836734693878 13.2733
5.52244897959184 37.3349
5.5265306122449 97.2742
5.53061224489796 130.94
5.53469387755102 153.146
5.53877551020408 205.293
5.54285714285714 233.823
5.5469387755102 238.018
5.55102040816327 242.35
5.55510204081633 236.244
5.55918367346939 220.916
5.56326530612245 210.522
5.56734693877551 175.29
5.57142857142857 154.468
5.57551020408163 148.047
5.57959183673469 107.817
5.58367346938776 99.8864
5.58775510204082 82.1912
5.59183673469388 59.9688
5.59591836734694 49.579
5.6 33.7459
5.60408163265306 23.3296
5.60816326530612 16.4742
5.61224489795918 12.8913
5.61632653061224 8.87009
5.62040816326531 10.1248
5.62448979591837 12.9257
5.62857142857143 14.4798
5.63265306122449 13.8675
5.63673469387755 10.2608
5.64081632653061 6.33802
5.64489795918367 5.10794
5.64897959183673 4.85478
5.6530612244898 6.52224
5.65714285714286 8.85074
5.66122448979592 5.01669
5.66530612244898 9.88783
5.66938775510204 15.4113
5.6734693877551 13.2173
5.67755102040816 16.8153
5.68163265306122 17.5596
5.68571428571429 12.2784
5.68979591836735 7.01232
5.69387755102041 12.0946
5.69795918367347 13.7013
5.70204081632653 13.5927
5.70612244897959 12.3077
5.71020408163265 11.8073
5.71428571428571 9.31452
5.71836734693878 3.93923
5.72244897959184 2.64597
5.7265306122449 0.747561
5.73061224489796 1.28389
5.73469387755102 1.23179
5.73877551020408 2.40888
5.74285714285714 2.9809
5.7469387755102 2.9723
5.75102040816327 3.131
5.75510204081633 2.4027
5.75918367346939 2.44174
5.76326530612245 3.48095
5.76734693877551 2.25498
5.77142857142857 1.8619
5.77551020408163 3.88404
5.77959183673469 3.65919
5.78367346938775 3.39695
5.78775510204082 8.65501
5.79183673469388 10.518
5.79591836734694 9.72914
5.8 7.88156
5.80408163265306 8.14765
5.80816326530612 5.06667
5.81224489795918 3.00799
5.81632653061224 5.25492
5.82040816326531 19.7337
5.82448979591837 33.4249
5.82857142857143 47.7065
5.83265306122449 58.2129
5.83673469387755 69.7473
5.84081632653061 78.8849
5.84489795918367 83.8798
5.84897959183674 78.4944
5.8530612244898 76.0995
5.85714285714286 65.1346
5.86122448979592 52.4244
5.86530612244898 43.0006
5.86938775510204 37.5178
5.8734693877551 24.0724
5.87755102040816 11.8787
5.88163265306122 10.1277
5.88571428571429 4.56549
5.88979591836735 3.46767
5.89387755102041 3.01973
5.89795918367347 5.30553
5.90204081632653 6.48401
5.90612244897959 13.3932
5.91020408163265 21.8412
5.91428571428571 26.2946
5.91836734693878 24.181
5.92244897959184 21.0416
5.9265306122449 14.6866
5.93061224489796 8.235
5.93469387755102 5.53365
5.93877551020408 5.28027
5.94285714285714 6.03493
5.9469387755102 6.92193
5.95102040816327 11.6899
5.95510204081633 16.2903
5.95918367346939 25.8422
5.96326530612245 48.8333
5.96734693877551 67.4391
5.97142857142857 65.4454
5.97551020408163 73.7445
5.97959183673469 73.8734
5.98367346938775 70.0987
5.98775510204082 66.192
5.99183673469388 61.1049
5.99591836734694 54.3644
6.0 47.0947
6.00408163265306 38.7092
6.00816326530612 31.8643
6.01224489795918 21.849
6.01632653061225 14.8731
6.02040816326531 13.4861
6.02448979591837 11.5429
6.02857142857143 6.25454
6.03265306122449 4.7419
6.03673469387755 4.09986
6.04081632653061 3.99297
6.04489795918367 3.32503
6.04897959183673 2.93867
6.0530612244898 2.38513
6.05714285714286 1.65724
6.06122448979592 2.39347
6.06530612244898 2.80839
6.06938775510204 6.08219
6.0734693877551 2.93612
6.07755102040816 9.56004
6.08163265306122 6.51856
6.08571428571429 4.36552
6.08979591836735 3.59794
6.09387755102041 0.0
6.09795918367347 2.62443
6.10204081632653 0.0
6.10612244897959 1.28367
6.11020408163265 30.2854
6.11428571428571 13.0531
6.11836734693878 62.1926
6.12244897959184 73.9581
6.1265306122449 76.2956
6.13061224489796 73.7561
6.13469387755102 52.0677
6.13877551020408 34.5829
6.14285714285714 22.1747
6.1469387755102 13.9383
6.15102040816326 4.27678
6.15510204081633 19.3602
6.15918367346939 18.2587
6.16326530612245 36.7622
6.16734693877551 84.0564
6.17142857142857 112.79
6.17551020408163 190.026
6.17959183673469 217.661
6.18367346938776 250.743
6.18775510204082 228.67
6.19183673469388 213.102
6.19591836734694 183.984
6.2 169.62
6.20408163265306 158.942
6.20816326530612 141.048
6.21224489795918 129.069
6.21632653061225 118.262
6.22040816326531 107.673
6.22448979591837 98.5497
6.22857142857143 85.5216
6.23265306122449 67.8948
6.23673469387755 56.8902
6.24081632653061 46.4299
6.24489795918367 37.6737
6.24897959183673 29.4603
6.2530612244898 21.7666
6.25714285714286 15.1533
6.26122448979592 19.9357
6.26530612244898 31.2171
6.26938775510204 32.0377
6.2734693877551 31.9446
6.27755102040816 32.1695
6.28163265306122 20.4192
6.28571428571429 8.97598
6.28979591836735 6.85835
6.29387755102041 4.66092
6.29795918367347 0.0
6.30204081632653 2.00878
6.30612244897959 9.40275
6.31020408163265 14.5837
6.31428571428571 17.8223
6.31836734693878 20.2916
6.32244897959184 19.4163
6.3265306122449 12.4412
6.33061224489796 6.46326
6.33469387755102 6.22329
6.33877551020408 6.25191
6.34285714285714 3.48637
6.3469387755102 1.5945
6.35102040816327 0.636815
6.35510204081633 0.0
6.35918367346939 0.0
6.36326530612245 3.4139
6.36734693877551 5.79526
6.37142857142857 8.67664
6.37551020408163 6.28837
6.37959183673469 5.93613
6.38367346938776 6.38811
6.38775510204082 3.4819
6.39183673469388 1.62367
6.39591836734694 0.420585
6.4 0.27889
6.40408163265306 5.22794
6.40816326530612 7.90845
6.41224489795918 8.26285
6.41632653061224 7.37888
6.42040816326531 9.6763
6.42448979591837 7.30141
6.42857142857143 6.75415
6.43265306122449 7.42641
6.43673469387755 7.52234
6.44081632653061 7.93734
6.44489795918367 8.20223
6.44897959183673 7.50754
6.4530612244898 6.5066
6.45714285714286 4.67894
6.46122448979592 5.41975
6.46530612244898 4.52884
6.46938775510204 5.77214
6.4734693877551 7.19647
6.47755102040816 7.0109
6.48163265306122 7.98156
6.48571428571429 10.5194
6.48979591836735 13.3407
6.49387755102041 16.6076
6.49795918367347 14.9421
6.50204081632653 11.7811
6.50612244897959 7.63204
6.51020408163265 4.73451
6.51428571428571 2.5591
6.51836734693878 3.14214
6.52244897959184 4.31635
6.5265306122449 4.91444
6.53061224489796 4.08603
6.53469387755102 4.63028
6.53877551020408 4.61308
6.54285714285714 3.64405
6.5469387755102 3.26806
6.55102040816327 4.09122
6.55510204081633 3.69313
6.55918367346939 5.30267
6.56326530612245 5.54265
6.56734693877551 5.63144
6.57142857142857 6.40379
6.57551020408163 11.0084
6.57959183673469 22.1818
6.58367346938776 37.066
6.58775510204082 55.2897
6.59183673469388 71.0164
6.59591836734694 78.6587
6.6 79.5292
6.60408163265306 76.1241
6.60816326530612 72.3497
6.61224489795918 63.6741
6.61632653061224 54.1487
6.62040816326531 56.0011
6.62448979591837 55.5378
6.62857142857143 62.7665
6.63265306122449 55.0364
6.63673469387755 44.1248
6.64081632653061 34.9406
6.64489795918367 24.8541
6.64897959183673 8.79089
6.6530612244898 2.71482
6.65714285714286 1.67998
6.66122448979592 2.41791
6.66530612244898 3.13805
6.66938775510204 3.47716
6.6734693877551 3.71925
6.67755102040816 14.3192
6.68163265306122 32.0492
6.68571428571429 35.9839
6.68979591836735 31.0264
6.69387755102041 17.3238
6.69795918367347 14.7297
6.70204081632653 15.5999
6.70612244897959 21.4333
6.71020408163265 23.6747
6.71428571428571 31.2431
6.71836734693878 46.19
6.72244897959184 79.6176
6.7265306122449 121.881
6.73061224489796 133.481
6.73469387755102 125.698
6.73877551020408 107.461
6.74285714285714 84.0468
6.7469387755102 64.4856
6.75102040816327 46.5136
6.75510204081633 42.2929
6.75918367346939 40.2312
6.76326530612245 42.9781
6.76734693877551 56.7597
6.77142857142857 51.4748
6.77551020408163 59.2162
6.77959183673469 57.2854
6.78367346938775 49.0356
6.78775510204082 37.2506
6.79183673469388 27.5799
6.79591836734694 18.277
6.8 15.1346
6.80408163265306 8.15343
6.80816326530612 7.12398
6.81224489795918 5.1302
6.81632653061224 4.26978
6.82040816326531 3.67274
6.82448979591837 13.2005
6.82857142857143 24.8417
6.83265306122449 26.3693
6.83673469387755 21.6927
6.84081632653061 30.2791
6.84489795918367 27.8615
6.84897959183674 20.9821
6.8530612244898 21.8021
6.85714285714286 16.58
6.86122448979592 13.5468
6.86530612244898 2.33847
6.86938775510204 1.80705
6.8734693877551 1.44366
6.87755102040816 2.30694
6.88163265306122 0.639968
6.88571428571429 2.61705
6.88979591836735 2.09698
6.89387755102041 3.91893
6.89795918367347 4.34778
6.90204081632653 2.87484
6.90612244897959 2.83092
6.91020408163265 1.70414
6.91428571428571 3.26819
6.91836734693878 2.67712
6.92244897959184 1.20022
6.9265306122449 17.4014
6.93061224489796 13.2148
6.93469387755102 12.6435
6.93877551020408 17.5612
6.94285714285714 16.4366
6.9469387755102 20.6958
6.95102040816327 24.5211
6.95510204081633 15.7209
6.95918367346939 10.0909
6.96326530612245 21.296
6.96734693877551 63.6356
6.97142857142857 59.634
6.97551020408163 43.3484
6.97959183673469 41.9672
6.98367346938775 37.0203
6.98775510204082 34.8782
6.99183673469388 55.6048
6.99591836734694 116.823
7.0 131.421
7.00408163265306 133.573
7.00816326530612 153.074
7.01224489795918 167.685
7.01632653061225 183.564
7.02040816326531 175.429
7.02448979591837 166.852
7.02857142857143 161.044
7.03265306122449 134.847
7.03673469387755 100.615
7.04081632653061 74.2235
7.04489795918367 49.6549
7.04897959183673 33.5986
7.0530612244898 22.1588
7.05714285714286 12.7366
7.06122448979592 6.48531
7.06530612244898 4.86286
7.06938775510204 3.08562
7.0734693877551 1.45438
7.07755102040816 1.04219
7.08163265306122 0.0931819
7.08571428571429 2.77085
7.08979591836735 4.08314
7.09387755102041 6.16726
7.09795918367347 18.149
7.10204081632653 71.558
7.10612244897959 86.8194
7.11020408163265 105.581
7.11428571428571 149.135
7.11836734693878 142.626
7.12244897959184 132.068
7.1265306122449 131.673
7.13061224489796 131.41
7.13469387755102 129.217
7.13877551020408 134.821
7.14285714285714 137.609
7.1469387755102 132.599
7.15102040816326 133.029
7.15510204081633 128.037
7.15918367346939 117.981
7.16326530612245 103.207
7.16734693877551 86.4454
7.17142857142857 68.0133
7.17551020408163 54.1809
7.17959183673469 43.5353
7.18367346938776 31.9396
7.18775510204082 27.8089
7.19183673469388 29.4487
7.19591836734694 33.5082
7.2 39.0966
7.20408163265306 38.5967
7.20816326530612 38.5119
7.21224489795918 33.01
7.21632653061225 24.7178
7.22040816326531 19.8024
7.22448979591837 13.5964
7.22857142857143 9.45565
7.23265306122449 8.03994
7.23673469387755 7.95601
7.24081632653061 7.5836
7.24489795918367 7.18936
7.24897959183673 7.61627
7.2530612244898 8.37722
7.25714285714286 6.34712
7.26122448979592 7.38756
7.26530612244898 6.64183
7.26938775510204 6.79487
7.2734693877551 7.79718
7.27755102040816 7.83206
7.28163265306122 6.78909
7.28571428571429 9.89087
7.28979591836735 17.4009
7.29387755102041 17.3374
7.29795918367347 24.4323
7.30204081632653 24.7214
7.30612244897959 25.5445
7.31020408163265 24.2633
7.31428571428571 23.826
7.31836734693878 27.6465
7.32244897959184 26.8461
7.3265306122449 25.2626
7.33061224489796 23.7348
7.33469387755102 15.3682
7.33877551020408 15.6935
7.34285714285714 15.5019
7.3469387755102 10.0218
7.35102040816327 3.95074
7.35510204081633 3.73431
7.35918367346939 1.82677
7.36326530612245 0.252306
7.36734693877551 0.680268
7.37142857142857 0.825425
7.37551020408163 0.962247
7.37959183673469 2.67874
7.38367346938776 2.65167
7.38775510204082 3.72688
7.39183673469388 6.02636
7.39591836734694 11.5357
7.4 11.4241
7.40408163265306 11.9769
7.40816326530612 17.7823
7.41224489795918 39.516
7.41632653061224 60.6338
7.42040816326531 79.6814
7.42448979591837 86.6589
7.42857142857143 93.3479
7.43265306122449 92.0132
7.43673469387755 84.907
7.44081632653061 77.273
7.44489795918367 65.8054
7.44897959183673 44.5458
7.4530612244898 26.6126
7.45714285714286 11.2074
7.46122448979592 2.74541
7.46530612244898 3.09745
7.46938775510204 2.10508
7.4734693877551 0.350952
7.47755102040816 0.0
7.48163265306122 0.0
7.48571428571429 0.0
7.48979591836735 0.0
7.49387755102041 0.277589
7.49795918367347 2.79172
7.50204081632653 1.29718
7.50612244897959 1.32072
7.51020408163265 2.79291
7.51428571428571 12.0941
7.51836734693878 30.0871
7.52244897959184 42.4099
7.5265306122449 45.7911
7.53061224489796 50.5286
7.53469387755102 67.5961
7.53877551020408 78.8888
7.54285714285714 76.2654
7.5469387755102 64.9146
7.55102040816327 52.5186
7.55510204081633 49.3982
7.55918367346939 51.9402
7.56326530612245 56.5171
7.56734693877551 56.4908
7.57142857142857 58.3237
7.57551020408163 58.3437
7.57959183673469 55.9832
7.58367346938776 51.8039
7.58775510204082 46.9193
7.59183673469388 40.4721
7.59591836734694 33.0768
7.6 25.0367
7.60408163265306 17.9684
7.60816326530612 12.0819
7.61224489795918 9.84938
7.61632653061224 19.6115
7.62040816326531 17.606
7.62448979591837 11.5076
7.62857142857143 12.0332
7.63265306122449 8.97236
7.63673469387755 5.91767
7.64081632653061 4.25378
7.64489795918367 1.20838
7.64897959183673 3.26907
7.6530612244898 7.38356
7.65714285714286 10.8024
7.66122448979592 11.9928
7.66530612244898 11.8
7.66938775510204 11.4307
7.6734693877551 11.3929
7.67755102040816 9.05261
7.68163265306122 8.57499
7.68571428571429 7.62781
7.68979591836735 14.8719
7.69387755102041 13.3566
7.69795918367347 15.5802
7.70204081632653 11.3576
7.70612244897959 5.66142
7.71020408163265 4.83785
7.71428571428571 15.7873
7.71836734693878 28.5614
7.72244897959184 9.49867
7.7265306122449 26.3568
7.73061224489796 39.9136
7.73469387755102 51.6359
7.73877551020408 54.2769
7.74285714285714 50.6088
7.7469387755102 45.6582
7.75102040816327 42.7001
7.75510204081633 30.9685
7.75918367346939 27.0999
7.76326530612245 40.1333
7.76734693877551 110.518
7.77142857142857 95.8575
7.77551020408163 200.123
7.77959183673469 245.173
7.78367346938775 240.04
7.78775510204082 281.02
7.79183673469388 347.444
7.79591836734694 317.18
7.8 281.486
7.80408163265306 268.094
7.80816326530612 252.666
7.81224489795918 227.027
7.81632653061224 199.553
7.82040816326531 173.756
7.82448979591837 141.529
7.82857142857143 113.131
7.83265306122449 91.8742
7.83673469387755 73.4303
7.84081632653061 58.2905
7.84489795918367 44.5466
7.84897959183674 31.8697
7.8530612244898 22.0383
7.85714285714286 15.1675
7.86122448979592 9.56275
7.86530612244898 4.39311
7.86938775510204 0.0
7.8734693877551 0.400702
7.87755102040816 1.00948
7.88163265306122 0.774821
7.88571428571429 75.0608
7.88979591836735 64.6415
7.89387755102041 49.8913
7.89795918367347 55.2618
7.90204081632653 52.077
7.90612244897959 34.321
7.91020408163265 49.3539
7.91428571428571 29.6476
7.91836734693878 18.3885
7.92244897959184 26.1133
7.9265306122449 11.7446
7.93061224489796 2.44268
7.93469387755102 5.13229
7.93877551020408 6.55769
7.94285714285714 17.5125
7.9469387755102 36.6553
7.95102040816327 51.2149
7.95510204081633 60.8928
7.95918367346939 66.4028
7.96326530612245 66.4547
7.96734693877551 61.4078
7.97142857142857 53.3293
7.97551020408163 43.8096
7.97959183673469 47.9395
7.98367346938775 68.0955
7.98775510204082 47.9603
7.99183673469388 45.6739
7.99591836734694 25.2352
8.0 18.0101
8.00408163265306 17.3308
8.00816326530612 20.1719
8.01224489795918 8.19351
8.01632653061225 12.5144
8.02040816326531 17.4459
8.02448979591837 31.4048
8.02857142857143 34.3415
8.03265306122449 17.6857
8.03673469387755 29.1749
8.04081632653061 12.5806
8.04489795918367 8.68675
8.04897959183674 23.2538
8.0530612244898 3.11786
8.05714285714286 3.32729
8.06122448979592 2.33645
8.06530612244898 7.66415
8.06938775510204 24.259
8.0734693877551 46.8155
8.07755102040816 21.9494
8.08163265306122 54.6955
8.08571428571429 33.4211
8.08979591836735 16.0536
8.09387755102041 32.9622
8.09795918367347 29.6585
8.10204081632653 15.0767
8.10612244897959 15.4948
8.11020408163265 14.4544
8.11428571428571 19.3178
8.11836734693878 19.1204
8.12244897959184 6.92899
8.1265306122449 4.18557
8.13061224489796 12.3524
8.13469387755102 1.59504
8.13877551020408 1.07255
8.14285714285714 18.9842
8.1469387755102 1.45704
8.15102040816327 32.1909
8.15510204081633 26.0707
8.15918367346939 13.3471
8.16326530612245 36.8522
8.16734693877551 7.56977
8.17142857142857 3.20792
8.17551020408163 3.65194
8.17959183673469 5.39071
8.18367346938776 12.2349
8.18775510204082 18.3906
8.19183673469388 40.0536
8.19591836734694 67.2333
8.2 78.06
8.20408163265306 73.3389
8.20816326530612 71.2009
8.21224489795918 63.2076
8.21632653061224 59.734
8.22040816326531 52.2797
8.22448979591837 45.4877
8.22857142857143 39.4922
8.23265306122449 35.7296
8.23673469387755 35.3641
8.24081632653061 38.8292
8.24489795918367 59.7264
8.24897959183673 95.7563
8.2530612244898 85.6205
8.25714285714286 92.0665
8.26122448979592 66.2337
8.26530612244898 48.1991
8.26938775510204 25.1827
8.2734693877551 4.2275
8.27755102040816 4.64778
8.28163265306122 10.1303
8.28571428571429 15.1755
8.28979591836735 17.0345
8.29387755102041 18.3808
8.29795918367347 17.433
8.30204081632653 17.4117
8.30612244897959 24.5128
8.31020408163265 35.6776
8.31428571428571 42.1105
8.31836734693877 32.4088
8.32244897959184 24.8482
8.3265306122449 30.47
8.33061224489796 22.8763
8.33469387755102 31.4161
8.33877551020408 57.0604
8.34285714285714 67.7506
8.3469387755102 82.9363
8.35102040816327 81.6697
8.35510204081633 86.6702
8.35918367346939 84.2169
8.36326530612245 85.3756
8.36734693877551 70.895
8.37142857142857 45.6255
8.37551020408163 43.8958
8.37959183673469 22.3152
8.38367346938776 29.1672
8.38775510204082 7.17745
8.39183673469388 39.677
8.39591836734694 23.5762
8.4 35.1981
8.40408163265306 35.4082
8.40816326530612 43.8558
8.41224489795918 32.7324
8.41632653061225 24.2595
8.42040816326531 9.17284
8.42448979591837 1.22356
8.42857142857143 0.617007
8.43265306122449 2.47735
8.43673469387755 3.82054
8.44081632653061 4.81061
8.44489795918367 5.51787
8.44897959183673 6.51816
8.4530612244898 29.6039
8.45714285714286 58.5682
8.46122448979592 90.1739
8.46530612244898 91.7341
8.46938775510204 68.2886
8.4734693877551 48.1837
8.47755102040816 34.3976
8.48163265306122 20.5028
8.48571428571429 12.2765
8.48979591836735 10.0385
8.49387755102041 6.08109
8.49795918367347 6.01763
8.50204081632653 6.31066
8.50612244897959 7.70163
8.51020408163265 9.4633
8.51428571428571 15.9677
8.51836734693878 13.2445
8.52244897959184 8.99081
8.5265306122449 7.83294
8.53061224489796 7.02176
8.53469387755102 6.24197
8.53877551020408 4.84961
8.54285714285714 2.40947
8.5469387755102 14.6655
8.55102040816327 0.0
8.55510204081633 0.0
8.55918367346939 39.3871
8.56326530612245 50.6546
8.56734693877551 46.1356
8.57142857142857 53.3921
8.57551020408163 69.2139
8.57959183673469 86.9121
8.58367346938775 95.5192
8.58775510204082 103.451
8.59183673469388 99.0525
8.59591836734694 103.456
8.6 119.395
8.60408163265306 119.073
8.60816326530612 123.577
8.61224489795918 109.52
8.61632653061224 85.0917
8.62040816326531 71.5181
8.62448979591837 61.4513
8.62857142857143 65.4562
8.63265306122449 74.0769
8.63673469387755 79.7768
8.64081632653061 80.1711
8.64489795918367 74.6515
8.64897959183673 64.4462
8.6530612244898 56.5416
8.65714285714286 56.1259
8.66122448979592 50.2707
8.66530612244898 47.344
8.66938775510204 41.9964
8.6734693877551 38.1697
8.67755102040816 25.4102
8.68163265306123 19.5609
8.68571428571429 13.4002
8.68979591836735 11.7782
8.69387755102041 11.4438
8.69795918367347 11.3555
8.70204081632653 15.6733
8.70612244897959 19.439
8.71020408163265 22.417
8.71428571428571 21.1651
8.71836734693878 30.3829
8.72244897959184 38.0976
8.7265306122449 126.798
8.73061224489796 125.577
8.73469387755102 192.513
8.73877551020408 212.346
8.74285714285714 240.127
8.7469387755102 227.122
8.75102040816327 203.498
8.75510204081633 174.259
8.75918367346939 143.707
8.76326530612245 107.828
8.76734693877551 85.4878
8.77142857142857 65.3714
8.77551020408163 47.0225
8.77959183673469 34.8697
8.78367346938776 23.0238
8.78775510204082 16.8368
8.79183673469388 27.4661
8.79591836734694 37.1155
8.8 36.6871
8.80408163265306 28.4815
8.80816326530612 13.4285
8.81224489795918 5.82023
8.81632653061224 4.06379
8.82040816326531 4.71532
8.82448979591837 5.87412
8.82857142857143 5.41129
8.83265306122449 9.32511
8.83673469387755 21.5153
8.84081632653061 25.5363
8.84489795918367 19.6798
8.84897959183673 10.2305
8.8530612244898 10.3034
8.85714285714286 5.93651
8.86122448979592 4.13766
8.86530612244898 2.91938
8.86938775510204 2.24606
8.8734693877551 1.72615
8.87755102040816 15.592
8.88163265306122 12.9246
8.88571428571429 12.9695
8.88979591836735 12.8477
8.89387755102041 10.8995
8.89795918367347 18.6228
8.90204081632653 18.3729
8.90612244897959 9.358
8.91020408163265 14.6639
8.91428571428571 7.58012
8.91836734693878 9.02792
8.92244897959184 13.6854
8.9265306122449 8.50873
8.93061224489796 6.52644
8.93469387755102 3.86056
8.93877551020408 1.28146
8.94285714285714 1.40499
8.9469387755102 22.5826
8.95102040816326 16.8357
8.95510204081633 17.945
8.95918367346939 10.2796
8.96326530612245 13.7981
8.96734693877551 7.99159
8.97142857142857 10.008
8.97551020408163 6.90687
8.97959183673469 15.1765
8.98367346938775 40.5623
8.98775510204082 65.7095
8.99183673469388 76.6979
8.99591836734694 93.2935
9.0 89.6542
9.00408163265306 80.2751
9.00816326530612 68.9717
9.01224489795918 53.3314
9.01632653061225 53.8461
9.02040816326531 40.4684
9.02448979591837 31.1643
9.02857142857143 24.6159
9.03265306122449 32.6526
9.03673469387755 25.0004
9.04081632653061 22.2062
9.04489795918367 22.4915
9.04897959183674 12.7658
9.0530612244898 21.929
9.05714285714286 17.8834
9.06122448979592 14.3771
9.06530612244898 9.3956
9.06938775510204 11.2093
9.0734693877551 13.8193
9.07755102040816 15.8757
9.08163265306122 15.9303
9.08571428571429 13.6245
9.08979591836735 12.0765
9.09387755102041 10.3367
9.09795918367347 12.0763
9.10204081632653 43.444
9.10612244897959 66.9505
9.11020408163265 79.6653
9.11428571428571 86.2285
9.11836734693878 92.894
9.12244897959184 84.6862
9.1265306122449 74.1357
9.13061224489796 56.7933
9.13469387755102 38.9175
9.13877551020408 40.311
9.14285714285714 33.6135
9.1469387755102 36.1194
9.15102040816327 41.8292
9.15510204081633 49.3147
9.15918367346939 48.5343
9.16326530612245 43.1567
9.16734693877551 35.6207
9.17142857142857 27.2173
9.17551020408163 18.248
9.17959183673469 10.3215
9.18367346938776 5.20348
9.18775510204082 2.65749
9.19183673469388 6.34
9.19591836734694 8.51903
9.2 7.43669
9.20408163265306 8.38545
9.20816326530612 30.9323
9.21224489795918 20.608
9.21632653061224 10.4601
9.22040816326531 5.30079
9.22448979591837 4.14806
9.22857142857143 1.61884
9.23265306122449 1.36152
9.23673469387755 1.41778
9.24081632653061 3.43755
9.24489795918367 4.45468
9.24897959183673 3.86855
9.2530612244898 2.31156
9.25714285714286 0.731707
9.26122448979592 0.591951
9.26530612244898 0.623971
9.26938775510204 0.668236
9.2734693877551 0.977844
9.27755102040816 1.21479
9.28163265306122 1.24763
9.28571428571429 1.37252
9.28979591836735 2.19052
9.29387755102041 2.50359
9.29795918367347 7.93286
9.30204081632653 34.1766
9.30612244897959 4.3109
9.31020408163265 9.54926
9.31428571428571 10.4868
9.31836734693877 7.27054
9.32244897959184 9.46864
9.3265306122449 5.32268
9.33061224489796 6.65677
9.33469387755102 7.15532
9.33877551020408 11.2843
9.34285714285714 23.518
9.3469387755102 52.1108
9.35102040816327 216.534
9.35510204081633 230.087
9.35918367346939 233.816
9.36326530612245 298.335
9.36734693877551 302.744
9.37142857142857 247.971
9.37551020408163 237.961
9.37959183673469 232.151
9.38367346938776 221.888
9.38775510204082 203.969
9.39183673469388 186.192
9.39591836734694 159.241
9.4 137.908
9.40408163265306 114.205
9.40816326530612 95.9993
9.41224489795918 75.2125
9.41632653061225 58.9279
9.42040816326531 41.5626
9.42448979591837 27.531
9.42857142857143 16.8782
9.43265306122449 8.94534
9.43673469387755 5.54317
9.44081632653061 3.74406
9.44489795918367 10.1019
9.44897959183673 11.5557
9.4530612244898 5.22026
9.45714285714286 8.96677
9.46122448979592 22.0348
9.46530612244898 27.5015
9.46938775510204 45.3885
9.4734693877551 42.1668
9.47755102040816 25.3135
9.48163265306122 36.0599
9.48571428571429 14.9275
9.48979591836735 6.44565
9.49387755102041 12.4026
9.49795918367347 3.93101
9.50204081632653 7.7242
9.50612244897959 13.1417
9.51020408163265 13.0577
9.51428571428571 16.6884
9.51836734693878 15.8218
9.52244897959184 24.3722
9.5265306122449 29.6238
9.53061224489796 12.2789
9.53469387755102 10.4664
9.53877551020408 4.4179
9.54285714285714 3.59756
9.5469387755102 1.71702
9.55102040816327 1.11965
9.55510204081633 1.39543
9.55918367346939 1.44014
9.56326530612245 0.38588
9.56734693877551 0.282417
9.57142857142857 19.9433
9.57551020408163 20.5956
9.57959183673469 22.4745
9.58367346938775 20.2103
9.58775510204082 10.095
9.59183673469388 6.69249
9.59591836734694 5.86192
9.6 9.47818
9.60408163265306 11.5547
9.60816326530612 12.3713
9.61224489795918 12.0875
9.61632653061224 11.3636
9.62040816326531 37.5925
9.62448979591837 9.51091
9.62857142857143 17.4407
9.63265306122449 9.76068
9.63673469387755 10.9341
9.64081632653061 14.6505
9.64489795918367 10.3466
9.64897959183673 10.3846
9.6530612244898 29.2815
9.65714285714286 9.76499
9.66122448979592 8.51136
9.66530612244898 30.3763
9.66938775510204 14.2097
9.6734693877551 19.6596
9.67755102040816 9.1731
9.68163265306123 2.34129
9.68571428571429 2.27095
9.68979591836735 2.18562
9.69387755102041 2.01357
9.69795918367347 4.12643
9.70204081632653 6.4167
9.70612244897959 7.21563
9.71020408163265 13.7388
9.71428571428571 7.64112
9.71836734693878 21.1576
9.72244897959184 40.3017
9.7265306122449 2.92236
9.73061224489796 1.27793
9.73469387755102 12.4069
9.73877551020408 1.30884
9.74285714285714 1.83823
9.7469387755102 2.54279
9.75102040816327 3.7837
9.75510204081633 14.4496
9.75918367346939 64.4755
9.76326530612245 55.8728
9.76734693877551 54.2476
9.77142857142857 126.873
9.77551020408163 112.86
9.77959183673469 108.206
9.78367346938776 114.977
9.78775510204082 113.404
9.79183673469388 98.5081
9.79591836734694 93.5174
9.8 85.2502
9.80408163265306 73.6607
9.80816326530612 63.7179
9.81224489795918 49.8301
9.81632653061224 35.1664
9.82040816326531 22.4998
9.82448979591837 9.20945
9.82857142857143 4.53616
9.83265306122449 4.18711
9.83673469387755 3.55561
9.84081632653061 6.38051
9.84489795918367 9.83323
9.84897959183673 13.382
9.8530612244898 16.8629
9.85714285714286 19.5792
9.86122448979592 18.5992
9.86530612244898 19.927
9.86938775510204 17.9359
9.8734693877551 18.347
9.87755102040816 16.8269
9.88163265306122 20.6712
9.88571428571429 39.0968
9.88979591836735 59.371
9.89387755102041 81.8913
9.89795918367347 110.666
9.90204081632653 124.203
9.90612244897959 114.928
9.91020408163265 106.492
9.91428571428571 101.755
9.91836734693878 90.3889
9.92244897959184 87.0639
9.9265306122449 77.9887
9.93061224489796 71.918
9.93469387755102 68.7576
9.93877551020408 64.0196
9.94285714285714 62.74
9.9469387755102 59.4482
9.95102040816326 57.7024
9.95510204081633 55.8222
9.95918367346939 49.8072
9.96326530612245 51.0394
9.96734693877551 51.1154
9.97142857142857 55.5349
9.97551020408163 58.8148
9.97959183673469 64.0533
9.98367346938775 55.6129
9.98775510204082 53.2718
9.99183673469388 41.4904
9.99591836734694 39.8033
10.0 27.0831
10.0040816326531 21.249
10.0081632653061 10.3655
10.0122448979592 10.9188
10.0163265306122 4.24262
10.0204081632653 5.76713
10.0244897959184 3.57781
10.0285714285714 7.15093
10.0326530612245 10.9824
10.0367346938776 12.7258
10.0408163265306 15.3418
10.0448979591837 14.4243
10.0489795918367 10.9217
10.0530612244898 6.7821
10.0571428571429 4.31288
10.0612244897959 3.11426
10.065306122449 1.81114
10.069387755102 0.713771
10.0734693877551 0.546833
10.0775510204082 0.562727
10.0816326530612 0.467896
10.0857142857143 0.296156
10.0897959183673 0.0583927
10.0938775510204 0.0
10.0979591836735 0.0
10.1020408163265 0.0
10.1061224489796 0.0
10.1102040816327 0.0
10.1142857142857 0.0
10.1183673469388 1.29535
10.1224489795918 1.9629
10.1265306122449 2.33308
10.130612244898 3.582
10.134693877551 5.09712
10.1387755102041 7.50304
10.1428571428571 11.6771
10.1469387755102 19.7164
10.1510204081633 29.6738
10.1551020408163 34.3795
10.1591836734694 32.8811
10.1632653061224 29.1966
10.1673469387755 21.1185
10.1714285714286 18.1209
10.1755102040816 12.5559
10.1795918367347 15.9727
10.1836734693878 16.7128
10.1877551020408 11.2187
10.1918367346939 14.5561
10.1959183673469 19.0013
10.2 19.5526
10.2040816326531 17.4612
10.2081632653061 14.6559
10.2122448979592 16.3365
10.2163265306122 19.8728
10.2204081632653 23.9096
10.2244897959184 31.9594
10.2285714285714 39.0721
10.2326530612245 44.0801
10.2367346938776 42.8572
10.2408163265306 37.5442
10.2448979591837 29.3386
10.2489795918367 21.7893
10.2530612244898 16.8572
10.2571428571429 12.1985
10.2612244897959 7.26289
10.265306122449 5.28793
10.269387755102 2.32193
10.2734693877551 0.0
10.2775510204082 2.80649
10.2816326530612 9.44521
10.2857142857143 26.1839
10.2897959183673 41.7775
10.2938775510204 73.0442
10.2979591836735 98.7747
10.3020408163265 107.408
10.3061224489796 108.986
10.3102040816327 120.089
10.3142857142857 139.36
10.3183673469388 140.467
10.3224489795918 133.669
10.3265306122449 127.812
10.330612244898 114.468
10.334693877551 81.9442
10.3387755102041 66.5716
10.3428571428571 60.6297
10.3469387755102 37.0916
10.3510204081633 29.8591
10.3551020408163 23.5612
10.3591836734694 17.4635
10.3632653061224 12.046
10.3673469387755 16.0353
10.3714285714286 25.7752
10.3755102040816 66.1907
10.3795918367347 88.3586
10.3836734693878 125.783
10.3877551020408 118.155
10.3918367346939 105.492
10.3959183673469 92.1678
10.4 82.116
10.4040816326531 69.5545
10.4081632653061 59.5276
10.4122448979592 49.0794
10.4163265306122 39.745
10.4204081632653 33.2859
10.4244897959184 26.3062
10.4285714285714 17.9566
10.4326530612245 12.6838
10.4367346938776 6.99284
10.4408163265306 7.07992
10.4448979591837 4.8124
10.4489795918367 6.02274
10.4530612244898 4.21062
10.4571428571429 7.22036
10.4612244897959 9.00785
10.465306122449 10.0318
10.469387755102 11.6356
10.4734693877551 11.5108
10.4775510204082 11.2418
10.4816326530612 7.91574
10.4857142857143 6.21804
10.4897959183673 6.53164
10.4938775510204 6.07266
10.4979591836735 2.44687
10.5020408163265 3.96138
10.5061224489796 9.50538
10.5102040816327 12.2149
10.5142857142857 14.3257
10.5183673469388 16.0185
10.5224489795918 15.9215
10.5265306122449 14.572
10.530612244898 16.1105
10.534693877551 14.0563
10.5387755102041 11.5903
10.5428571428571 7.82925
10.5469387755102 3.5704
10.5510204081633 1.78116
10.5551020408163 0.0
10.5591836734694 0.0
10.5632653061224 0.624577
10.5673469387755 5.08952
10.5714285714286 1.85284
10.5755102040816 0.716801
10.5795918367347 0.625466
10.5836734693878 1.85114
10.5877551020408 5.79055
10.5918367346939 8.07516
10.5959183673469 9.02724
10.6 9.15933
10.6040816326531 6.48546
10.6081632653061 2.43058
10.6122448979592 0.432303
10.6163265306122 0.997485
10.6204081632653 1.72558
10.6244897959184 2.17612
10.6285714285714 1.86099
10.6326530612245 2.39359
10.6367346938776 2.09022
10.6408163265306 3.50529
10.6448979591837 4.55991
10.6489795918367 3.85047
10.6530612244898 1.30264
10.6571428571429 1.61203
10.6612244897959 0.378042
10.665306122449 0.648975
10.669387755102 0.207216
10.6734693877551 0.0
10.6775510204082 1.28001
10.6816326530612 2.55133
10.6857142857143 8.18844
10.6897959183673 20.9131
10.6938775510204 40.9519
10.6979591836735 71.022
10.7020408163265 97.5728
10.7061224489796 133.86
10.7102040816327 148.926
10.7142857142857 163.694
10.7183673469388 158.002
10.7224489795918 144.867
10.7265306122449 131.569
10.730612244898 115.772
10.734693877551 97.1926
10.7387755102041 77.4237
10.7428571428571 56.5773
10.7469387755102 39.9375
10.7510204081633 28.0492
10.7551020408163 18.6543
10.7591836734694 13.7204
10.7632653061224 10.7929
10.7673469387755 12.9286
10.7714285714286 14.403
10.7755102040816 12.8124
10.7795918367347 11.2762
10.7836734693878 8.63549
10.7877551020408 8.97759
10.7918367346939 8.78788
10.7959183673469 8.51213
10.8 7.5404
10.8040816326531 6.45612
10.8081632653061 4.75224
10.8122448979592 3.80698
10.8163265306122 2.91911
10.8204081632653 2.83267
10.8244897959184 2.77702
10.8285714285714 2.5064
10.8326530612245 2.41435
10.8367346938776 13.4644
10.8408163265306 41.6864
10.8448979591837 17.3376
10.8489795918367 29.2224
10.8530612244898 11.1556
10.8571428571429 11.8365
10.8612244897959 4.74715
10.865306122449 2.52786
10.869387755102 3.64872
10.8734693877551 10.5974
10.8775510204082 5.53342
10.8816326530612 9.88374
10.8857142857143 9.24703
10.8897959183673 22.3723
10.8938775510204 20.2415
10.8979591836735 65.2455
10.9020408163265 73.4365
10.9061224489796 81.1584
10.9102040816327 77.3842
10.9142857142857 77.405
10.9183673469388 67.0431
10.9224489795918 47.5858
10.9265306122449 38.9256
10.930612244898 33.5789
10.934693877551 26.0738
10.9387755102041 32.7846
10.9428571428571 22.0753
10.9469387755102 35.5988
10.9510204081633 38.0595
10.9551020408163 70.836
10.9591836734694 67.9275
10.9632653061224 103.323
10.9673469387755 136.462
10.9714285714286 173.758
10.9755102040816 198.247
10.9795918367347 175.707
10.9836734693878 206.081
10.9877551020408 179.092
10.9918367346939 192.583
10.9959183673469 182.984
11.0 183.879
11.0040816326531 169.55
11.0081632653061 149.457
11.0122448979592 134.806
11.0163265306122 109.046
11.0204081632653 85.9471
11.0244897959184 67.7532
11.0285714285714 54.5249
11.0326530612245 38.8442
11.0367346938776 27.5689
11.0408163265306 17.2276
11.0448979591837 7.11173
11.0489795918367 1.36269
11.0530612244898 0.934643
11.0571428571429 6.79871
11.0612244897959 16.0519
11.065306122449 14.4456
11.069387755102 13.2961
11.0734693877551 3.92147
11.0775510204082 3.72354
11.0816326530612 5.59147
11.0857142857143 6.96053
11.0897959183673 6.75587
11.0938775510204 14.8319
11.0979591836735 26.2575
11.1020408163265 40.7104
11.1061224489796 43.6276
11.1102040816327 36.9597
11.1142857142857 31.4097
11.1183673469388 20.097
11.1224489795918 9.67381
11.1265306122449 2.72526
11.130612244898 3.73689
11.134693877551 11.4873
11.1387755102041 26.1394
11.1428571428571 40.4577
11.1469387755102 50.3696
11.1510204081633 57.7909
11.1551020408163 58.1946
11.1591836734694 69.4905
11.1632653061224 95.8746
11.1673469387755 84.3723
11.1714285714286 63.1871
11.1755102040816 44.7169
11.1795918367347 25.8401
11.1836734693878 15.7589
11.1877551020408 11.6825
11.1918367346939 10.4121
11.1959183673469 8.85618
11.2 7.14293
11.2040816326531 5.26696
11.2081632653061 4.90452
11.2122448979592 7.02767
11.2163265306122 8.22838
11.2204081632653 19.1609
11.2244897959184 18.5005
11.2285714285714 11.7866
11.2326530612245 9.89578
11.2367346938776 8.88167
11.2408163265306 13.1737
11.2448979591837 19.2353
11.2489795918367 22.4082
11.2530612244898 22.4465
11.2571428571429 21.4393
11.2612244897959 28.5505
11.265306122449 23.9373
11.269387755102 24.0861
11.2734693877551 19.9207
11.2775510204082 17.7257
11.2816326530612 14.5328
11.2857142857143 9.73205
11.2897959183673 7.8691
11.2938775510204 8.70972
11.2979591836735 8.26262
11.3020408163265 7.9128
11.3061224489796 5.96519
11.3102040816327 4.91655
11.3142857142857 4.76599
11.3183673469388 3.33307
11.3224489795918 4.15881
11.3265306122449 5.79041
11.330612244898 5.61791
11.334693877551 8.55333
11.3387755102041 7.7777
11.3428571428571 8.53554
11.3469387755102 8.41958
11.3510204081633 20.0109
11.3551020408163 7.42424
11.3591836734694 8.07876
11.3632653061224 9.53691
11.3673469387755 8.91774
11.3714285714286 10.0227
11.3755102040816 8.33411
11.3795918367347 7.49773
11.3836734693878 8.00044
11.3877551020408 8.124
11.3918367346939 9.84231
11.3959183673469 17.2308
11.4 58.8835
11.4040816326531 68.9178
11.4081632653061 94.1245
11.4122448979592 95.9992
11.4163265306122 69.2465
11.4204081632653 67.8994
11.4244897959184 68.5709
11.4285714285714 65.6625
11.4326530612245 63.0424
11.4367346938776 57.3038
11.4408163265306 46.5803
11.4448979591837 36.4383
11.4489795918367 26.5862
11.4530612244898 18.3067
11.4571428571429 6.91936
11.4612244897959 11.423
11.465306122449 4.49553
11.469387755102 5.48028
11.4734693877551 5.60702
11.4775510204082 5.59101
11.4816326530612 4.92114
11.4857142857143 3.44777
11.4897959183673 7.14347
11.4938775510204 28.5691
11.4979591836735 2.07798
11.5020408163265 6.68558
11.5061224489796 5.69586
11.5102040816327 8.01657
11.5142857142857 15.353
11.5183673469388 27.0507
11.5224489795918 125.451
11.5265306122449 128.247
11.530612244898 213.913
11.534693877551 236.871
11.5387755102041 271.282
11.5428571428571 260.989
11.5469387755102 244.275
11.5510204081633 228.096
11.5551020408163 196.464
11.5591836734694 164.055
11.5632653061224 125.24
11.5673469387755 89.8632
11.5714285714286 56.3144
11.5755102040816 28.6925
11.5795918367347 13.7933
11.5836734693878 8.06586
11.5877551020408 5.60112
11.5918367346939 3.95807
11.5959183673469 3.72612
11.6 5.15689
11.6040816326531 5.45673
11.6081632653061 4.43765
11.6122448979592 23.8017
11.6163265306122 41.8582
11.6204081632653 30.2137
11.6244897959184 24.316
11.6285714285714 9.76739
11.6326530612245 0.316401
11.6367346938776 0.49758
11.6408163265306 0.522355
11.6448979591837 0.408967
11.6489795918367 0.0332991
11.6530612244898 0.0
11.6571428571429 0.0
11.6612244897959 0.0
11.665306122449 15.2762
11.669387755102 29.0059
11.6734693877551 34.2868
11.6775510204082 34.8302
11.6816326530612 29.7607
11.6857142857143 18.7362
11.6897959183673 14.322
11.6938775510204 10.3874
11.6979591836735 8.51098
11.7020408163265 8.0516
11.7061224489796 1.11763
11.7102040816327 0.529091
11.7142857142857 6.56015
11.7183673469388 7.79089
11.7224489795918 21.7178
11.7265306122449 33.3496
11.730612244898 29.5222
11.734693877551 20.4078
11.7387755102041 12.4497
11.7428571428571 4.24225
11.7469387755102 1.49814
11.7510204081633 1.46882
11.7551020408163 2.71452
11.7591836734694 7.31322
11.7632653061224 4.57052
11.7673469387755 3.11327
11.7714285714286 9.17065
11.7755102040816 10.7998
11.7795918367347 18.8153
11.7836734693878 50.4141
11.7877551020408 84.1615
11.7918367346939 91.3488
11.7959183673469 85.1717
11.8 84.5239
11.8040816326531 67.2471
11.8081632653061 54.1659
11.8122448979592 44.3295
11.8163265306122 31.5679
11.8204081632653 24.0808
11.8244897959184 17.9881
11.8285714285714 18.6858
11.8326530612245 13.0258
11.8367346938776 6.95389
11.8408163265306 4.70307
11.8448979591837 3.43932
11.8489795918367 2.59868
11.8530612244898 1.82661
11.8571428571429 1.15451
11.8612244897959 0.499527
11.865306122449 0.0506838
11.869387755102 0.0
11.8734693877551 0.0
11.8775510204082 1.48401
11.8816326530612 9.58619
11.8857142857143 10.5072
11.8897959183673 11.8574
11.8938775510204 30.1526
11.8979591836735 28.6969
11.9020408163265 66.9413
11.9061224489796 76.4883
11.9102040816327 146.317
11.9142857142857 174.853
11.9183673469388 218.937
11.9224489795918 213.665
11.9265306122449 261.704
11.930612244898 268.945
11.934693877551 271.36
11.9387755102041 280.545
11.9428571428571 248.981
11.9469387755102 249.878
11.9510204081633 246.933
11.9551020408163 241.406
11.9591836734694 222.372
11.9632653061224 194.93
11.9673469387755 160.103
11.9714285714286 138.635
11.9755102040816 108.708
11.9795918367347 85.3911
11.9836734693878 65.5023
11.9877551020408 43.3947
11.9918367346939 27.3512
11.9959183673469 17.8342
12.0 15.1367
12.0040816326531 14.3179
12.0081632653061 14.0189
12.0122448979592 14.1678
12.0163265306122 16.1999
12.0204081632653 15.5111
12.0244897959184 15.3692
12.0285714285714 14.9394
12.0326530612245 16.7237
12.0367346938776 11.2559
12.0408163265306 17.6295
12.0448979591837 10.63
12.0489795918367 13.9188
12.0530612244898 14.1166
12.0571428571429 2.94249
12.0612244897959 14.9631
12.065306122449 16.1997
12.069387755102 12.7902
12.0734693877551 11.892
12.0775510204082 9.65741
12.0816326530612 6.10162
12.0857142857143 2.0216
12.0897959183673 3.62892
12.0938775510204 5.01971
12.0979591836735 4.4794
12.1020408163265 4.38571
12.1061224489796 6.91567
12.1102040816327 5.76377
12.1142857142857 3.74306
12.1183673469388 4.57231
12.1224489795918 3.22613
12.1265306122449 1.95876
12.130612244898 0.815938
12.134693877551 1.01916
12.1387755102041 1.56525
12.1428571428571 2.8125
12.1469387755102 2.98381
12.1510204081633 2.74325
12.1551020408163 2.77848
12.1591836734694 4.60577
12.1632653061224 4.1791
12.1673469387755 5.16219
12.1714285714286 6.30816
12.1755102040816 11.5897
12.1795918367347 4.62314
12.1836734693878 11.4357
12.1877551020408 13.1624
12.1918367346939 7.3167
12.1959183673469 15.9815
12.2 9.71552
12.2040816326531 4.85258
12.2081632653061 11.3339
12.2122448979592 18.8773
12.2163265306122 31.9312
12.2204081632653 42.9829
12.2244897959184 62.4513
12.2285714285714 69.2959
12.2326530612245 72.3838
12.2367346938776 72.2252
12.2408163265306 62.7289
12.2448979591837 52.6672
12.2489795918367 45.8744
12.2530612244898 41.6663
12.2571428571429 31.5096
12.2612244897959 23.4144
12.265306122449 21.4229
12.269387755102 13.5831
12.2734693877551 10.6294
12.2775510204082 11.9543
12.2816326530612 12.1785
12.2857142857143 11.2192
12.2897959183673 13.0939
12.2938775510204 12.0524
12.2979591836735 8.22476
12.3020408163265 5.97171
12.3061224489796 4.89656
12.3102040816327 4.1264
12.3142857142857 2.90767
12.3183673469388 1.55951
12.3224489795918 3.47125
12.3265306122449 2.71088
12.330612244898 6.32972
12.334693877551 12.0039
12.3387755102041 12.5158
12.3428571428571 15.4804
12.3469387755102 15.8868
12.3510204081633 14.4477
12.3551020408163 12.9041
12.3591836734694 11.9729
12.3632653061224 10.9113
12.3673469387755 22.4661
12.3714285714286 41.2834
12.3755102040816 62.6224
12.3795918367347 78.4558
12.3836734693878 77.9817
12.3877551020408 67.8057
12.3918367346939 52.2539
12.3959183673469 37.7144
12.4 23.5106
12.4040816326531 16.7839
12.4081632653061 10.9561
12.4122448979592 7.05749
12.4163265306122 6.40556
12.4204081632653 6.35428
12.4244897959184 6.81019
12.4285714285714 7.21458
12.4326530612245 6.38626
12.4367346938776 4.95054
12.4408163265306 4.10364
12.4448979591837 3.02998
12.4489795918367 2.2804
12.4530612244898 1.77654
12.4571428571429 1.8404
12.4612244897959 2.30589
12.465306122449 4.18714
12.469387755102 7.78839
12.4734693877551 7.88457
12.4775510204082 4.46142
12.4816326530612 1.22995
12.4857142857143 0.558088
12.4897959183673 0.129516
12.4938775510204 0.244627
12.4979591836735 0.0
12.5020408163265 0.0587056
12.5061224489796 14.9759
12.5102040816327 18.9006
12.5142857142857 54.0088
12.5183673469388 59.8133
12.5224489795918 47.181
12.5265306122449 40.1688
12.530612244898 37.0033
12.534693877551 21.4547
12.5387755102041 16.6071
12.5428571428571 21.4143
12.5469387755102 13.1476
12.5510204081633 16.7169
12.5551020408163 18.4483
12.5591836734694 16.3914
12.5632653061224 16.8794
12.5673469387755 28.889
12.5714285714286 68.6129
12.5755102040816 115.915
12.5795918367347 117.633
12.5836734693878 154.036
12.5877551020408 143.896
12.5918367346939 140.86
12.5959183673469 199.847
12.6 261.043
12.6040816326531 256.7
12.6081632653061 300.423
12.6122448979592 289.522
12.6163265306122 263.301
12.6204081632653 260.995
12.6244897959184 245.528
12.6285714285714 226.512
12.6326530612245 203.265
12.6367346938776 178.093
12.6408163265306 150.438
12.6448979591837 123.206
12.6489795918367 98.631
12.6530612244898 74.0993
12.6571428571429 50.7242
12.6612244897959 32.0476
12.665306122449 24.2214
12.669387755102 18.8895
12.6734693877551 15.2503
12.6775510204082 12.7256
12.6816326530612 11.613
12.6857142857143 9.77476
12.6897959183673 15.8884
12.6938775510204 26.4354
12.6979591836735 26.4317
12.7020408163265 24.1144
12.7061224489796 26.5068
12.7102040816327 17.368
12.7142857142857 15.0312
12.7183673469388 18.0676
12.7224489795918 24.6165
12.7265306122449 28.5365
12.730612244898 29.5698
12.734693877551 29.6498
12.7387755102041 26.3183
12.7428571428571 23.4329
12.7469387755102 20.4711
12.7510204081633 16.3265
12.7551020408163 11.8128
12.7591836734694 7.65578
12.7632653061224 2.48116
12.7673469387755 2.50702
12.7714285714286 2.81809
12.7755102040816 4.4924
12.7795918367347 2.35685
12.7836734693878 3.53992
12.7877551020408 0.870506
12.7918367346939 0.020961
12.7959183673469 0.200222
12.8 1.16211
12.8040816326531 3.11948
12.8081632653061 4.53001
12.8122448979592 2.40115
12.8163265306122 3.37095
12.8204081632653 0.955582
12.8244897959184 0.759939
12.8285714285714 6.27807
12.8326530612245 6.94854
12.8367346938776 7.11385
12.8408163265306 7.20437
12.8448979591837 6.02069
12.8489795918367 3.97864
12.8530612244898 1.53766
12.8571428571429 0.69952
12.8612244897959 0.610868
12.865306122449 0.82161
12.869387755102 1.14771
12.8734693877551 1.6418
12.8775510204082 1.60826
12.8816326530612 1.70284
12.8857142857143 1.39963
12.8897959183673 1.38371
12.8938775510204 2.08917
12.8979591836735 1.86646
12.9020408163265 2.77222
12.9061224489796 3.07763
12.9102040816327 3.17209
12.9142857142857 3.00718
12.9183673469388 1.43429
12.9224489795918 1.18574
12.9265306122449 0.959615
12.930612244898 1.51396
12.934693877551 2.74525
12.9387755102041 3.29957
12.9428571428571 3.14765
12.9469387755102 3.96132
12.9510204081633 4.98875
12.9551020408163 5.39928
12.9591836734694 7.23582
12.9632653061224 6.90197
12.9673469387755 6.47941
12.9714285714286 4.971
12.9755102040816 5.82183
12.9795918367347 9.97942
12.9836734693878 13.8505
12.9877551020408 19.8689
12.9918367346939 26.9929
12.9959183673469 36.141
13.0 47.8278
13.0040816326531 54.7733
13.0081632653061 49.1173
13.0122448979592 49.5793
13.0163265306122 51.6147
13.0204081632653 75.5429
13.0244897959184 67.9707
13.0285714285714 66.4276
13.0326530612245 75.7654
13.0367346938776 59.8265
13.0408163265306 52.3488
13.0448979591837 50.4636
13.0489795918367 57.5472
13.0530612244898 57.7204
13.0571428571429 56.0542
13.0612244897959 45.5872
13.065306122449 35.6288
13.069387755102 20.9531
13.0734693877551 9.40931
13.0775510204082 3.03664
13.0816326530612 2.65105
13.0857142857143 1.97008
13.0897959183673 0.966489
13.0938775510204 0.715037
13.0979591836735 0.516335
13.1020408163265 0.294477
13.1061224489796 0.74778
13.1102040816327 2.01901
13.1142857142857 39.6914
13.1183673469388 32.4537
13.1224489795918 54.9378
13.1265306122449 73.325
13.130612244898 67.4883
13.134693877551 158.862
13.1387755102041 134.545
13.1428571428571 126.628
13.1469387755102 112.875
13.1510204081633 106.15
13.1551020408163 100.826
13.1591836734694 99.2289
13.1632653061224 93.1868
13.1673469387755 79.6057
13.1714285714286 73.6859
13.1755102040816 64.6542
13.1795918367347 55.3943
13.1836734693878 49.1055
13.1877551020408 42.559
13.1918367346939 34.6638
13.1959183673469 25.2581
13.2 14.6087
13.2040816326531 9.50639
13.2081632653061 7.95488
13.2122448979592 7.17916
13.2163265306122 6.53143
13.2204081632653 13.411
13.2244897959184 15.0012
13.2285714285714 13.5288
13.2326530612245 8.07305
13.2367346938776 1.01595
13.2408163265306 0.0350972
13.2448979591837 0.0
13.2489795918367 0.43375
13.2530612244898 0.833911
13.2571428571429 0.896598
13.2612244897959 0.723019
13.265306122449 9.73819
13.269387755102 33.7771
13.2734693877551 45.8016
13.2775510204082 45.8496
13.2816326530612 38.6483
13.2857142857143 27.3529
13.2897959183673 27.7632
13.2938775510204 22.3225
13.2979591836735 15.1779
13.3020408163265 6.17785
13.3061224489796 7.52794
13.3102040816327 7.67252
13.3142857142857 3.57093
13.3183673469388 3.17834
13.3224489795918 2.86338
13.3265306122449 3.3189
13.330612244898 14.2518
13.334693877551 19.5926
13.3387755102041 18.8577
13.3428571428571 8.20295
13.3469387755102 5.90656
13.3510204081633 9.01168
13.3551020408163 3.94313
13.3591836734694 3.16548
13.3632653061224 9.83411
13.3673469387755 10.4047
13.3714285714286 8.20138
13.3755102040816 11.917
13.3795918367347 12.2397
13.3836734693878 11.7223
13.3877551020408 38.1914
13.3918367346939 67.9477
13.3959183673469 47.9004
13.4 74.9681
13.4040816326531 73.0103
13.4081632653061 73.371
13.4122448979592 106.118
13.4163265306122 104.222
13.4204081632653 150.117
13.4244897959184 169.826
13.4285714285714 154.837
13.4326530612245 153.926
13.4367346938776 114.124
13.4408163265306 87.7343
13.4448979591837 60.6582
13.4489795918367 41.7121
13.4530612244898 31.9193
13.4571428571429 19.8105
13.4612244897959 11.2945
13.465306122449 3.66986
13.469387755102 1.86625
13.4734693877551 0.397126
13.4775510204082 0.0
13.4816326530612 0.540674
13.4857142857143 0.36789
13.4897959183673 5.0747
13.4938775510204 2.90139
13.4979591836735 28.0889
13.5020408163265 37.5414
13.5061224489796 61.2877
13.5102040816327 152.676
13.5142857142857 208.824
13.5183673469388 197.733
13.5224489795918 203.316
13.5265306122449 188.808
13.530612244898 177.662
13.534693877551 176.684
13.5387755102041 159.155
13.5428571428571 151.115
13.5469387755102 156.599
13.5510204081633 173.505
13.5551020408163 177.952
13.5591836734694 174.17
13.5632653061224 161.546
13.5673469387755 146.073
13.5714285714286 125.75
13.5755102040816 107.774
13.5795918367347 88.6096
13.5836734693878 67.7688
13.5877551020408 49.788
13.5918367346939 35.8687
13.5959183673469 26.0172
13.6 21.6971
13.6040816326531 21.8131
13.6081632653061 25.353
13.6122448979592 28.6769
13.6163265306122 28.9934
13.6204081632653 26.8891
13.6244897959184 21.5557
13.6285714285714 18.5548
13.6326530612245 15.9327
13.6367346938776 12.2221
13.6408163265306 8.27017
13.6448979591837 4.59911
13.6489795918367 3.42908
13.6530612244898 2.15876
13.6571428571429 0.685769
13.6612244897959 0.0
13.665306122449 1.17486
13.669387755102 2.25553
13.6734693877551 4.01799
13.6775510204082 5.70196
13.6816326530612 8.54806
13.6857142857143 12.1164
13.6897959183673 8.95611
13.6938775510204 8.65465
13.6979591836735 10.3591
13.7020408163265 7.30568
13.7061224489796 6.95698
13.7102040816327 7.0909
13.7142857142857 6.35124
13.7183673469388 9.49949
13.7224489795918 13.9516
13.7265306122449 18.6946
13.730612244898 20.8973
13.734693877551 19.7296
13.7387755102041 17.4714
13.7428571428571 11.2601
13.7469387755102 6.73187
13.7510204081633 10.3665
13.7551020408163 5.45482
13.7591836734694 5.51458
13.7632653061224 2.84072
13.7673469387755 0.0
13.7714285714286 0.0
13.7755102040816 0.0
13.7795918367347 0.0
13.7836734693878 0.0
13.7877551020408 0.0
13.7918367346939 0.0
13.7959183673469 2.34847
13.8 11.4115
13.8040816326531 20.2
13.8081632653061 46.0231
13.8122448979592 67.3891
13.8163265306122 83.1093
13.8204081632653 91.6221
13.8244897959184 89.0966
13.8285714285714 84.5597
13.8326530612245 75.3836
13.8367346938776 65.4436
13.8408163265306 52.9796
13.8448979591837 44.6153
13.8489795918367 36.6329
13.8530612244898 28.3813
13.8571428571429 20.9322
13.8612244897959 15.1978
13.865306122449 11.119
13.869387755102 9.38008
13.8734693877551 7.21724
13.8775510204082 7.19727
13.8816326530612 6.24476
13.8857142857143 9.23588
13.8897959183673 7.90488
13.8938775510204 2.71916
13.8979591836735 1.08452
13.9020408163265 9.10859
13.9061224489796 11.1236
13.9102040816327 10.1314
13.9142857142857 7.71145
13.9183673469388 12.4252
13.9224489795918 8.33308
13.9265306122449 9.75631
13.930612244898 29.0969
13.934693877551 49.2599
13.9387755102041 47.8398
13.9428571428571 50.4132
13.9469387755102 59.533
13.9510204081633 65.8393
13.9551020408163 71.0465
13.9591836734694 78.2906
13.9632653061224 81.1529
13.9673469387755 80.6728
13.9714285714286 76.9751
13.9755102040816 69.3342
13.9795918367347 58.9551
13.9836734693878 51.9865
13.9877551020408 45.2158
13.9918367346939 37.9974
13.9959183673469 27.3869
14.0 18.682
14.0040816326531 11.2725
14.0081632653061 5.37855
14.0122448979592 4.68842
14.0163265306122 4.40776
14.0204081632653 4.53412
14.0244897959184 4.70129
14.0285714285714 4.48482
14.0326530612245 4.19279
14.0367346938776 3.70056
14.0408163265306 9.11112
14.0448979591837 18.9707
14.0489795918367 15.0262
14.0530612244898 11.0008
14.0571428571429 3.09048
14.0612244897959 9.03696
14.065306122449 14.3576
14.069387755102 13.5684
14.0734693877551 12.312
14.0775510204082 10.5203
14.0816326530612 7.98941
14.0857142857143 5.99156
14.0897959183673 3.69898
14.0938775510204 1.86752
14.0979591836735 0.157694
14.1020408163265 0.356403
14.1061224489796 3.01887
14.1102040816327 8.47307
14.1142857142857 32.7214
14.1183673469388 35.735
14.1224489795918 34.7352
14.1265306122449 21.2683
14.130612244898 10.4667
14.134693877551 8.1755
14.1387755102041 8.22747
14.1428571428571 9.56088
14.1469387755102 9.36202
14.1510204081633 16.6012
14.1551020408163 29.173
14.1591836734694 40.156
14.1632653061224 115.559
14.1673469387755 90.5073
14.1714285714286 381.044
14.1755102040816 261.259
14.1795918367347 296.877
14.1836734693878 332.917
14.1877551020408 311.367
14.1918367346939 261.844
14.1959183673469 253.933
14.2 241.667
14.2040816326531 226.943
14.2081632653061 209.985
14.2122448979592 187.244
14.2163265306122 160.794
14.2204081632653 131.301
14.2244897959184 110.764
14.2285714285714 91.5811
14.2326530612245 74.0809
14.2367346938776 56.048
14.2408163265306 41.5969
14.2448979591837 29.6386
14.2489795918367 24.4595
14.2530612244898 18.9574
14.2571428571429 16.1769
14.2612244897959 14.6096
14.265306122449 13.6636
14.269387755102 16.5687
14.2734693877551 18.0904
14.2775510204082 44.0225
14.2816326530612 18.5973
14.2857142857143 26.7248
14.2897959183673 69.7385
14.2938775510204 26.8805
14.2979591836735 45.708
14.3020408163265 50.7126
14.3061224489796 22.8941
14.3102040816327 30.3404
14.3142857142857 17.64
14.3183673469388 10.2035
14.3224489795918 8.22772
14.3265306122449 5.98765
14.330612244898 6.68956
14.334693877551 6.912
14.3387755102041 5.06411
14.3428571428571 4.32927
14.3469387755102 4.01217
14.3510204081633 3.35564
14.3551020408163 2.62148
14.3591836734694 2.17452
14.3632653061224 3.56017
14.3673469387755 8.46313
14.3714285714286 78.9444
14.3755102040816 77.8763
14.3795918367347 84.2438
14.3836734693878 79.9262
14.3877551020408 55.7788
14.3918367346939 48.0626
14.3959183673469 29.7323
14.4 16.9573
14.4040816326531 9.1458
14.4081632653061 6.1569
14.4122448979592 6.28318
14.4163265306122 6.98884
14.4204081632653 6.16214
14.4244897959184 7.73425
14.4285714285714 7.70868
14.4326530612245 8.35513
14.4367346938776 7.55672
14.4408163265306 9.53539
14.4448979591837 59.692
14.4489795918367 49.8926
14.4530612244898 23.8833
14.4571428571429 10.3544
14.4612244897959 0.79482
14.465306122449 1.13321
14.469387755102 0.633518
14.4734693877551 2.22002
14.4775510204082 1.62536
14.4816326530612 1.58603
14.4857142857143 2.37305
14.4897959183673 24.6863
14.4938775510204 44.4554
14.4979591836735 24.1121
14.5020408163265 8.74201
14.5061224489796 29.719
14.5102040816327 4.96466
14.5142857142857 3.10225
14.5183673469388 0.923077
14.5224489795918 0.296513
14.5265306122449 0.0
14.530612244898 0.0
14.534693877551 0.216832
14.5387755102041 17.7006
14.5428571428571 17.9714
14.5469387755102 0.739192
14.5510204081633 2.74323
14.5551020408163 26.9219
14.5591836734694 4.16348
14.5632653061224 4.53258
14.5673469387755 4.31067
14.5714285714286 4.43658
14.5755102040816 7.40597
14.5795918367347 5.00789
14.5836734693878 9.55253
14.5877551020408 60.413
14.5918367346939 34.5442
14.5959183673469 51.2919
14.6 76.8563
14.6040816326531 79.6836
14.6081632653061 70.5845
14.6122448979592 62.139
14.6163265306122 54.1367
14.6204081632653 44.0859
14.6244897959184 43.6591
14.6285714285714 49.9671
14.6326530612245 96.087
14.6367346938776 66.4746
14.6408163265306 63.7372
14.6448979591837 56.6829
14.6489795918367 24.909
14.6530612244898 21.4941
14.6571428571429 26.6164
14.6612244897959 27.3111
14.665306122449 35.1735
14.669387755102 37.9484
14.6734693877551 35.1777
14.6775510204082 29.7668
14.6816326530612 24.162
14.6857142857143 18.0535
14.6897959183673 12.3095
14.6938775510204 6.42143
14.6979591836735 1.86027
14.7020408163265 0.893777
14.7061224489796 2.94037
14.7102040816327 8.0961
14.7142857142857 14.6774
14.7183673469388 19.481
14.7224489795918 29.7512
14.7265306122449 27.4828
14.730612244898 35.9344
14.734693877551 76.5464
14.7387755102041 56.8216
14.7428571428571 66.6466
14.7469387755102 63.9273
14.7510204081633 59.5532
14.7551020408163 94.1165
14.7591836734694 42.8101
14.7632653061224 45.1543
14.7673469387755 26.9546
14.7714285714286 35.0571
14.7755102040816 61.931
14.7795918367347 44.1453
14.7836734693878 67.8605
14.7877551020408 86.3932
14.7918367346939 60.9173
14.7959183673469 65.9527
14.8 36.3047
14.8040816326531 28.007
14.8081632653061 28.9465
14.8122448979592 9.86918
14.8163265306122 14.4773
14.8204081632653 14.2065
14.8244897959184 7.76923
14.8285714285714 13.2144
14.8326530612245 6.20709
14.8367346938776 7.37766
14.8408163265306 6.19787
14.8448979591837 9.76497
14.8489795918367 14.2845
14.8530612244898 19.6211
14.8571428571429 24.8703
14.8612244897959 26.5909
14.865306122449 20.3026
14.869387755102 22.7754
14.8734693877551 12.9008
14.8775510204082 8.67129
14.8816326530612 9.68729
14.8857142857143 7.43479
14.8897959183673 1.58449
14.8938775510204 0.955284
14.8979591836735 10.6756
14.9020408163265 0.339588
14.9061224489796 0.435392
14.9102040816327 1.04725
14.9142857142857 0.600437
14.9183673469388 4.73471
14.9224489795918 1.75349
14.9265306122449 28.1229
14.930612244898 41.6077
14.934693877551 43.7853
14.9387755102041 43.696
14.9428571428571 39.5685
14.9469387755102 25.6609
14.9510204081633 14.7395
14.9551020408163 10.474
14.9591836734694 1.95904
14.9632653061224 0.405217
14.9673469387755 0.0
14.9714285714286 0.0
14.9755102040816 0.0
