0.00408163265306122 18.0397
0.00816326530612245 11.8647
0.0122448979591837 4.85168
0.0163265306122449 1.63184
0.0204081632653061 1.06396
0.0244897959183673 0.951091
0.0285714285714286 1.88383
0.0326530612244898 1.27459
0.036734693877551 1.95501
0.0408163265306122 20.098
0.0448979591836735 17.8889
0.0489795918367347 13.2857
0.0530612244897959 20.1154
0.0571428571428571 14.406
0.0612244897959184 6.82302
0.0653061224489796 11.7123
0.0693877551020408 40.2537
0.073469387755102 82.0435
0.0775510204081633 125.587
0.0816326530612245 137.384
0.0857142857142857 144.196
0.0897959183673469 143.257
0.0938775510204082 147.071
0.0979591836734694 144.121
0.102040816326531 147.323
0.106122448979592 142.226
0.110204081632653 141.059
0.114285714285714 132.759
0.118367346938776 125.684
0.122448979591837 110.608
0.126530612244898 96.4052
0.130612244897959 77.0321
0.13469387755102 54.7256
0.138775510204082 37.2686
0.142857142857143 21.5509
0.146938775510204 8.00355
0.151020408163265 3.47088
0.155102040816327 3.17112
0.159183673469388 2.62372
0.163265306122449 2.24752
0.16734693877551 2.44318
0.171428571428571 2.59827
0.175510204081633 2.66806
0.179591836734694 2.68108
0.183673469387755 2.56559
0.187755102040816 2.36495
0.191836734693878 2.03625
0.195918367346939 1.64979
0.2 1.23939
0.204081632653061 0.73715
0.208163265306122 4.02169
0.212244897959184 8.05835
0.216326530612245 3.8354
0.220408163265306 0.0
0.224489795918367 0.142336
0.228571428571429 4.75666
0.23265306122449 17.9
0.236734693877551 34.1904
0.240816326530612 62.0693
0.244897959183673 79.0275
0.248979591836735 142.862
0.253061224489796 193.861
0.257142857142857 222.189
0.261224489795918 227.342
0.26530612244898 211.614
0.269387755102041 195.016
0.273469387755102 171.148
0.277551020408163 145.953
0.281632653061224 118.418
0.285714285714286 89.3025
0.289795918367347 60.1038
0.293877551020408 35.7825
0.297959183673469 23.9404
0.302040816326531 15.8803
0.306122448979592 13.1469
0.310204081632653 10.4297
0.314285714285714 8.07442
0.318367346938775 6.56947
0.322448979591837 4.93656
0.326530612244898 2.63372
0.330612244897959 2.07369
0.33469387755102 4.05709
0.338775510204082 1.29894
0.342857142857143 7.5474
0.346938775510204 2.28349
0.351020408163265 1.01354
0.355102040816327 0.0
0.359183673469388 0.0
0.363265306122449 0.0
0.36734693877551 0.0
0.371428571428571 0.0
0.375510204081633 0.0
0.379591836734694 0.0
0.383673469387755 6.47752
0.387755102040816 4.67185
0.391836734693878 13.2713
0.395918367346939 19.6802
0.4 23.6158
0.404081632653061 20.5017
0.408163265306122 16.6556
0.412244897959184 13.3987
0.416326530612245 11.4061
0.420408163265306 7.1651
0.424489795918367 1.13117
0.428571428571429 0.509143
0.43265306122449 2.04699
0.436734693877551 4.57834
0.440816326530612 7.03131
0.444897959183673 12.6371
0.448979591836735 18.2568
0.453061224489796 95.2856
0.457142857142857 137.645
0.461224489795918 143.804
0.46530612244898 136.254
0.469387755102041 137.361
0.473469387755102 126.175
0.477551020408163 119.723
0.481632653061224 111.764
0.485714285714286 101.047
0.489795918367347 87.1315
0.493877551020408 70.235
0.497959183673469 55.753
0.502040816326531 44.4042
0.506122448979592 35.6002
0.510204081632653 25.4783
0.514285714285714 14.5243
0.518367346938776 10.541
0.522448979591837 14.0729
0.526530612244898 18.7811
0.530612244897959 15.5743
0.53469387755102 10.6436
0.538775510204082 7.59824
0.542857142857143 0.0
0.546938775510204 0.191828
0.551020408163265 1.8123
0.555102040816327 5.07928
0.559183673469388 6.68985
0.563265306122449 7.6597
0.56734693877551 6.53456
0.571428571428571 6.21932
0.575510204081633 6.29406
0.579591836734694 5.14604
0.583673469387755 3.41407
0.587755102040816 1.69988
0.591836734693878 0.475357
0.595918367346939 54.7518
0.6 36.5324
0.604081632653061 51.8085
0.608163265306122 79.5332
0.612244897959184 97.269
0.616326530612245 140.05
0.620408163265306 149.627
0.624489795918367 168.267
0.628571428571429 259.395
0.63265306122449 268.363
0.636734693877551 305.917
0.640816326530612 297.294
0.644897959183673 282.107
0.648979591836735 256.396
0.653061224489796 219.813
0.657142857142857 180.49
0.661224489795918 146.696
0.66530612244898 121.772
0.669387755102041 98.0407
0.673469387755102 84.0166
0.677551020408163 71.6252
0.681632653061224 59.5788
0.685714285714286 46.5708
0.689795918367347 34.9151
0.693877551020408 26.3442
0.697959183673469 18.575
0.702040816326531 10.736
0.706122448979592 3.50445
0.710204081632653 3.2428
0.714285714285714 3.49229
0.718367346938775 3.92404
0.722448979591837 3.95099
0.726530612244898 3.45243
0.730612244897959 2.75534
0.73469387755102 1.90982
0.738775510204082 0.554802
0.742857142857143 0.114024
0.746938775510204 12.0149
0.751020408163265 10.2062
0.755102040816326 11.4695
0.759183673469388 10.7515
0.763265306122449 6.86984
0.76734693877551 5.89946
0.771428571428571 3.68128
0.775510204081633 2.79248
0.779591836734694 4.13945
0.783673469387755 0.498056
0.787755102040816 1.30669
0.791836734693877 0.349681
0.795918367346939 0.0
0.8 0.0
0.804081632653061 0.0
0.808163265306122 0.37996
0.812244897959184 6.10936
0.816326530612245 26.4748
0.820408163265306 38.7897
0.824489795918367 44.2005
0.828571428571429 55.7829
0.83265306122449 64.4575
0.836734693877551 68.6605
0.840816326530612 70.5076
0.844897959183673 74.1919
0.848979591836735 70.1154
0.853061224489796 65.555
0.857142857142857 64.0713
0.861224489795918 57.0008
0.86530612244898 45.4041
0.869387755102041 35.4416
0.873469387755102 27.0573
0.877551020408163 19.3071
0.881632653061225 16.869
0.885714285714286 13.4479
0.889795918367347 10.5935
0.893877551020408 5.22776
0.897959183673469 2.92398
0.902040816326531 1.82622
0.906122448979592 1.4205
0.910204081632653 1.19586
0.914285714285714 1.44613
0.918367346938776 2.83599
0.922448979591837 0.559703
0.926530612244898 0.0
0.930612244897959 0.509421
0.93469387755102 0.0
0.938775510204082 0.0
0.942857142857143 0.0
0.946938775510204 0.511269
0.951020408163265 0.270506
0.955102040816327 0.505996
0.959183673469388 2.38066
0.963265306122449 3.14927
0.96734693877551 3.20546
0.971428571428571 3.40996
0.975510204081633 3.9843
0.979591836734694 4.36537
0.983673469387755 4.85257
0.987755102040816 8.00572
0.991836734693878 14.8176
0.995918367346939 25.7557
1.0 35.1421
1.00408163265306 43.8931
1.00816326530612 52.2852
1.01224489795918 65.961
1.01632653061224 113.384
1.02040816326531 123.465
1.02448979591837 161.036
1.02857142857143 174.995
1.03265306122449 191.24
1.03673469387755 187.193
1.04081632653061 181.114
1.04489795918367 160.514
1.04897959183673 138.55
1.0530612244898 113.079
1.05714285714286 85.9717
1.06122448979592 58.9413
1.06530612244898 37.576
1.06938775510204 24.0551
1.0734693877551 11.5953
1.07755102040816 6.3424
1.08163265306122 3.61884
1.08571428571429 1.44893
1.08979591836735 0.151555
1.09387755102041 0.0
1.09795918367347 0.0
1.10204081632653 0.0
1.10612244897959 0.0
1.11020408163265 0.0
1.11428571428571 0.0
1.11836734693878 0.0
1.12244897959184 0.0
1.1265306122449 0.0
1.13061224489796 0.458697
1.13469387755102 0.644604
1.13877551020408 0.553449
1.14285714285714 1.31135
1.1469387755102 1.69031
1.15102040816327 2.55148
1.15510204081633 1.08337
1.15918367346939 0.368277
1.16326530612245 0.0
1.16734693877551 0.103891
1.17142857142857 2.3534
1.17551020408163 3.75069
1.17959183673469 5.09326
1.18367346938776 15.4082
1.18775510204082 25.1272
1.19183673469388 34.1486
1.19591836734694 36.5867
1.2 55.4396
1.20408163265306 52.5735
1.20816326530612 66.8612
1.21224489795918 65.9763
1.21632653061224 69.6111
1.22040816326531 67.7864
1.22448979591837 61.5368
1.22857142857143 58.818
1.23265306122449 53.1182
1.23673469387755 50.6455
1.24081632653061 40.7026
1.24489795918367 30.2927
1.24897959183673 24.1854
1.2530612244898 17.0526
1.25714285714286 13.9741
1.26122448979592 10.4028
1.26530612244898 8.05479
1.26938775510204 7.10912
1.2734693877551 11.1386
1.27755102040816 16.647
1.28163265306122 20.7288
1.28571428571429 20.194
1.28979591836735 19.6946
1.29387755102041 19.0421
1.29795918367347 14.0896
1.30204081632653 11.8411
1.30612244897959 16.0824
1.31020408163265 19.2893
1.31428571428571 20.8917
1.31836734693878 20.2569
1.32244897959184 17.7013
1.3265306122449 11.7687
1.33061224489796 5.32238
1.33469387755102 0.678661
1.33877551020408 6.36905
1.34285714285714 9.41569
1.3469387755102 14.1674
1.35102040816327 4.43539
1.35510204081633 43.8055
1.35918367346939 53.6422
1.36326530612245 104.04
1.36734693877551 128.207
1.37142857142857 157.993
1.37551020408163 221.24
1.37959183673469 262.943
1.38367346938776 270.887
1.38775510204082 298.1
1.39183673469388 285.879
1.39591836734694 269.609
1.4 244.676
1.40408163265306 210.025
1.40816326530612 172.9
1.41224489795918 137.542
1.41632653061225 101.488
1.42040816326531 66.4478
1.42448979591837 38.7595
1.42857142857143 19.9046
1.43265306122449 8.09309
1.43673469387755 6.82071
1.44081632653061 6.25529
1.44489795918367 5.2802
1.44897959183673 3.67918
1.4530612244898 1.59438
1.45714285714286 9.87241
1.46122448979592 24.8288
1.46530612244898 17.3643
1.46938775510204 26.1439
1.4734693877551 24.3497
1.47755102040816 23.5194
1.48163265306122 19.5431
1.48571428571429 15.3901
1.48979591836735 11.9431
1.49387755102041 11.7848
1.49795918367347 9.05477
1.50204081632653 9.69429
1.50612244897959 16.4217
1.51020408163265 21.4808
1.51428571428571 20.1643
1.51836734693878 20.3987
1.52244897959184 16.4983
1.5265306122449 10.126
1.53061224489796 5.75778
1.53469387755102 4.47202
1.53877551020408 2.31372
1.54285714285714 1.69416
1.5469387755102 1.79257
1.55102040816327 1.73003
1.55510204081633 2.94908
1.55918367346939 2.97
1.56326530612245 3.2227
1.56734693877551 3.28572
1.57142857142857 7.82954
1.57551020408163 13.7296
1.57959183673469 26.7898
1.58367346938775 37.1457
1.58775510204082 53.6523
1.59183673469388 67.6317
1.59591836734694 81.2884
1.6 106.068
1.60408163265306 127.007
1.60816326530612 144.221
1.61224489795918 154.333
1.61632653061224 164.868
1.62040816326531 172.466
1.62448979591837 174.77
1.62857142857143 170.235
1.63265306122449 156.964
1.63673469387755 137.307
1.64081632653061 111.996
1.64489795918367 83.2527
1.64897959183673 63.0313
1.6530612244898 43.8709
1.65714285714286 25.8088
1.66122448979592 12.3734
1.66530612244898 5.9958
1.66938775510204 2.1422
1.6734693877551 0.329643
1.67755102040816 0.0
1.68163265306122 0.0
1.68571428571429 0.0
1.68979591836735 0.0
1.69387755102041 0.0
1.69795918367347 0.178566
1.70204081632653 1.86576
1.70612244897959 3.3382
1.71020408163265 3.91714
1.71428571428571 3.59323
1.71836734693878 2.64541
1.72244897959184 2.52306
1.7265306122449 0.0
1.73061224489796 0.760873
1.73469387755102 0.0
1.73877551020408 4.04533
1.74285714285714 3.62508
1.7469387755102 9.36282
1.75102040816327 14.4911
1.75510204081633 17.0813
1.75918367346939 42.2486
1.76326530612245 73.8322
1.76734693877551 104.053
1.77142857142857 127.715
1.77551020408163 136.508
1.77959183673469 145.256
1.78367346938776 144.351
1.78775510204082 140.256
1.79183673469388 127.439
1.79591836734694 116.379
1.8 97.9659
1.80408163265306 84.3505
1.80816326530612 62.5032
1.81224489795918 49.0978
1.81632653061224 28.8887
1.82040816326531 12.0842
1.82448979591837 3.45425
1.82857142857143 2.13573
1.83265306122449 0.901173
1.83673469387755 0.853365
1.84081632653061 0.758159
1.84489795918367 1.15202
1.84897959183673 1.31462
1.8530612244898 1.82567
1.85714285714286 1.66771
1.86122448979592 1.44673
1.86530612244898 0.893094
1.86938775510204 0.0
1.8734693877551 0.0
1.87755102040816 0.0
1.88163265306122 0.637533
1.88571428571429 1.26334
1.88979591836735 2.20569
1.89387755102041 2.68296
1.89795918367347 1.89585
1.90204081632653 2.7734
1.90612244897959 1.93052
1.91020408163265 4.96588
1.91428571428571 0.0
1.91836734693878 5.55195
1.92244897959184 8.20898
1.9265306122449 9.11662
1.93061224489796 3.71255
1.93469387755102 6.26925
1.93877551020408 6.342
1.94285714285714 10.8546
1.9469387755102 10.0109
1.95102040816327 16.1812
1.95510204081633 44.1184
1.95918367346939 118.153
1.96326530612245 187.645
1.96734693877551 212.523
1.97142857142857 319.125
1.97551020408163 282.129
1.97959183673469 330.494
1.98367346938776 324.713
1.98775510204082 313.552
1.99183673469388 291.283
1.99591836734694 263.851
2.0 227.799
2.00408163265306 190.863
2.00816326530612 152.043
2.01224489795918 113.734
2.01632653061225 75.6126
2.02040816326531 44.2479
2.02448979591837 23.6325
2.02857142857143 5.77725
2.03265306122449 1.76879
2.03673469387755 0.0
2.04081632653061 0.0
2.04489795918367 0.0
2.04897959183673 0.0
2.0530612244898 0.0
2.05714285714286 0.0
2.06122448979592 0.0
2.06530612244898 0.0
2.06938775510204 0.0
2.0734693877551 0.0
2.07755102040816 0.0
2.08163265306122 4.50965
2.08571428571429 8.66373
2.08979591836735 12.4732
2.09387755102041 12.2804
2.09795918367347 11.1412
2.10204081632653 27.3712
2.10612244897959 47.7847
2.11020408163265 51.7769
2.11428571428571 55.4475
2.11836734693878 77.0729
2.12244897959184 100.116
2.1265306122449 137.818
2.13061224489796 160.718
2.13469387755102 175.117
2.13877551020408 179.756
2.14285714285714 177.246
2.1469387755102 164.749
2.15102040816327 157.758
2.15510204081633 146.529
2.15918367346939 131.17
2.16326530612245 120.782
2.16734693877551 104.026
2.17142857142857 88.0975
2.17551020408163 72.6716
2.17959183673469 60.7561
2.18367346938776 60.7558
2.18775510204082 59.2456
2.19183673469388 54.5383
2.19591836734694 46.9441
2.2 37.0657
2.20408163265306 24.8934
2.20816326530612 19.0938
2.21224489795918 14.5808
2.21632653061224 7.33515
2.22040816326531 4.99587
2.22448979591837 4.68874
2.22857142857143 3.67078
2.23265306122449 2.94367
2.23673469387755 1.66003
2.24081632653061 0.694613
2.24489795918367 0.682731
2.24897959183673 0.78137
2.2530612244898 4.13111
2.25714285714286 4.32969
2.26122448979592 4.53091
2.26530612244898 5.49673
2.26938775510204 5.92352
2.2734693877551 5.42256
2.27755102040816 5.40247
2.28163265306122 5.79485
2.28571428571429 16.7048
2.28979591836735 25.807
2.29387755102041 24.4112
2.29795918367347 21.6371
2.30204081632653 18.2272
2.30612244897959 12.1593
2.31020408163265 9.46594
2.31428571428571 4.15545
2.31836734693878 2.23655
2.32244897959184 2.22193
2.3265306122449 5.31348
2.33061224489796 24.1277
2.33469387755102 17.185
2.33877551020408 19.2982
2.34285714285714 20.4068
2.3469387755102 12.9773
2.35102040816327 14.4367
2.35510204081633 6.77544
2.35918367346939 6.92705
2.36326530612245 16.7941
2.36734693877551 19.7454
2.37142857142857 27.8014
2.37551020408163 40.1364
2.37959183673469 48.4026
2.38367346938776 75.9271
2.38775510204082 104.112
2.39183673469388 116.879
2.39591836734694 123.076
2.4 124.157
2.40408163265306 112.107
2.40816326530612 97.1811
2.41224489795918 78.2691
2.41632653061225 55.2468
2.42040816326531 39.2822
2.42448979591837 25.433
2.42857142857143 12.6725
2.43265306122449 7.72608
2.43673469387755 4.54659
2.44081632653061 3.48815
2.44489795918367 3.79334
2.44897959183673 3.41424
2.4530612244898 2.45571
2.45714285714286 0.908112
2.46122448979592 8.42269
2.46530612244898 15.8751
2.46938775510204 29.7262
2.4734693877551 52.5009
2.47755102040816 62.3336
2.48163265306122 76.4109
2.48571428571429 82.3685
2.48979591836735 85.87
2.49387755102041 85.4095
2.49795918367347 82.4213
2.50204081632653 87.7772
2.50612244897959 116.922
2.51020408163265 121.729
2.51428571428571 108.163
2.51836734693878 94.8718
2.52244897959184 79.646
2.5265306122449 69.5776
2.53061224489796 69.2058
2.53469387755102 56.7246
2.53877551020408 144.528
2.54285714285714 164.669
2.5469387755102 218.097
2.55102040816327 243.51
2.55510204081633 237.584
2.55918367346939 216.065
2.56326530612245 191.098
2.56734693877551 162.442
2.57142857142857 134.042
2.57551020408163 104.021
2.57959183673469 76.1815
2.58367346938775 48.8983
2.58775510204082 43.644
2.59183673469388 45.9426
2.59591836734694 38.087
2.6 31.1137
2.60408163265306 30.0698
2.60816326530612 24.6417
2.61224489795918 21.0529
2.61632653061224 18.612
2.62040816326531 15.7821
2.62448979591837 11.8606
2.62857142857143 8.92089
2.63265306122449 3.72688
2.63673469387755 1.27204
2.64081632653061 0.0
2.64489795918367 0.0
2.64897959183673 0.0
2.6530612244898 0.194495
2.65714285714286 0.746379
2.66122448979592 1.21679
2.66530612244898 1.17826
2.66938775510204 0.604173
2.6734693877551 0.137448
2.67755102040816 0.0
2.68163265306122 0.0
2.68571428571429 0.234835
2.68979591836735 0.454945
2.69387755102041 0.18739
2.69795918367347 1.41124
2.70204081632653 2.41097
2.70612244897959 5.58186
2.71020408163265 3.84549
2.71428571428571 0.0
2.71836734693878 0.00758966
2.72244897959184 0.0
2.7265306122449 0.517592
2.73061224489796 1.18355
2.73469387755102 3.11354
2.73877551020408 6.42037
2.74285714285714 8.6588
2.7469387755102 9.89778
2.75102040816327 10.7105
2.75510204081633 17.9091
2.75918367346939 23.4163
2.76326530612245 40.7785
2.76734693877551 51.8995
2.77142857142857 60.8674
2.77551020408163 54.4352
2.77959183673469 44.6955
2.78367346938776 38.7069
2.78775510204082 33.2926
2.79183673469388 28.6921
2.79591836734694 23.8194
2.8 18.1145
2.80408163265306 14.8726
2.80816326530612 11.3892
2.81224489795918 6.69299
2.81632653061224 5.67111
2.82040816326531 1.62351
2.82448979591837 0.128388
2.82857142857143 0.767171
2.83265306122449 4.19986
2.83673469387755 6.54848
2.84081632653061 7.429
2.84489795918367 5.95017
2.84897959183673 1.58658
2.8530612244898 0.0
2.85714285714286 0.0
2.86122448979592 0.0
2.86530612244898 19.7534
2.86938775510204 54.0142
2.8734693877551 82.8966
2.87755102040816 116.936
2.88163265306122 163.55
2.88571428571429 194.257
2.88979591836735 205.234
2.89387755102041 202.94
2.89795918367347 189.744
2.90204081632653 179.156
2.90612244897959 173.191
2.91020408163265 172.814
2.91428571428571 176.077
2.91836734693878 159.835
2.92244897959184 159.928
2.9265306122449 150.588
2.93061224489796 132.999
2.93469387755102 122.34
2.93877551020408 112.746
2.94285714285714 95.6811
2.9469387755102 79.1386
2.95102040816327 60.4459
2.95510204081633 45.8625
2.95918367346939 32.5465
2.96326530612245 19.8997
2.96734693877551 10.2204
2.97142857142857 4.05332
2.97551020408163 2.49007
2.97959183673469 1.72359
2.98367346938775 2.07597
2.98775510204082 2.498
2.99183673469388 3.12915
2.99591836734694 3.5781
3.0 3.93317
3.00408163265306 3.99939
3.00816326530612 3.90461
3.01224489795918 3.86259
3.01632653061225 3.73225
3.02040816326531 8.81576
3.02448979591837 4.24785
3.02857142857143 7.92769
3.03265306122449 7.33993
3.03673469387755 10.7913
3.04081632653061 17.9248
3.04489795918367 17.2055
3.04897959183673 15.3821
3.0530612244898 11.369
3.05714285714286 4.13922
3.06122448979592 4.81703
3.06530612244898 3.63952
3.06938775510204 10.4928
3.0734693877551 15.6285
3.07755102040816 11.6989
3.08163265306122 11.7804
3.08571428571429 11.1261
3.08979591836735 12.4408
3.09387755102041 14.0553
3.09795918367347 14.9717
3.10204081632653 20.0188
3.10612244897959 23.9623
3.11020408163265 35.6879
3.11428571428571 40.2946
3.11836734693878 53.4091
3.12244897959184 64.3696
3.1265306122449 94.6614
3.13061224489796 123.503
3.13469387755102 132.037
3.13877551020408 133.756
3.14285714285714 123.94
3.1469387755102 105.648
3.15102040816327 85.4907
3.15510204081633 63.7816
3.15918367346939 45.7147
3.16326530612245 31.6709
3.16734693877551 20.052
3.17142857142857 10.8314
3.17551020408163 4.73805
3.17959183673469 2.80881
3.18367346938776 1.01971
3.18775510204082 1.32826
3.19183673469388 2.35079
3.19591836734694 3.08083
3.2 2.93271
3.20408163265306 2.57649
3.20816326530612 3.194
3.21224489795918 8.26523
3.21632653061224 1.10584
3.22040816326531 0.929297
3.22448979591837 1.05413
3.22857142857143 6.58096
3.23265306122449 5.39395
3.23673469387755 2.74066
3.24081632653061 0.0764991
3.24489795918367 1.43116
3.24897959183673 2.80947
3.2530612244898 4.19608
3.25714285714286 8.8624
3.26122448979592 20.9587
3.26530612244898 38.3287
3.26938775510204 57.821
3.2734693877551 90.8341
3.27755102040816 110.925
3.28163265306122 139.945
3.28571428571429 185.23
3.28979591836735 228.004
3.29387755102041 250.486
3.29795918367347 249.485
3.30204081632653 232.776
3.30612244897959 205.022
3.31020408163265 170.619
3.31428571428571 140.631
3.31836734693878 105.581
3.32244897959184 72.028
3.3265306122449 45.0891
3.33061224489796 30.2317
3.33469387755102 22.0058
3.33877551020408 16.9364
3.34285714285714 12.3421
3.3469387755102 8.47948
3.35102040816327 5.44261
3.35510204081633 4.27125
3.35918367346939 6.15884
3.36326530612245 5.96322
3.36734693877551 5.02412
3.37142857142857 3.45649
3.37551020408163 1.37429
3.37959183673469 0.705411
3.38367346938776 0.0
3.38775510204082 6.11639
3.39183673469388 11.7483
3.39591836734694 8.36393
3.4 2.09877
3.40408163265306 2.40627
3.40816326530612 2.25254
3.41224489795918 1.44775
3.41632653061225 4.01778
3.42040816326531 3.42111
3.42448979591837 3.23192
3.42857142857143 4.35911
3.43265306122449 16.6487
3.43673469387755 25.3177
3.44081632653061 27.1935
3.44489795918367 23.7948
3.44897959183673 17.9648
3.4530612244898 9.44614
3.45714285714286 4.43805
3.46122448979592 2.73512
3.46530612244898 1.47786
3.46938775510204 1.3359
3.4734693877551 11.9587
3.47755102040816 24.3721
3.48163265306122 45.0023
3.48571428571429 53.3604
3.48979591836735 91.429
3.49387755102041 101.422
3.49795918367347 103.858
3.50204081632653 111.959
3.50612244897959 110.585
3.51020408163265 101.077
3.51428571428571 91.7852
3.51836734693878 73.9088
3.52244897959184 61.313
3.5265306122449 47.5031
3.53061224489796 34.6532
3.53469387755102 24.8359
3.53877551020408 15.6455
3.54285714285714 5.33891
3.5469387755102 0.0
3.55102040816327 0.0
3.55510204081633 0.360005
3.55918367346939 0.683392
3.56326530612245 1.85793
3.56734693877551 3.52077
3.57142857142857 5.09481
3.57551020408163 5.40762
3.57959183673469 5.8003
3.58367346938775 5.31957
3.58775510204082 5.51164
3.59183673469388 5.17712
3.59591836734694 4.88405
3.6 3.60964
3.60408163265306 2.17452
3.60816326530612 8.59327
3.61224489795918 12.4438
3.61632653061224 27.5731
3.62040816326531 38.75
3.62448979591837 33.8344
3.62857142857143 51.6895
3.63265306122449 60.247
3.63673469387755 59.1756
3.64081632653061 54.2386
3.64489795918367 90.0786
3.64897959183673 103.172
3.6530612244898 134.308
3.65714285714286 156.578
3.66122448979592 172.441
3.66530612244898 212.836
3.66938775510204 213.053
3.6734693877551 222.276
3.67755102040816 220.085
3.68163265306122 224.097
3.68571428571429 226.535
3.68979591836735 214.997
3.69387755102041 190.651
3.69795918367347 156.958
3.70204081632653 129.404
3.70612244897959 98.8828
3.71020408163265 63.6192
3.71428571428571 44.4413
3.71836734693878 34.0527
3.72244897959184 34.6749
3.7265306122449 40.1122
3.73061224489796 44.8839
3.73469387755102 40.0904
3.73877551020408 38.5829
3.74285714285714 27.9543
3.7469387755102 16.1031
3.75102040816327 5.73738
3.75510204081633 0.85934
3.75918367346939 0.0
3.76326530612245 0.0
3.76734693877551 0.0
3.77142857142857 0.0
3.77551020408163 0.0
3.77959183673469 0.0
3.78367346938776 0.0
3.78775510204082 0.0
3.79183673469388 0.268721
3.79591836734694 1.81284
3.8 4.27976
3.80408163265306 1.77594
3.80816326530612 0.65532
3.81224489795918 0.0
3.81632653061224 0.0
3.82040816326531 0.0
3.82448979591837 3.84593
3.82857142857143 11.0159
3.83265306122449 14.8891
3.83673469387755 15.4944
3.84081632653061 14.0982
3.84489795918367 13.4081
3.84897959183673 13.4312
3.8530612244898 23.3907
3.85714285714286 14.8188
3.86122448979592 17.3532
3.86530612244898 20.487
3.86938775510204 52.9983
3.8734693877551 66.9263
3.87755102040816 104.965
3.88163265306122 151.85
3.88571428571429 164.801
3.88979591836735 162.106
3.89387755102041 145.539
3.89795918367347 127.775
3.90204081632653 112.579
3.90612244897959 93.715
3.91020408163265 75.0021
3.91428571428571 56.9325
3.91836734693878 36.9726
3.92244897959184 24.6898
3.9265306122449 14.7848
3.93061224489796 16.3116
3.93469387755102 17.5868
3.93877551020408 15.6894
3.94285714285714 10.9679
3.9469387755102 5.41787
3.95102040816327 2.94658
3.95510204081633 1.65184
3.95918367346939 1.39844
3.96326530612245 1.17215
3.96734693877551 0.946224
3.97142857142857 0.646253
3.97551020408163 0.32119
3.97959183673469 0.0619888
3.98367346938775 1.96036
3.98775510204082 3.23264
3.99183673469388 3.9295
3.99591836734694 4.01012
4.0 13.8124
4.00408163265306 25.6802
4.00816326530612 21.9384
4.01224489795918 25.764
4.01632653061225 51.9458
4.02040816326531 78.24
4.02448979591837 81.7464
4.02857142857143 100.443
4.03265306122449 158.126
4.03673469387755 264.33
4.04081632653061 285.113
4.04489795918367 304.661
4.04897959183673 309.108
4.0530612244898 296.634
4.05714285714286 273.103
4.06122448979592 243.071
4.06530612244898 207.867
4.06938775510204 174.138
4.0734693877551 139.284
4.07755102040816 104.333
4.08163265306122 71.0034
4.08571428571429 41.5417
4.08979591836735 22.2269
4.09387755102041 13.2701
4.09795918367347 8.61306
4.10204081632653 5.25622
4.10612244897959 3.95019
4.11020408163265 3.27732
4.11428571428571 3.89857
4.11836734693878 4.67213
4.12244897959184 4.76386
4.1265306122449 4.4555
4.13061224489796 5.24057
4.13469387755102 3.65471
4.13877551020408 2.87351
4.14285714285714 0.580966
4.1469387755102 0.721574
4.15102040816326 0.606731
4.15510204081633 0.329857
4.15918367346939 0.0
4.16326530612245 0.0
4.16734693877551 0.0
4.17142857142857 7.3578
4.17551020408163 7.78564
4.17959183673469 5.37169
4.18367346938776 6.68005
4.18775510204082 6.6956
4.19183673469388 2.96201
4.19591836734694 2.3972
4.2 4.2357
4.20408163265306 5.56525
4.20816326530612 7.31375
4.21224489795918 15.3334
4.21632653061225 8.70445
4.22040816326531 8.26821
4.22448979591837 10.3007
4.22857142857143 7.22974
4.23265306122449 14.9068
4.23673469387755 12.8432
4.24081632653061 17.162
4.24489795918367 20.2894
4.24897959183673 24.9351
4.2530612244898 23.2344
4.25714285714286 24.462
4.26122448979592 45.322
4.26530612244898 20.2144
4.26938775510204 28.7557
4.2734693877551 42.2774
4.27755102040816 37.9353
4.28163265306122 56.7319
4.28571428571429 56.8238
4.28979591836735 57.0928
4.29387755102041 63.9521
4.29795918367347 52.8342
4.30204081632653 45.3373
4.30612244897959 31.3355
4.31020408163265 24.5374
4.31428571428571 20.1395
4.31836734693878 14.6395
4.32244897959184 13.5845
4.3265306122449 7.91303
4.33061224489796 7.48773
4.33469387755102 5.09715
4.33877551020408 6.50363
4.34285714285714 3.63119
4.3469387755102 6.82163
4.35102040816327 4.43033
4.35510204081633 3.1174
4.35918367346939 0.0
4.36326530612245 0.234286
4.36734693877551 0.389059
4.37142857142857 0.0
4.37551020408163 0.0
4.37959183673469 0.0
4.38367346938776 0.271529
4.38775510204082 0.249296
4.39183673469388 23.7777
4.39591836734694 0.0
4.4 6.6889
4.40408163265306 12.4507
4.40816326530612 13.1433
4.41224489795918 212.046
4.41632653061224 263.716
4.42040816326531 371.173
4.42448979591837 342.616
4.42857142857143 355.741
4.43265306122449 326.537
4.43673469387755 303.148
4.44081632653061 266.383
4.44489795918367 230.558
4.44897959183673 190.578
4.4530612244898 150.846
4.45714285714286 111.555
4.46122448979592 71.7304
4.46530612244898 44.7414
4.46938775510204 25.4706
4.4734693877551 15.9042
4.47755102040816 10.7716
4.48163265306122 7.90718
4.48571428571429 6.47036
4.48979591836735 5.79186
4.49387755102041 5.21263
4.49795918367347 5.42725
4.50204081632653 5.28069
4.50612244897959 4.70298
4.51020408163265 3.50827
4.51428571428571 8.82073
4.51836734693878 16.4627
4.52244897959184 11.2855
4.5265306122449 9.11721
4.53061224489796 3.86937
4.53469387755102 0.63328
4.53877551020408 0.798563
4.54285714285714 0.660757
4.5469387755102 0.955234
4.55102040816327 0.730231
4.55510204081633 1.17409
4.55918367346939 1.38551
4.56326530612245 1.69843
4.56734693877551 1.79225
4.57142857142857 1.54638
4.57551020408163 1.19966
4.57959183673469 1.39921
4.58367346938776 4.32692
4.58775510204082 6.61945
4.59183673469388 10.7449
4.59591836734694 13.7276
4.6 18.2639
4.60408163265306 22.6344
4.60816326530612 23.068
4.61224489795918 25.7496
4.61632653061224 62.9525
4.62040816326531 101.811
4.62448979591837 160.941
4.62857142857143 159.707
4.63265306122449 169.607
4.63673469387755 178.409
4.64081632653061 189.131
4.64489795918367 198.763
4.64897959183673 192.982
4.6530612244898 182.297
4.65714285714286 164.813
4.66122448979592 141.481
4.66530612244898 117.017
4.66938775510204 90.4235
4.6734693877551 63.4941
4.67755102040816 40.0356
4.68163265306122 21.4208
4.68571428571429 7.36874
4.68979591836735 3.6049
4.69387755102041 2.16333
4.69795918367347 1.28827
4.70204081632653 0.642764
4.70612244897959 0.44262
4.71020408163265 0.993999
4.71428571428571 2.38483
4.71836734693878 2.91018
4.72244897959184 3.38256
4.7265306122449 2.45305
4.73061224489796 1.71767
4.73469387755102 0.874221
4.73877551020408 0.0
4.74285714285714 0.0
4.7469387755102 0.0
4.75102040816327 0.0
4.75510204081633 16.3014
4.75918367346939 22.2923
4.76326530612245 18.9866
4.76734693877551 14.7636
4.77142857142857 13.8939
4.77551020408163 107.59
4.77959183673469 125.536
4.78367346938775 184.834
4.78775510204082 258.429
4.79183673469388 266.24
4.79591836734694 310.331
4.8 292.899
4.80408163265306 285.889
4.80816326530612 260.695
4.81224489795918 235.498
4.81632653061224 201.554
4.82040816326531 167.347
4.82448979591837 131.993
4.82857142857143 97.6501
4.83265306122449 69.8145
4.83673469387755 45.1068
4.84081632653061 22.0192
4.84489795918367 8.19422
4.84897959183674 3.85389
4.8530612244898 1.86343
4.85714285714286 0.741355
4.86122448979592 0.121067
4.86530612244898 0.0
4.86938775510204 2.13202
4.8734693877551 3.16892
4.87755102040816 3.17957
4.88163265306122 3.71461
4.88571428571429 7.64919
4.88979591836735 6.82678
4.89387755102041 6.32064
4.89795918367347 4.63214
4.90204081632653 3.01725
4.90612244897959 1.00875
4.91020408163265 0.0
4.91428571428571 0.0
4.91836734693878 0.0
4.92244897959184 0.0
4.9265306122449 0.0
4.93061224489796 1.06769
4.93469387755102 1.4907
4.93877551020408 1.57345
4.94285714285714 1.42492
4.9469387755102 1.41987
4.95102040816327 1.2312
4.95510204081633 1.13835
4.95918367346939 1.20333
4.96326530612245 1.12282
4.96734693877551 1.25789
4.97142857142857 1.55408
4.97551020408163 6.64445
4.97959183673469 38.2481
4.98367346938775 57.326
4.98775510204082 67.6335
4.99183673469388 71.7365
4.99591836734694 70.3091
5.0 80.0177
5.00408163265306 90.105
5.00816326530612 117.103
5.01224489795918 151.316
5.01632653061225 190.672
5.02040816326531 244.528
5.02448979591837 225.568
5.02857142857143 214.773
5.03265306122449 192.495
5.03673469387755 178.129
5.04081632653061 158.592
5.04489795918367 142.197
5.04897959183673 124.315
5.0530612244898 108.888
5.05714285714286 93.4451
5.06122448979592 78.0097
5.06530612244898 60.6777
5.06938775510204 44.8089
5.0734693877551 30.8619
5.07755102040816 18.3045
5.08163265306122 8.64895
5.08571428571429 0.609636
5.08979591836735 0.0
5.09387755102041 0.225812
5.09795918367347 0.225405
5.10204081632653 0.0
5.10612244897959 0.0
5.11020408163265 0.0
5.11428571428571 0.0
5.11836734693878 0.0
5.12244897959184 0.0
5.1265306122449 0.52214
5.13061224489796 1.71694
5.13469387755102 3.59371
5.13877551020408 5.47644
5.14285714285714 8.76252
5.1469387755102 12.3113
5.15102040816326 14.8274
5.15510204081633 16.0925
5.15918367346939 17.944
5.16326530612245 16.4977
5.16734693877551 20.3649
5.17142857142857 28.5456
5.17551020408163 56.5147
5.17959183673469 96.6056
5.18367346938776 197.233
5.18775510204082 257.621
5.19183673469388 286.197
5.19591836734694 306.377
5.2 291.415
5.20408163265306 260.578
5.20816326530612 229.282
5.21224489795918 190.945
5.21632653061225 158.115
5.22040816326531 123.049
5.22448979591837 91.0554
5.22857142857143 62.572
5.23265306122449 38.804
5.23673469387755 21.2829
5.24081632653061 11.9835
5.24489795918367 4.72687
5.24897959183673 0.815796
5.2530612244898 0.298475
5.25714285714286 0.0
5.26122448979592 0.0
5.26530612244898 0.0
5.26938775510204 0.0
5.2734693877551 0.0
5.27755102040816 0.0
5.28163265306122 0.0
5.28571428571429 0.0
5.28979591836735 0.0
5.29387755102041 0.0
5.29795918367347 0.0
5.30204081632653 0.627359
5.30612244897959 0.0
5.31020408163265 0.0
5.31428571428571 2.26978
5.31836734693878 3.26382
5.32244897959184 4.15646
5.3265306122449 4.15934
5.33061224489796 3.80943
5.33469387755102 5.24972
5.33877551020408 8.40246
5.34285714285714 13.4148
5.3469387755102 13.1988
5.35102040816327 17.4221
5.35510204081633 15.625
5.35918367346939 12.9055
5.36326530612245 10.6997
5.36734693877551 8.61913
5.37142857142857 6.47094
5.37551020408163 4.92405
5.37959183673469 4.52891
5.38367346938776 7.1326
5.38775510204082 16.7678
5.39183673469388 35.5805
5.39591836734694 43.4479
5.4 54.4042
5.40408163265306 62.804
5.40816326530612 83.6489
5.41224489795918 101.884
5.41632653061224 127.436
5.42040816326531 159.136
5.42448979591837 177.231
5.42857142857143 182.239
5.43265306122449 172.496
5.43673469387755 152.921
5.44081632653061 128.685
5.44489795918367 102.17
5.44897959183673 74.2618
5.4530612244898 47.6461
5.45714285714286 29.8023
5.46122448979592 15.3497
5.46530612244898 2.54795
5.46938775510204 0.215066
5.4734693877551 0.0
5.47755102040816 0.0
5.48163265306122 0.522246
5.48571428571429 1.17997
5.48979591836735 1.45981
5.49387755102041 2.15289
5.49795918367347 2.82555
5.50204081632653 2.77358
5.50612244897959 5.47366
5.51020408163265 0.519256
5.51428571428571 0.210486
5.51836734693878 2.92727
5.52244897959184 10.9815
5.5265306122449 21.6778
5.53061224489796 23.4128
5.53469387755102 20.3311
5.53877551020408 25.4183
5.54285714285714 26.8015
5.5469387755102 29.9503
5.55102040816327 32.8383
5.55510204081633 36.399
5.55918367346939 38.9393
5.56326530612245 51.1246
5.56734693877551 73.7442
5.57142857142857 108.895
5.57551020408163 177.807
5.57959183673469 179.804
5.58367346938776 212.444
5.58775510204082 223.441
5.59183673469388 218.435
5.59591836734694 208.989
5.6 188.443
5.60408163265306 158.394
5.60816326530612 128.423
5.61224489795918 98.3402
5.61632653061224 70.4889
5.62040816326531 43.3113
5.62448979591837 25.1319
5.62857142857143 12.0049
5.63265306122449 1.62657
5.63673469387755 0.0
5.64081632653061 0.0
5.64489795918367 0.0
5.64897959183673 0.358522
5.6530612244898 0.942399
5.65714285714286 1.1658
5.66122448979592 1.00171
5.66530612244898 0.92914
5.66938775510204 0.806453
5.6734693877551 0.540708
5.67755102040816 0.111359
5.68163265306122 2.2524
5.68571428571429 6.55232
5.68979591836735 8.67681
5.69387755102041 11.8199
5.69795918367347 14.544
5.70204081632653 10.1227
5.70612244897959 6.24612
5.71020408163265 4.52954
5.71428571428571 2.66143
5.71836734693878 2.75519
5.72244897959184 9.79161
5.7265306122449 7.69497
5.73061224489796 9.73978
5.73469387755102 10.1662
5.73877551020408 10.9595
5.74285714285714 8.52582
5.7469387755102 7.91306
5.75102040816327 6.12906
5.75510204081633 2.99988
5.75918367346939 6.28835
5.76326530612245 15.3865
5.76734693877551 21.7459
5.77142857142857 31.6482
5.77551020408163 48.8015
5.77959183673469 74.9442
5.78367346938775 94.6889
5.78775510204082 130.543
5.79183673469388 146.127
5.79591836734694 156.406
5.8 147.011
5.80408163265306 144.427
5.80816326530612 125.654
5.81224489795918 112.581
5.81632653061224 91.893
5.82040816326531 72.8516
5.82448979591837 55.1288
5.82857142857143 37.9925
5.83265306122449 23.5548
5.83673469387755 11.0091
5.84081632653061 4.4323
5.84489795918367 2.70687
5.84897959183674 3.03604
5.8530612244898 3.06782
5.85714285714286 2.77528
5.86122448979592 2.09512
5.86530612244898 1.24182
5.86938775510204 0.222415
5.8734693877551 0.517954
5.87755102040816 0.757049
5.88163265306122 0.534343
5.88571428571429 0.0910337
5.88979591836735 0.0
5.89387755102041 0.0
5.89795918367347 0.0
5.90204081632653 0.59969
5.90612244897959 18.4335
5.91020408163265 47.3906
5.91428571428571 67.6472
5.91836734693878 87.5323
5.92244897959184 117.864
5.9265306122449 130.496
5.93061224489796 155.303
5.93469387755102 200.222
5.93877551020408 178.442
5.94285714285714 201.597
5.9469387755102 273.443
5.95102040816327 250.256
5.95510204081633 257.419
5.95918367346939 251.394
5.96326530612245 238.137
5.96734693877551 215.117
5.97142857142857 192.067
5.97551020408163 165.007
5.97959183673469 136.566
5.98367346938775 106.567
5.98775510204082 75.881
5.99183673469388 43.0052
5.99591836734694 27.2082
6.0 14.1278
6.00408163265306 7.89463
6.00816326530612 5.03852
6.01224489795918 2.74154
6.01632653061225 2.05364
6.02040816326531 1.39606
6.02448979591837 0.836194
6.02857142857143 0.363817
6.03265306122449 1.59564
6.03673469387755 2.72788
6.04081632653061 2.9385
6.04489795918367 2.64869
6.04897959183673 2.19293
6.0530612244898 1.60665
6.05714285714286 0.282382
6.06122448979592 0.0
6.06530612244898 1.25657
6.06938775510204 2.45568
6.0734693877551 2.99752
6.07755102040816 2.61863
6.08163265306122 20.9289
6.08571428571429 7.55759
6.08979591836735 34.2901
6.09387755102041 28.8243
6.09795918367347 26.2964
6.10204081632653 21.7906
6.10612244897959 17.0597
6.11020408163265 10.3197
6.11428571428571 6.70941
6.11836734693878 1.37876
6.12244897959184 0.532456
6.1265306122449 0.315006
6.13061224489796 20.7623
6.13469387755102 42.4284
6.13877551020408 58.9538
6.14285714285714 82.2966
6.1469387755102 99.6002
6.15102040816326 116.333
6.15510204081633 119.963
6.15918367346939 125.455
6.16326530612245 136.309
6.16734693877551 136.43
6.17142857142857 128.246
6.17551020408163 117.704
6.17959183673469 102.586
6.18367346938776 84.4539
6.18775510204082 64.7673
6.19183673469388 47.0819
6.19591836734694 28.3908
6.2 11.4078
6.20408163265306 4.74083
6.20816326530612 3.58199
6.21224489795918 2.99752
6.21632653061225 2.00771
6.22040816326531 0.698914
6.22448979591837 0.0
6.22857142857143 0.0
6.23265306122449 0.0
6.23673469387755 0.0
6.24081632653061 0.0
6.24489795918367 0.0
6.24897959183673 0.0
6.2530612244898 0.0895063
6.25714285714286 0.707353
6.26122448979592 2.45911
6.26530612244898 3.07092
6.26938775510204 2.95701
6.2734693877551 2.5362
6.27755102040816 5.08237
6.28163265306122 6.23032
6.28571428571429 22.2396
6.28979591836735 33.4226
6.29387755102041 138.941
6.29795918367347 165.462
6.30204081632653 172.74
6.30612244897959 253.099
6.31020408163265 300.342
6.31428571428571 339.85
6.31836734693878 287.935
6.32244897959184 255.694
6.3265306122449 241.254
6.33061224489796 222.811
6.33469387755102 213.494
6.33877551020408 200.664
6.34285714285714 185.376
6.3469387755102 161.615
6.35102040816327 137.884
6.35510204081633 110.346
6.35918367346939 81.8542
6.36326530612245 57.4347
6.36734693877551 41.0543
6.37142857142857 24.7079
6.37551020408163 20.7938
6.37959183673469 18.1947
6.38367346938776 15.0243
6.38775510204082 11.3863
6.39183673469388 8.37313
6.39591836734694 5.90424
6.4 4.20855
6.40408163265306 2.41777
6.40816326530612 1.41043
6.41224489795918 0.720024
6.41632653061224 0.691791
6.42040816326531 4.55187
6.42448979591837 10.4091
6.42857142857143 12.7699
6.43265306122449 11.1976
6.43673469387755 7.03168
6.44081632653061 3.06221
6.44489795918367 0.430226
6.44897959183673 1.18981
6.4530612244898 1.12465
6.45714285714286 0.753671
6.46122448979592 0.390738
6.46530612244898 0.153482
6.46938775510204 0.746667
6.4734693877551 13.3433
6.47755102040816 6.62629
6.48163265306122 11.7339
6.48571428571429 31.5791
6.48979591836735 10.6854
6.49387755102041 10.4181
6.49795918367347 6.79011
6.50204081632653 11.4707
6.50612244897959 3.46909
6.51020408163265 3.20473
6.51428571428571 7.38882
6.51836734693878 6.89386
6.52244897959184 13.1118
6.5265306122449 30.8114
6.53061224489796 20.7406
6.53469387755102 52.6698
6.53877551020408 76.6047
6.54285714285714 108.211
6.5469387755102 131.864
6.55102040816327 145.212
6.55510204081633 141.178
6.55918367346939 133.623
6.56326530612245 121.183
6.56734693877551 103.882
6.57142857142857 84.2744
6.57551020408163 66.2575
6.57959183673469 50.1445
6.58367346938776 33.8081
6.58775510204082 18.619
6.59183673469388 11.03
6.59591836734694 8.84146
6.6 6.75365
6.60408163265306 4.72534
6.60816326530612 2.84916
6.61224489795918 2.652
6.61632653061224 1.81529
6.62040816326531 1.04609
6.62448979591837 6.54381
6.62857142857143 25.9401
6.63265306122449 30.5075
6.63673469387755 36.9751
6.64081632653061 35.8986
6.64489795918367 33.7142
6.64897959183673 28.8811
6.6530612244898 23.7367
6.65714285714286 17.3611
6.66122448979592 20.6984
6.66530612244898 14.8258
6.66938775510204 16.7173
6.6734693877551 20.5713
6.67755102040816 18.458
6.68163265306122 37.8813
6.68571428571429 40.099
6.68979591836735 107.059
6.69387755102041 108.154
6.69795918367347 191.091
6.70204081632653 226.2
6.70612244897959 248.0
6.71020408163265 245.01
6.71428571428571 220.851
6.71836734693878 190.674
6.72244897959184 156.601
6.7265306122449 122.546
6.73061224489796 87.4899
6.73469387755102 54.5356
6.73877551020408 22.5268
6.74285714285714 7.77264
6.7469387755102 3.9096
6.75102040816327 1.73815
6.75510204081633 0.0700752
6.75918367346939 0.0
6.76326530612245 0.0
6.76734693877551 0.0
6.77142857142857 0.0
6.77551020408163 0.0
6.77959183673469 0.0
6.78367346938775 10.7203
6.78775510204082 21.5818
6.79183673469388 19.2676
6.79591836734694 19.4517
6.8 13.0381
6.80408163265306 9.36336
6.80816326530612 7.50356
6.81224489795918 6.13249
6.81632653061224 4.7483
6.82040816326531 3.51227
6.82448979591837 2.68277
6.82857142857143 1.83702
6.83265306122449 1.13726
6.83673469387755 0.205914
6.84081632653061 2.94073
6.84489795918367 13.7909
6.84897959183674 23.6261
6.8530612244898 33.4001
6.85714285714286 28.0222
6.86122448979592 20.439
6.86530612244898 15.5622
6.86938775510204 5.52377
6.8734693877551 5.73235
6.87755102040816 5.58895
6.88163265306122 4.7803
6.88571428571429 6.25657
6.88979591836735 17.3738
6.89387755102041 31.0675
6.89795918367347 63.1274
6.90204081632653 81.7172
6.90612244897959 131.794
6.91020408163265 177.909
6.91428571428571 225.084
6.91836734693878 243.128
6.92244897959184 235.245
6.9265306122449 216.823
6.93061224489796 188.269
6.93469387755102 154.849
6.93877551020408 122.088
6.94285714285714 92.1445
6.9469387755102 67.7518
6.95102040816327 48.2161
6.95510204081633 29.6586
6.95918367346939 12.1671
6.96326530612245 8.98366
6.96734693877551 8.52252
6.97142857142857 8.83101
6.97551020408163 8.7901
6.97959183673469 7.91485
6.98367346938775 7.17432
6.98775510204082 6.1936
6.99183673469388 5.38268
6.99591836734694 5.02412
7.0 3.54384
7.00408163265306 3.04554
7.00816326530612 1.12326
7.01224489795918 0.691414
7.01632653061225 0.184298
7.02040816326531 0.281195
7.02448979591837 11.901
7.02857142857143 24.5346
7.03265306122449 28.0476
7.03673469387755 25.4186
7.04081632653061 17.7111
7.04489795918367 26.3043
7.04897959183673 45.4592
7.0530612244898 64.4163
7.05714285714286 73.6683
7.06122448979592 87.5055
7.06530612244898 89.282
7.06938775510204 96.4638
7.0734693877551 99.3945
7.07755102040816 101.547
7.08163265306122 104.615
7.08571428571429 103.32
7.08979591836735 114.663
7.09387755102041 101.665
7.09795918367347 107.503
7.10204081632653 104.509
7.10612244897959 97.0029
7.11020408163265 83.2824
7.11428571428571 75.9793
7.11836734693878 57.8563
7.12244897959184 41.7706
7.1265306122449 28.6912
7.13061224489796 15.2232
7.13469387755102 6.67122
7.13877551020408 7.05665
7.14285714285714 6.74252
7.1469387755102 4.1233
7.15102040816326 3.18011
7.15510204081633 3.84712
7.15918367346939 1.9602
7.16326530612245 0.0
7.16734693877551 0.0
7.17142857142857 0.785142
7.17551020408163 1.55106
7.17959183673469 2.42162
7.18367346938776 8.80911
7.18775510204082 13.2463
7.19183673469388 18.0656
7.19591836734694 19.482
7.2 12.7499
7.20408163265306 11.5445
7.20816326530612 5.49302
7.21224489795918 2.69098
7.21632653061225 1.89332
7.22040816326531 3.50042
7.22448979591837 4.22374
7.22857142857143 5.0284
7.23265306122449 5.13439
7.23673469387755 7.10252
7.24081632653061 5.17026
7.24489795918367 5.79973
7.24897959183673 4.89614
7.2530612244898 3.11029
7.25714285714286 1.20856
7.26122448979592 1.03616
7.26530612244898 0.930863
7.26938775510204 0.889421
7.2734693877551 0.136241
7.27755102040816 2.50049
7.28163265306122 11.4889
7.28571428571429 31.8539
7.28979591836735 55.5186
7.29387755102041 70.2458
7.29795918367347 84.8063
7.30204081632653 93.1717
7.30612244897959 98.5011
7.31020408163265 101.264
7.31428571428571 98.8806
7.31836734693878 90.8273
7.32244897959184 73.5603
7.3265306122449 55.4295
7.33061224489796 36.1794
7.33469387755102 18.9724
7.33877551020408 9.91769
7.34285714285714 2.35438
7.3469387755102 0.821223
7.35102040816327 1.53393
7.35510204081633 1.63318
7.35918367346939 1.20516
7.36326530612245 0.487695
7.36734693877551 0.0
7.37142857142857 0.0
7.37551020408163 0.0
7.37959183673469 0.62564
7.38367346938776 1.90899
7.38775510204082 0.835031
7.39183673469388 2.08051
7.39591836734694 6.54295
7.4 10.8061
7.40408163265306 35.768
7.40816326530612 58.1447
7.41224489795918 87.0972
7.41632653061224 101.247
7.42040816326531 123.847
7.42448979591837 126.971
7.42857142857143 141.822
7.43265306122449 134.52
7.43673469387755 120.748
7.44081632653061 97.4809
7.44489795918367 82.8525
7.44897959183673 72.6262
7.4530612244898 95.1605
7.45714285714286 102.465
7.46122448979592 132.234
7.46530612244898 146.865
7.46938775510204 150.206
7.4734693877551 151.596
7.47755102040816 149.247
7.48163265306122 137.27
7.48571428571429 121.201
7.48979591836735 99.7632
7.49387755102041 69.0408
7.49795918367347 44.6482
7.50204081632653 29.7874
7.50612244897959 20.9862
7.51020408163265 15.1776
7.51428571428571 10.4564
7.51836734693878 7.58235
7.52244897959184 5.37606
7.5265306122449 3.32958
7.53061224489796 2.52213
7.53469387755102 2.04858
7.53877551020408 1.39697
7.54285714285714 0.72245
7.5469387755102 0.982185
7.55102040816327 1.61595
7.55510204081633 4.81277
7.55918367346939 6.02002
7.56326530612245 7.62866
7.56734693877551 4.91179
7.57142857142857 6.38282
7.57551020408163 6.65085
7.57959183673469 8.25777
7.58367346938776 8.64955
7.58775510204082 8.32045
7.59183673469388 7.52624
7.59591836734694 5.90901
7.6 4.25665
7.60408163265306 3.52693
7.60816326530612 3.64637
7.61224489795918 6.06052
7.61632653061224 7.97329
7.62040816326531 44.3306
7.62448979591837 65.4591
7.62857142857143 31.0188
7.63265306122449 24.9038
7.63673469387755 26.635
7.64081632653061 28.812
7.64489795918367 30.6117
7.64897959183673 52.5282
7.6530612244898 42.6068
7.65714285714286 38.9363
7.66122448979592 35.2383
7.66530612244898 32.4691
7.66938775510204 8.15964
7.6734693877551 4.83706
7.67755102040816 4.86818
7.68163265306122 5.6806
7.68571428571429 7.35021
7.68979591836735 16.1274
7.69387755102041 11.104
7.69795918367347 27.7282
7.70204081632653 30.3088
7.70612244897959 22.9424
7.71020408163265 10.6002
7.71428571428571 1.18176
7.71836734693878 0.0
7.72244897959184 0.131309
7.7265306122449 0.437419
7.73061224489796 0.723461
7.73469387755102 1.01644
7.73877551020408 0.926812
7.74285714285714 26.3463
7.7469387755102 56.3537
7.75102040816327 76.9736
7.75510204081633 49.0187
7.75918367346939 57.2811
7.76326530612245 58.0954
7.76734693877551 48.4402
7.77142857142857 39.625
7.77551020408163 30.4013
7.77959183673469 27.4165
7.78367346938775 35.9387
7.78775510204082 36.26
7.79183673469388 43.6958
7.79591836734694 44.4854
7.8 58.1304
7.80408163265306 84.3771
7.80816326530612 137.368
7.81224489795918 184.394
7.81632653061224 198.469
7.82040816326531 197.27
7.82448979591837 224.687
7.82857142857143 239.388
7.83265306122449 243.466
7.83673469387755 226.701
7.84081632653061 196.834
7.84489795918367 167.343
7.84897959183674 134.537
7.8530612244898 101.238
7.85714285714286 67.2523
7.86122448979592 38.8317
7.86530612244898 22.6946
7.86938775510204 11.8856
7.8734693877551 8.98207
7.87755102040816 6.19724
7.88163265306122 3.10629
7.88571428571429 1.17909
7.88979591836735 1.5201
7.89387755102041 3.39543
7.89795918367347 4.36392
7.90204081632653 5.45814
7.90612244897959 7.61916
7.91020408163265 6.67888
7.91428571428571 6.02619
7.91836734693878 5.03022
7.92244897959184 3.33813
7.9265306122449 2.26629
7.93061224489796 7.71791
7.93469387755102 24.2417
7.93877551020408 26.3947
7.94285714285714 15.5897
7.9469387755102 14.865
7.95102040816327 16.2605
7.95510204081633 3.92052
7.95918367346939 9.11051
7.96326530612245 32.7602
7.96734693877551 27.8268
7.97142857142857 26.1944
7.97551020408163 14.2444
7.97959183673469 7.27916
7.98367346938775 7.77554
7.98775510204082 9.791
7.99183673469388 9.92166
7.99591836734694 12.9636
8.0 39.7301
8.00408163265306 81.3941
8.00816326530612 108.854
8.01224489795918 194.113
8.01632653061225 197.383
8.02040816326531 199.401
8.02448979591837 172.113
8.02857142857143 167.963
8.03265306122449 148.793
8.03673469387755 133.673
8.04081632653061 112.996
8.04489795918367 92.5226
8.04897959183674 69.0052
8.0530612244898 48.2686
8.05714285714286 29.7223
8.06122448979592 15.746
8.06530612244898 3.86993
8.06938775510204 0.0
8.0734693877551 0.0
8.07755102040816 0.0
8.08163265306122 0.0
8.08571428571429 0.0
8.08979591836735 0.0
8.09387755102041 0.0
8.09795918367347 0.0
8.10204081632653 0.0
8.10612244897959 1.27645
8.11020408163265 0.0
8.11428571428571 0.854611
8.11836734693878 0.0
8.12244897959184 0.0
8.1265306122449 0.0
8.13061224489796 0.0
8.13469387755102 0.0
8.13877551020408 0.0
8.14285714285714 0.0
8.1469387755102 0.0
8.15102040816327 0.921955
8.15510204081633 3.07759
8.15918367346939 32.7198
8.16326530612245 66.7286
8.16734693877551 195.138
8.17142857142857 277.486
8.17551020408163 327.13
8.17959183673469 327.292
8.18367346938776 327.817
8.18775510204082 301.465
8.19183673469388 272.542
8.19591836734694 239.023
8.2 202.406
8.20408163265306 166.605
8.20816326530612 129.322
8.21224489795918 95.3555
8.21632653061224 68.3928
8.22040816326531 44.5273
8.22448979591837 23.0416
8.22857142857143 13.3655
8.23265306122449 20.066
8.23673469387755 31.3116
8.24081632653061 37.1793
8.24489795918367 36.6768
8.24897959183673 33.2618
8.2530612244898 27.2404
8.25714285714286 20.92
8.26122448979592 15.4022
8.26530612244898 11.6832
8.26938775510204 9.10565
8.2734693877551 7.67353
8.27755102040816 5.82997
8.28163265306122 5.0354
8.28571428571429 4.16732
8.28979591836735 2.83876
8.29387755102041 0.679563
8.29795918367347 0.202646
8.30204081632653 0.127872
8.30612244897959 15.4999
8.31020408163265 39.8681
8.31428571428571 39.9149
8.31836734693877 27.8272
8.32244897959184 16.9741
8.3265306122449 7.37246
8.33061224489796 0.0
8.33469387755102 0.0
8.33877551020408 3.82448
8.34285714285714 4.1505
8.3469387755102 5.31131
8.35102040816327 17.2967
8.35510204081633 22.7999
8.35918367346939 20.2366
8.36326530612245 13.1275
8.36734693877551 4.22772
8.37142857142857 0.0
8.37551020408163 0.0
8.37959183673469 4.39603
8.38367346938776 10.3539
8.38775510204082 14.1173
8.39183673469388 16.2797
8.39591836734694 26.3607
8.4 53.6606
8.40408163265306 79.0407
8.40816326530612 104.746
8.41224489795918 111.251
8.41632653061225 122.808
8.42040816326531 128.315
8.42448979591837 128.084
8.42857142857143 118.053
8.43265306122449 105.343
8.43673469387755 86.3643
8.44081632653061 67.2937
8.44489795918367 43.9647
8.44897959183673 31.0244
8.4530612244898 16.2329
8.45714285714286 7.06497
8.46122448979592 5.90216
8.46530612244898 6.01192
8.46938775510204 6.17858
8.4734693877551 6.11336
8.47755102040816 5.50538
8.48163265306122 4.13985
8.48571428571429 2.51877
8.48979591836735 1.48972
8.49387755102041 4.79907
8.49795918367347 6.73008
8.50204081632653 7.8914
8.50612244897959 0.665496
8.51020408163265 20.6845
8.51428571428571 14.7796
8.51836734693878 26.9317
8.52244897959184 21.7191
8.5265306122449 27.7438
8.53061224489796 41.1187
8.53469387755102 50.1597
8.53877551020408 97.8842
8.54285714285714 160.091
8.5469387755102 253.379
8.55102040816327 302.587
8.55510204081633 291.707
8.55918367346939 281.793
8.56326530612245 257.537
8.56734693877551 224.872
8.57142857142857 192.51
8.57551020408163 162.718
8.57959183673469 129.906
8.58367346938775 101.587
8.58775510204082 77.1586
8.59183673469388 57.0255
8.59591836734694 42.446
8.6 35.864
8.60408163265306 26.9743
8.60816326530612 17.6101
8.61224489795918 13.0078
8.61632653061224 7.27654
8.62040816326531 1.24216
8.62448979591837 0.0
8.62857142857143 0.0
8.63265306122449 0.75002
8.63673469387755 0.995929
8.64081632653061 0.200187
8.64489795918367 0.0
8.64897959183673 0.0
8.6530612244898 0.0
8.65714285714286 2.37239
8.66122448979592 6.57166
8.66530612244898 10.4022
8.66938775510204 12.9638
8.6734693877551 13.3003
8.67755102040816 13.908
8.68163265306123 16.8103
8.68571428571429 21.4221
8.68979591836735 21.4928
8.69387755102041 41.3208
8.69795918367347 67.5705
8.70204081632653 26.9934
8.70612244897959 28.4091
8.71020408163265 21.4234
8.71428571428571 18.6345
8.71836734693878 19.26
8.72244897959184 5.5751
8.7265306122449 25.3927
8.73061224489796 75.7951
8.73469387755102 96.026
8.73877551020408 117.439
8.74285714285714 145.231
8.7469387755102 162.824
8.75102040816327 161.568
8.75510204081633 153.159
8.75918367346939 139.899
8.76326530612245 123.992
8.76734693877551 115.485
8.77142857142857 105.852
8.77551020408163 95.1474
8.77959183673469 83.8877
8.78367346938776 75.0545
8.78775510204082 65.1903
8.79183673469388 56.9623
8.79591836734694 43.8382
8.8 38.0691
8.80408163265306 31.5892
8.80816326530612 25.3966
8.81224489795918 19.7154
8.81632653061224 14.2094
8.82040816326531 9.13764
8.82448979591837 5.11882
8.82857142857143 2.26787
8.83265306122449 2.96717
8.83673469387755 4.98453
8.84081632653061 9.268
8.84489795918367 12.9146
8.84897959183673 16.8476
8.8530612244898 12.9219
8.85714285714286 12.2116
8.86122448979592 10.9774
8.86530612244898 9.94088
8.86938775510204 4.98505
8.8734693877551 7.68536
8.87755102040816 1.63673
8.88163265306122 5.47389
8.88571428571429 12.5531
8.88979591836735 8.72286
8.89387755102041 12.114
8.89795918367347 13.7029
8.90204081632653 5.8889
8.90612244897959 3.21237
8.91020408163265 4.00817
8.91428571428571 3.36425
8.91836734693878 4.37389
8.92244897959184 9.46845
8.9265306122449 5.92476
8.93061224489796 8.50065
8.93469387755102 54.2022
8.93877551020408 91.5763
8.94285714285714 118.6
8.9469387755102 116.276
8.95102040816326 102.989
8.95510204081633 94.2381
8.95918367346939 79.3822
8.96326530612245 61.0465
8.96734693877551 51.2639
8.97142857142857 33.884
8.97551020408163 36.1682
8.97959183673469 48.6319
8.98367346938775 61.7618
8.98775510204082 69.7615
8.99183673469388 77.012
8.99591836734694 74.9044
9.0 64.9037
9.00408163265306 49.7493
9.00816326530612 39.7647
9.01224489795918 26.7964
9.01632653061225 16.4068
9.02040816326531 9.9137
9.02448979591837 11.9241
9.02857142857143 11.7345
9.03265306122449 17.542
9.03673469387755 26.5172
9.04081632653061 32.9796
9.04489795918367 39.2369
9.04897959183674 48.6303
9.0530612244898 48.6126
9.05714285714286 43.4695
9.06122448979592 38.0169
9.06530612244898 31.9952
9.06938775510204 20.2204
9.0734693877551 14.3768
9.07755102040816 11.5652
9.08163265306122 8.04385
9.08571428571429 5.35519
9.08979591836735 3.25261
9.09387755102041 5.09579
9.09795918367347 1.79052
9.10204081632653 0.942041
9.10612244897959 0.892649
9.11020408163265 11.3488
9.11428571428571 35.7915
9.11836734693878 83.547
9.12244897959184 94.7282
9.1265306122449 124.811
9.13061224489796 143.567
9.13469387755102 151.691
9.13877551020408 143.715
9.14285714285714 133.292
9.1469387755102 118.019
9.15102040816327 98.1693
9.15510204081633 79.2101
9.15918367346939 58.6675
9.16326530612245 46.5067
9.16734693877551 42.2391
9.17142857142857 35.2499
9.17551020408163 32.2482
9.17959183673469 22.0494
9.18367346938776 17.7216
9.18775510204082 11.4598
9.19183673469388 5.11496
9.19591836734694 2.34207
9.2 1.41978
9.20408163265306 0.442621
9.20816326530612 0.0
9.21224489795918 0.0
9.21632653061224 0.0
9.22040816326531 0.0933359
9.22448979591837 0.302648
9.22857142857143 0.975629
9.23265306122449 4.10151
9.23673469387755 7.05184
9.24081632653061 6.15052
9.24489795918367 6.59907
9.24897959183673 5.78293
9.2530612244898 7.27097
9.25714285714286 8.82809
9.26122448979592 22.6932
9.26530612244898 9.99586
9.26938775510204 1.97488
9.2734693877551 3.08242
9.27755102040816 1.41778
9.28163265306122 0.950834
9.28571428571429 2.21583
9.28979591836735 22.329
9.29387755102041 33.936
9.29795918367347 78.9138
9.30204081632653 111.382
9.30612244897959 135.893
9.31020408163265 151.312
9.31428571428571 152.707
9.31836734693877 146.525
9.32244897959184 131.053
9.3265306122449 114.611
9.33061224489796 93.0481
9.33469387755102 68.0204
9.33877551020408 43.7339
9.34285714285714 30.0007
9.3469387755102 20.6892
9.35102040816327 15.629
9.35510204081633 13.7129
9.35918367346939 11.8596
9.36326530612245 9.85638
9.36734693877551 7.94045
9.37142857142857 6.00539
9.37551020408163 6.10321
9.37959183673469 7.30019
9.38367346938776 7.46774
9.38775510204082 8.50773
9.39183673469388 8.00923
9.39591836734694 8.75237
9.4 8.12757
9.40408163265306 13.1488
9.40816326530612 11.3664
9.41224489795918 12.7105
9.41632653061225 9.29199
9.42040816326531 12.6647
9.42448979591837 11.6286
9.42857142857143 10.5068
9.43265306122449 9.9986
9.43673469387755 10.8756
9.44081632653061 16.9448
9.44489795918367 21.9415
9.44897959183673 19.4808
9.4530612244898 14.7207
9.45714285714286 9.90435
9.46122448979592 6.20452
9.46530612244898 2.45215
9.46938775510204 10.1466
9.4734693877551 21.1387
9.47755102040816 23.8564
9.48163265306122 18.0627
9.48571428571429 10.9289
9.48979591836735 7.79525
9.49387755102041 5.37086
9.49795918367347 24.614
9.50204081632653 40.3793
9.50612244897959 80.2702
9.51020408163265 111.518
9.51428571428571 119.229
9.51836734693878 134.161
9.52244897959184 127.72
9.5265306122449 130.119
9.53061224489796 131.467
9.53469387755102 131.128
9.53877551020408 122.774
9.54285714285714 106.864
9.5469387755102 85.0142
9.55102040816327 60.8335
9.55510204081633 36.7089
9.55918367346939 17.288
9.56326530612245 3.3204
9.56734693877551 2.77232
9.57142857142857 2.73812
9.57551020408163 2.24542
9.57959183673469 1.69828
9.58367346938775 1.56527
9.58775510204082 2.75453
9.59183673469388 4.87642
9.59591836734694 10.0299
9.6 15.4012
9.60408163265306 20.0752
9.60816326530612 17.3373
9.61224489795918 15.4708
9.61632653061224 10.3872
9.62040816326531 5.84787
9.62448979591837 1.57976
9.62857142857143 0.0
9.63265306122449 0.0
9.63673469387755 0.0
9.64081632653061 0.0
9.64489795918367 0.0
9.64897959183673 4.74866
9.6530612244898 8.09696
9.65714285714286 15.1725
9.66122448979592 62.0081
9.66530612244898 120.652
9.66938775510204 183.921
9.6734693877551 273.699
9.67755102040816 317.038
9.68163265306123 325.925
9.68571428571429 327.01
9.68979591836735 310.632
9.69387755102041 275.735
9.69795918367347 237.613
9.70204081632653 201.52
9.70612244897959 162.876
9.71020408163265 125.01
9.71428571428571 88.7292
9.71836734693878 55.7054
9.72244897959184 35.8189
9.7265306122449 24.615
9.73061224489796 16.0412
9.73469387755102 13.3071
9.73877551020408 11.4151
9.74285714285714 10.0106
9.7469387755102 7.97977
9.75102040816327 6.33357
9.75510204081633 9.24259
9.75918367346939 17.2613
9.76326530612245 21.6791
9.76734693877551 20.134
9.77142857142857 19.9494
9.77551020408163 15.2578
9.77959183673469 15.2297
9.78367346938776 14.7502
9.78775510204082 13.3008
9.79183673469388 11.9154
9.79591836734694 9.44168
9.8 8.16994
9.80408163265306 12.6171
9.80816326530612 9.99069
9.81224489795918 21.704
9.81632653061224 15.4241
9.82040816326531 5.40944
9.82448979591837 3.37162
9.82857142857143 2.10055
9.83265306122449 2.00018
9.83673469387755 2.34887
9.84081632653061 2.65098
9.84489795918367 2.58555
9.84897959183673 9.64487
9.8530612244898 13.5063
9.85714285714286 16.9229
9.86122448979592 21.8158
9.86530612244898 29.1878
9.86938775510204 29.2267
9.8734693877551 37.8743
9.87755102040816 49.3862
9.88163265306122 57.6707
9.88571428571429 45.6679
9.88979591836735 39.6644
9.89387755102041 49.9582
9.89795918367347 36.3509
9.90204081632653 31.8974
9.90612244897959 26.4495
9.91020408163265 50.8452
9.91428571428571 68.5331
9.91836734693878 86.4894
9.92244897959184 109.093
9.9265306122449 123.843
9.93061224489796 128.609
9.93469387755102 119.081
9.93877551020408 105.913
9.94285714285714 84.7382
9.9469387755102 65.1384
9.95102040816326 42.4066
9.95510204081633 24.899
9.95918367346939 15.6776
9.96326530612245 5.29917
9.96734693877551 2.46334
9.97142857142857 0.944259
9.97551020408163 1.13228
9.97959183673469 1.36959
9.98367346938775 1.93001
9.98775510204082 0.547621
9.99183673469388 0.814236
9.99591836734694 1.32245
10.0 1.37478
10.0040816326531 3.304
10.0081632653061 3.70681
10.0122448979592 3.00847
10.0163265306122 1.8259
10.0204081632653 3.44603
10.0244897959184 4.50807
10.0285714285714 4.77289
10.0326530612245 5.43186
10.0367346938776 4.42175
10.0408163265306 5.86111
10.0448979591837 15.1675
10.0489795918367 22.6304
10.0530612244898 62.9391
10.0571428571429 151.414
10.0612244897959 187.344
10.065306122449 260.377
10.069387755102 333.018
10.0734693877551 330.247
10.0775510204082 304.831
10.0816326530612 262.679
10.0857142857143 221.402
10.0897959183673 182.387
10.0938775510204 144.111
10.0979591836735 106.289
10.1020408163265 73.0558
10.1061224489796 48.2558
10.1102040816327 31.5519
10.1142857142857 17.9366
10.1183673469388 8.95992
10.1224489795918 4.89655
10.1265306122449 2.61873
10.130612244898 1.12094
10.134693877551 0.93329
10.1387755102041 0.0
10.1428571428571 0.0
10.1469387755102 0.0
10.1510204081633 7.20751
10.1551020408163 0.0
10.1591836734694 0.0
10.1632653061224 0.0
10.1673469387755 0.0
10.1714285714286 0.0
10.1755102040816 0.0
10.1795918367347 0.0
10.1836734693878 0.0
10.1877551020408 0.0
10.1918367346939 0.0
10.1959183673469 0.0500182
10.2 0.524282
10.2040816326531 25.6113
10.2081632653061 38.7612
10.2122448979592 32.7696
10.2163265306122 22.2676
10.2204081632653 13.3825
10.2244897959184 9.65551
10.2285714285714 1.97884
10.2326530612245 0.779783
10.2367346938776 0.945743
10.2408163265306 2.5213
10.2448979591837 6.81623
10.2489795918367 23.3067
10.2530612244898 33.0057
10.2571428571429 59.3285
10.2612244897959 122.181
10.265306122449 123.046
10.269387755102 170.848
10.2734693877551 188.427
10.2775510204082 186.989
10.2816326530612 180.595
10.2857142857143 173.645
10.2897959183673 156.517
10.2938775510204 142.403
10.2979591836735 117.881
10.3020408163265 102.508
10.3061224489796 79.2496
10.3102040816327 57.7804
10.3142857142857 41.3054
10.3183673469388 27.3524
10.3224489795918 13.0894
10.3265306122449 7.22437
10.330612244898 5.44725
10.334693877551 5.2557
10.3387755102041 3.71584
10.3428571428571 1.88602
10.3469387755102 0.848979
10.3510204081633 9.20272
10.3551020408163 8.98993
10.3591836734694 9.55335
10.3632653061224 9.94051
10.3673469387755 4.40836
10.3714285714286 0.0
10.3755102040816 0.0206629
10.3795918367347 2.11994
10.3836734693878 0.615597
10.3877551020408 0.0
10.3918367346939 0.0
10.3959183673469 0.0
10.4 0.0
10.4040816326531 6.52575
10.4081632653061 57.7926
10.4122448979592 101.858
10.4163265306122 100.889
10.4204081632653 89.9012
10.4244897959184 83.8536
10.4285714285714 79.2833
10.4326530612245 78.8612
10.4367346938776 88.5032
10.4408163265306 99.8813
10.4448979591837 105.074
10.4489795918367 102.819
10.4530612244898 98.0035
10.4571428571429 85.7347
10.4612244897959 68.6594
10.465306122449 46.909
10.469387755102 36.139
10.4734693877551 25.1101
10.4775510204082 33.9847
10.4816326530612 43.295
10.4857142857143 39.8142
10.4897959183673 39.3679
10.4938775510204 32.8036
10.4979591836735 26.3578
10.5020408163265 21.4376
10.5061224489796 17.9169
10.5102040816327 18.7614
10.5142857142857 13.0081
10.5183673469388 11.028
10.5224489795918 7.99813
10.5265306122449 5.52937
10.530612244898 2.88988
10.534693877551 2.02256
10.5387755102041 1.3566
10.5428571428571 2.67783
10.5469387755102 1.11734
10.5510204081633 2.62608
10.5551020408163 2.81233
10.5591836734694 2.74781
10.5632653061224 2.85865
10.5673469387755 3.08976
10.5714285714286 3.04634
10.5755102040816 3.36531
10.5795918367347 3.67446
10.5836734693878 14.1559
10.5877551020408 19.5168
10.5918367346939 22.0524
10.5959183673469 22.3154
10.6 19.4378
10.6040816326531 16.1976
10.6081632653061 14.1737
10.6122448979592 54.2891
10.6163265306122 159.568
10.6204081632653 133.673
10.6244897959184 128.225
10.6285714285714 167.568
10.6326530612245 170.315
10.6367346938776 182.548
10.6408163265306 201.904
10.6448979591837 201.447
10.6489795918367 194.658
10.6530612244898 178.767
10.6571428571429 173.051
10.6612244897959 165.291
10.665306122449 144.21
10.669387755102 116.96
10.6734693877551 83.9787
10.6775510204082 51.635
10.6816326530612 30.0027
10.6857142857143 13.1357
10.6897959183673 8.3537
10.6938775510204 6.93048
10.6979591836735 6.85249
10.7020408163265 12.146
10.7061224489796 16.9244
10.7102040816327 18.4161
10.7142857142857 17.0015
10.7183673469388 23.1403
10.7224489795918 38.3695
10.7265306122449 37.015
10.730612244898 33.7576
10.734693877551 25.9688
10.7387755102041 16.8214
10.7428571428571 9.58699
10.7469387755102 1.60363
10.7510204081633 0.0
10.7551020408163 0.0
10.7591836734694 0.0
10.7632653061224 0.0
10.7673469387755 0.0
10.7714285714286 4.72502
10.7755102040816 1.484
10.7795918367347 45.4981
10.7836734693878 53.8325
10.7877551020408 60.386
10.7918367346939 79.816
10.7959183673469 106.505
10.8 144.611
10.8040816326531 172.312
10.8081632653061 189.153
10.8122448979592 190.337
10.8163265306122 180.219
10.8204081632653 161.752
10.8244897959184 133.309
10.8285714285714 100.427
10.8326530612245 68.8223
10.8367346938776 50.9167
10.8408163265306 40.4889
10.8448979591837 30.9197
10.8489795918367 23.5589
10.8530612244898 17.085
10.8571428571429 12.5707
10.8612244897959 8.6831
10.865306122449 5.55942
10.869387755102 7.74967
10.8734693877551 7.89376
10.8775510204082 8.62392
10.8816326530612 4.20878
10.8857142857143 30.0095
10.8897959183673 26.2452
10.8938775510204 21.8303
10.8979591836735 18.3912
10.9020408163265 11.0064
10.9061224489796 10.2868
10.9102040816327 6.57984
10.9142857142857 3.17755
10.9183673469388 10.4369
10.9224489795918 12.2632
10.9265306122449 22.5739
10.930612244898 10.6847
10.934693877551 12.2345
10.9387755102041 8.89613
10.9428571428571 5.68782
10.9469387755102 10.1376
10.9510204081633 3.75718
10.9551020408163 2.31114
10.9591836734694 7.98099
10.9632653061224 8.80231
10.9673469387755 13.1714
10.9714285714286 11.5652
10.9755102040816 9.75054
10.9795918367347 5.86311
10.9836734693878 1.42162
10.9877551020408 1.25996
10.9918367346939 1.61697
10.9959183673469 2.91698
11.0 4.02216
11.0040816326531 21.0359
11.0081632653061 51.8327
11.0122448979592 127.867
11.0163265306122 155.213
11.0204081632653 155.578
11.0244897959184 155.768
11.0285714285714 159.391
11.0326530612245 158.394
11.0367346938776 150.504
11.0408163265306 136.749
11.0448979591837 117.809
11.0489795918367 92.7329
11.0530612244898 67.4789
11.0571428571429 40.7922
11.0612244897959 16.8426
11.065306122449 7.84529
11.069387755102 4.47288
11.0734693877551 1.41754
11.0775510204082 0.538401
11.0816326530612 0.0
11.0857142857143 0.0
11.0897959183673 0.0
11.0938775510204 0.0
11.0979591836735 0.0
11.1020408163265 6.10558
11.1061224489796 9.00718
11.1102040816327 16.4837
11.1142857142857 17.7823
11.1183673469388 8.50205
11.1224489795918 3.49508
11.1265306122449 0.0
11.130612244898 3.93355
11.134693877551 8.04694
11.1387755102041 3.73701
11.1428571428571 5.88658
11.1469387755102 0.0
11.1510204081633 0.199596
11.1551020408163 4.99717
11.1591836734694 16.1115
11.1632653061224 89.5701
11.1673469387755 180.115
11.1714285714286 236.471
11.1755102040816 269.457
11.1795918367347 264.559
11.1836734693878 252.091
11.1877551020408 227.645
11.1918367346939 199.539
11.1959183673469 171.157
11.2 140.012
11.2040816326531 109.369
11.2081632653061 77.9969
11.2122448979592 46.8485
11.2163265306122 29.8234
11.2204081632653 23.0929
11.2244897959184 18.0208
11.2285714285714 15.1758
11.2326530612245 13.0727
11.2367346938776 12.0743
11.2408163265306 11.3421
11.2448979591837 11.0442
11.2489795918367 15.797
11.2530612244898 25.5247
11.2571428571429 21.1597
11.2612244897959 20.677
11.265306122449 19.2516
11.269387755102 18.2581
11.2734693877551 16.8238
11.2775510204082 14.7515
11.2816326530612 12.5944
11.2857142857143 10.2301
11.2897959183673 8.62131
11.2938775510204 7.2774
11.2979591836735 13.6572
11.3020408163265 11.7581
11.3061224489796 8.8021
11.3102040816327 18.2324
11.3142857142857 22.4561
11.3183673469388 26.4839
11.3224489795918 32.4846
11.3265306122449 31.3821
11.330612244898 22.6039
11.334693877551 13.3186
11.3387755102041 7.94546
11.3428571428571 5.73218
11.3469387755102 2.67065
11.3510204081633 0.0
11.3551020408163 0.0
11.3591836734694 0.0
11.3632653061224 0.0
11.3673469387755 0.0
11.3714285714286 1.13379
11.3755102040816 7.64134
11.3795918367347 14.3767
11.3836734693878 14.9942
11.3877551020408 15.1646
11.3918367346939 14.8869
11.3959183673469 24.2974
11.4 33.3509
11.4040816326531 36.9998
11.4081632653061 38.9569
11.4122448979592 32.7444
11.4163265306122 39.3562
11.4204081632653 56.0073
11.4244897959184 72.9231
11.4285714285714 88.1188
11.4326530612245 94.0621
11.4367346938776 101.28
11.4408163265306 98.3815
11.4448979591837 87.4762
11.4489795918367 70.077
11.4530612244898 55.178
11.4571428571429 41.4913
11.4612244897959 27.9627
11.465306122449 14.25
11.469387755102 3.39699
11.4734693877551 0.0
11.4775510204082 0.0
11.4816326530612 0.0
11.4857142857143 0.0
11.4897959183673 0.305746
11.4938775510204 9.05329
11.4979591836735 18.2991
11.5020408163265 35.8542
11.5061224489796 30.4992
11.5102040816327 33.0255
11.5142857142857 33.5654
11.5183673469388 38.8124
11.5224489795918 37.3173
11.5265306122449 37.1641
11.530612244898 33.7164
11.534693877551 27.8508
11.5387755102041 31.2798
11.5428571428571 38.2532
11.5469387755102 45.9503
11.5510204081633 49.2063
11.5551020408163 49.6099
11.5591836734694 48.4398
11.5632653061224 94.2231
11.5673469387755 141.034
11.5714285714286 272.587
11.5755102040816 230.576
11.5795918367347 233.119
11.5836734693878 210.777
11.5877551020408 190.244
11.5918367346939 178.46
11.5959183673469 161.64
11.6 154.589
11.6040816326531 147.029
11.6081632653061 131.146
11.6122448979592 100.629
11.6163265306122 81.696
11.6204081632653 61.8441
11.6244897959184 46.9583
11.6285714285714 32.2632
11.6326530612245 17.2217
11.6367346938776 6.76948
11.6408163265306 4.03764
11.6448979591837 3.9628
11.6489795918367 4.17735
11.6530612244898 4.62418
11.6571428571429 5.5122
11.6612244897959 6.04344
11.665306122449 5.17433
11.669387755102 4.69228
11.6734693877551 3.46966
11.6775510204082 1.80954
11.6816326530612 0.613496
11.6857142857143 0.0
11.6897959183673 11.8894
11.6938775510204 3.04041
11.6979591836735 18.5259
11.7020408163265 11.9464
11.7061224489796 12.9139
11.7102040816327 10.5227
11.7142857142857 9.08212
11.7183673469388 11.4001
11.7224489795918 12.9191
11.7265306122449 11.3225
11.730612244898 13.2978
11.734693877551 11.8967
11.7387755102041 11.8361
11.7428571428571 11.8725
11.7469387755102 7.77098
11.7510204081633 2.49076
11.7551020408163 0.0
11.7591836734694 0.0
11.7632653061224 2.43809
11.7673469387755 9.60434
11.7714285714286 22.4221
11.7755102040816 40.419
11.7795918367347 57.6124
11.7836734693878 68.7299
11.7877551020408 74.3418
11.7918367346939 74.8863
11.7959183673469 69.8402
11.8 61.1596
11.8040816326531 49.6182
11.8081632653061 39.7051
11.8122448979592 28.3559
11.8163265306122 19.1636
11.8204081632653 14.833
11.8244897959184 12.7954
11.8285714285714 15.6141
11.8326530612245 29.8712
11.8367346938776 26.4165
11.8408163265306 27.1218
11.8448979591837 17.4585
11.8489795918367 6.17517
11.8530612244898 2.48953
11.8571428571429 3.53886
11.8612244897959 4.63584
11.865306122449 4.68399
11.869387755102 4.12283
11.8734693877551 3.80138
11.8775510204082 4.16311
11.8816326530612 4.31502
11.8857142857143 5.22049
11.8897959183673 6.42955
11.8938775510204 9.44781
11.8979591836735 11.2407
11.9020408163265 18.6239
11.9061224489796 25.5767
11.9102040816327 31.4073
11.9142857142857 28.8748
11.9183673469388 15.1031
11.9224489795918 16.7767
11.9265306122449 14.6052
11.930612244898 71.4127
11.934693877551 74.6388
11.9387755102041 216.758
11.9428571428571 218.209
11.9469387755102 250.111
11.9510204081633 310.116
11.9551020408163 276.724
11.9591836734694 260.715
11.9632653061224 219.949
11.9673469387755 185.513
11.9714285714286 148.264
11.9755102040816 115.956
11.9795918367347 84.0799
11.9836734693878 55.3188
11.9877551020408 26.1176
11.9918367346939 16.6642
11.9959183673469 13.1468
12.0 6.46183
12.0040816326531 5.73573
12.0081632653061 6.14943
12.0122448979592 3.81736
12.0163265306122 0.109533
12.0204081632653 0.0
12.0244897959184 3.73944
12.0285714285714 3.3102
12.0326530612245 6.30681
12.0367346938776 5.21761
12.0408163265306 5.58926
12.0448979591837 5.80086
12.0489795918367 6.73299
12.0530612244898 6.16165
12.0571428571429 5.68725
12.0612244897959 5.50122
12.065306122449 4.9192
12.069387755102 4.56249
12.0734693877551 4.03801
12.0775510204082 3.3397
12.0816326530612 2.95841
12.0857142857143 2.58771
12.0897959183673 2.19893
12.0938775510204 1.97068
12.0979591836735 13.0777
12.1020408163265 7.95802
12.1061224489796 4.63704
12.1102040816327 0.152583
12.1142857142857 0.947672
12.1183673469388 24.1467
12.1224489795918 43.8864
12.1265306122449 42.5844
12.130612244898 58.6958
12.134693877551 89.4835
12.1387755102041 103.435
12.1428571428571 151.303
12.1469387755102 150.066
12.1510204081633 171.424
12.1551020408163 180.634
12.1591836734694 190.773
12.1632653061224 193.76
12.1673469387755 188.201
12.1714285714286 173.015
12.1755102040816 151.215
12.1795918367347 125.028
12.1836734693878 90.0714
12.1877551020408 58.3793
12.1918367346939 30.2276
12.1959183673469 15.753
12.2 10.4297
12.2040816326531 6.76792
12.2081632653061 3.28595
12.2122448979592 1.805
12.2163265306122 0.72663
12.2204081632653 2.48213
12.2244897959184 4.70923
12.2285714285714 9.87685
12.2326530612245 28.3428
12.2367346938776 29.7734
12.2408163265306 19.5746
12.2448979591837 19.0503
12.2489795918367 16.3233
12.2530612244898 14.7045
12.2571428571429 9.72084
12.2612244897959 5.03748
12.265306122449 4.44713
12.269387755102 3.98706
12.2734693877551 3.54016
12.2775510204082 2.99184
12.2816326530612 2.24185
12.2857142857143 1.8625
12.2897959183673 1.69496
12.2938775510204 6.45956
12.2979591836735 10.3551
12.3020408163265 14.6999
12.3061224489796 15.9636
12.3102040816327 19.84
12.3142857142857 20.3071
12.3183673469388 30.7687
12.3224489795918 62.8493
12.3265306122449 79.4859
12.330612244898 127.973
12.334693877551 160.427
12.3387755102041 174.128
12.3428571428571 167.284
12.3469387755102 146.719
12.3510204081633 122.184
12.3551020408163 95.9135
12.3591836734694 66.3865
12.3632653061224 42.1094
12.3673469387755 22.967
12.3714285714286 11.1123
12.3755102040816 4.81209
12.3795918367347 1.67081
12.3836734693878 0.827839
12.3877551020408 1.13231
12.3918367346939 1.97332
12.3959183673469 3.30811
12.4 7.77734
12.4040816326531 13.4264
12.4081632653061 23.7144
12.4122448979592 24.1089
12.4163265306122 20.9893
12.4204081632653 14.7201
12.4244897959184 8.85424
12.4285714285714 6.29727
12.4326530612245 4.5715
12.4367346938776 1.62852
12.4408163265306 0.484074
12.4448979591837 0.0
12.4489795918367 0.0
12.4530612244898 0.0
12.4571428571429 0.0
12.4612244897959 2.10571
12.465306122449 7.15272
12.469387755102 9.21909
12.4734693877551 10.0557
12.4775510204082 9.32336
12.4816326530612 6.10828
12.4857142857143 2.16301
12.4897959183673 0.0
12.4938775510204 6.70815
12.4979591836735 17.8665
12.5020408163265 26.5322
12.5061224489796 34.1312
12.5102040816327 41.832
12.5142857142857 114.339
12.5183673469388 190.283
12.5224489795918 208.086
12.5265306122449 208.149
12.530612244898 204.81
12.534693877551 204.482
12.5387755102041 181.13
12.5428571428571 165.798
12.5469387755102 148.998
12.5510204081633 130.154
12.5551020408163 110.199
12.5591836734694 90.3786
12.5632653061224 69.3103
12.5673469387755 49.4912
12.5714285714286 34.6904
12.5755102040816 25.5732
12.5795918367347 18.1593
12.5836734693878 15.1675
12.5877551020408 11.127
12.5918367346939 4.45673
12.5959183673469 2.77395
12.6 2.48209
12.6040816326531 1.99986
12.6081632653061 1.61489
12.6122448979592 1.11502
12.6163265306122 0.773877
12.6204081632653 0.36789
12.6244897959184 0.124226
12.6285714285714 0.0
12.6326530612245 0.0
12.6367346938776 0.0
12.6408163265306 0.0
12.6448979591837 0.0
12.6489795918367 0.0214328
12.6530612244898 0.893181
12.6571428571429 1.08863
12.6612244897959 0.942446
12.665306122449 4.61783
12.669387755102 1.76389
12.6734693877551 13.8558
12.6775510204082 34.9787
12.6816326530612 94.1982
12.6857142857143 133.902
12.6897959183673 236.151
12.6938775510204 245.124
12.6979591836735 269.236
12.7020408163265 270.217
12.7061224489796 272.431
12.7102040816327 256.789
12.7142857142857 242.071
12.7183673469388 211.162
12.7224489795918 182.685
12.7265306122449 147.739
12.730612244898 116.422
12.734693877551 84.2996
12.7387755102041 53.1322
12.7428571428571 36.663
12.7469387755102 27.1358
12.7510204081633 22.8763
12.7551020408163 19.0056
12.7591836734694 15.8503
12.7632653061224 13.4443
12.7673469387755 12.0747
12.7714285714286 10.6822
12.7755102040816 8.96594
12.7795918367347 7.31158
12.7836734693878 6.1104
12.7877551020408 5.15316
12.7918367346939 5.60089
12.7959183673469 8.76122
12.8 6.58058
12.8040816326531 6.61062
12.8081632653061 3.05112
12.8122448979592 6.59463
12.8163265306122 5.43897
12.8204081632653 9.59907
12.8244897959184 12.7771
12.8285714285714 11.3435
12.8326530612245 13.3459
12.8367346938776 5.76162
12.8408163265306 2.29303
12.8448979591837 2.16603
12.8489795918367 1.08512
12.8530612244898 2.34
12.8571428571429 1.25291
12.8612244897959 5.07606
12.865306122449 6.40778
12.869387755102 9.09576
12.8734693877551 14.2123
12.8775510204082 36.461
12.8816326530612 75.6929
12.8857142857143 86.3011
12.8897959183673 85.9596
12.8938775510204 76.9838
12.8979591836735 64.8762
12.9020408163265 56.745
12.9061224489796 46.8512
12.9102040816327 42.572
12.9142857142857 38.8915
12.9183673469388 28.6949
12.9224489795918 24.0113
12.9265306122449 26.4816
12.930612244898 31.5674
12.934693877551 38.0195
12.9387755102041 42.0888
12.9428571428571 45.0459
12.9469387755102 45.4831
12.9510204081633 45.3161
12.9551020408163 40.4366
12.9591836734694 29.4506
12.9632653061224 20.2149
12.9673469387755 10.9819
12.9714285714286 5.90817
12.9755102040816 5.21521
12.9795918367347 4.83221
12.9836734693878 4.24846
12.9877551020408 3.81424
12.9918367346939 3.39927
12.9959183673469 3.14991
13.0 3.1596
13.0040816326531 4.03427
13.0081632653061 3.53106
13.0122448979592 4.54005
13.0163265306122 39.9847
13.0204081632653 45.4433
13.0244897959184 48.6233
13.0285714285714 43.6628
13.0326530612245 38.7578
13.0367346938776 35.2529
13.0408163265306 32.989
13.0448979591837 25.7951
13.0489795918367 19.2012
13.0530612244898 13.1152
13.0571428571429 13.7426
13.0612244897959 20.8646
13.065306122449 30.9908
13.069387755102 70.3104
13.0734693877551 123.316
13.0775510204082 170.384
13.0816326530612 192.384
13.0857142857143 191.856
13.0897959183673 179.404
13.0938775510204 158.419
13.0979591836735 131.57
13.1020408163265 104.544
13.1061224489796 76.0855
13.1102040816327 53.3131
13.1142857142857 32.6576
13.1183673469388 22.6119
13.1224489795918 15.9363
13.1265306122449 10.5186
13.130612244898 6.22555
13.134693877551 3.22355
13.1387755102041 2.1026
13.1428571428571 1.37383
13.1469387755102 1.21446
13.1510204081633 1.72218
13.1551020408163 2.78696
13.1591836734694 5.28348
13.1632653061224 9.06752
13.1673469387755 10.8546
13.1714285714286 12.1029
13.1755102040816 15.7961
13.1795918367347 26.3339
13.1836734693878 25.1328
13.1877551020408 19.3329
13.1918367346939 10.8662
13.1959183673469 2.02119
13.2 0.169744
13.2040816326531 0.0
13.2081632653061 0.0
13.2122448979592 0.0
13.2163265306122 0.0
13.2204081632653 0.0
13.2244897959184 0.0
13.2285714285714 0.0
13.2326530612245 0.0
13.2367346938776 0.0
13.2408163265306 0.0
13.2448979591837 0.0
13.2489795918367 0.0
13.2530612244898 0.82775
13.2571428571429 7.9445
13.2612244897959 19.7183
13.265306122449 29.8262
13.269387755102 51.5135
13.2734693877551 68.753
13.2775510204082 89.6469
13.2816326530612 146.562
13.2857142857143 155.813
13.2897959183673 174.685
13.2938775510204 178.922
13.2979591836735 174.864
13.3020408163265 158.74
13.3061224489796 139.512
13.3102040816327 112.094
13.3142857142857 85.9747
13.3183673469388 60.8107
13.3224489795918 42.2338
13.3265306122449 29.1107
13.330612244898 16.8062
13.334693877551 4.86126
13.3387755102041 1.68284
13.3428571428571 0.0
13.3469387755102 0.0
13.3510204081633 0.0
13.3551020408163 0.0
13.3591836734694 0.509776
13.3632653061224 2.65517
13.3673469387755 4.75064
13.3714285714286 6.33227
13.3755102040816 6.57385
13.3795918367347 6.98811
13.3836734693878 12.5964
13.3877551020408 13.9537
13.3918367346939 30.6072
13.3959183673469 48.8523
13.4 58.3919
13.4040816326531 52.5749
13.4081632653061 49.2949
13.4122448979592 43.5941
13.4163265306122 31.128
13.4204081632653 23.2854
13.4244897959184 18.8008
13.4285714285714 16.6758
13.4326530612245 29.6773
13.4367346938776 66.8261
13.4408163265306 121.62
13.4448979591837 183.284
13.4489795918367 289.673
13.4530612244898 300.958
13.4571428571429 325.802
13.4612244897959 316.405
13.465306122449 289.473
13.469387755102 254.595
13.4734693877551 214.494
13.4775510204082 176.063
13.4816326530612 137.547
13.4857142857143 101.956
13.4897959183673 67.5388
13.4938775510204 39.6851
13.4979591836735 26.0219
13.5020408163265 17.1839
13.5061224489796 10.5845
13.5102040816327 5.8372
13.5142857142857 4.15116
13.5183673469388 2.61533
13.5224489795918 2.23608
13.5265306122449 3.05052
13.530612244898 4.91312
13.534693877551 5.74052
13.5387755102041 7.36391
13.5428571428571 7.65343
13.5469387755102 8.42832
13.5510204081633 13.982
13.5551020408163 21.3456
13.5591836734694 19.5463
13.5632653061224 17.8072
13.5673469387755 15.4744
13.5714285714286 7.15466
13.5755102040816 9.87028
13.5795918367347 7.60166
13.5836734693878 21.4379
13.5877551020408 27.4437
13.5918367346939 23.2743
13.5959183673469 15.1228
13.6 7.31584
13.6040816326531 0.0
13.6081632653061 0.0
13.6122448979592 0.0
13.6163265306122 0.0
13.6204081632653 0.0
13.6244897959184 0.0
13.6285714285714 0.0
13.6326530612245 0.0
13.6367346938776 0.0
13.6408163265306 0.481357
13.6448979591837 9.89588
13.6489795918367 28.9174
13.6530612244898 26.4174
13.6571428571429 43.193
13.6612244897959 32.8652
13.665306122449 45.4648
13.669387755102 45.127
13.6734693877551 49.7349
13.6775510204082 51.0097
13.6816326530612 56.9512
13.6857142857143 71.4135
13.6897959183673 78.3975
13.6938775510204 68.195
13.6979591836735 54.2147
13.7020408163265 34.109
13.7061224489796 17.6053
13.7102040816327 7.21391
13.7142857142857 4.85153
13.7183673469388 3.12824
13.7224489795918 1.70853
13.7265306122449 1.60978
13.730612244898 1.75425
13.734693877551 2.5122
13.7387755102041 2.9354
13.7428571428571 2.86076
13.7469387755102 1.89259
13.7510204081633 1.56855
13.7551020408163 1.91901
13.7591836734694 1.66904
13.7632653061224 9.94668
13.7673469387755 34.4444
13.7714285714286 41.929
13.7755102040816 56.9116
13.7795918367347 56.5325
13.7836734693878 51.8982
13.7877551020408 44.5456
13.7918367346939 37.6649
13.7959183673469 36.3917
13.8 28.992
13.8040816326531 35.7088
13.8081632653061 34.8346
13.8122448979592 39.8235
13.8163265306122 45.4866
13.8204081632653 56.3857
13.8244897959184 104.503
13.8285714285714 114.591
13.8326530612245 159.189
13.8367346938776 196.694
13.8408163265306 212.47
13.8448979591837 211.472
13.8489795918367 200.754
13.8530612244898 180.577
13.8571428571429 158.128
13.8612244897959 131.998
13.865306122449 107.173
13.869387755102 80.5931
13.8734693877551 55.1762
13.8775510204082 36.182
13.8816326530612 20.8178
13.8857142857143 10.4616
13.8897959183673 8.1501
13.8938775510204 6.40032
13.8979591836735 4.83895
13.9020408163265 3.26076
13.9061224489796 1.66329
13.9102040816327 0.255716
13.9142857142857 0.0
13.9183673469388 0.0
13.9224489795918 0.0
13.9265306122449 0.115405
13.930612244898 0.862598
13.934693877551 2.40305
13.9387755102041 4.46024
13.9428571428571 5.11405
13.9469387755102 6.22603
13.9510204081633 5.68469
13.9551020408163 4.90291
13.9591836734694 3.81969
13.9632653061224 2.78544
13.9673469387755 1.56183
13.9714285714286 0.420205
13.9755102040816 0.0
13.9795918367347 0.0
13.9836734693878 0.0
13.9877551020408 0.0
13.9918367346939 0.288328
13.9959183673469 0.83675
14.0 5.92201
14.0040816326531 25.3726
14.0081632653061 26.173
14.0122448979592 42.5921
14.0163265306122 118.502
14.0204081632653 132.488
14.0244897959184 177.155
14.0285714285714 197.162
14.0326530612245 210.669
14.0367346938776 205.554
14.0408163265306 186.177
14.0448979591837 172.217
14.0489795918367 153.394
14.0530612244898 134.354
14.0571428571429 112.47
14.0612244897959 89.5124
14.065306122449 67.3351
14.069387755102 51.1357
14.0734693877551 38.5951
14.0775510204082 30.2043
14.0816326530612 22.7975
14.0857142857143 16.5572
14.0897959183673 9.27326
14.0938775510204 4.63285
14.0979591836735 1.97239
14.1020408163265 1.98547
14.1061224489796 3.34307
14.1102040816327 4.37282
14.1142857142857 4.46384
14.1183673469388 4.80913
14.1224489795918 3.87219
14.1265306122449 3.0822
14.130612244898 2.44608
14.134693877551 1.93409
14.1387755102041 0.899613
14.1428571428571 0.302235
14.1469387755102 0.0
14.1510204081633 0.0
14.1551020408163 0.0
14.1591836734694 1.62105
14.1632653061224 55.3677
14.1673469387755 96.1357
14.1714285714286 110.555
14.1755102040816 129.731
14.1795918367347 195.626
14.1836734693878 255.039
14.1877551020408 281.118
14.1918367346939 270.226
14.1959183673469 245.764
14.2 213.096
14.2040816326531 180.181
14.2081632653061 147.758
14.2122448979592 113.919
14.2163265306122 82.0865
14.2204081632653 55.7998
14.2244897959184 33.7861
14.2285714285714 19.433
14.2326530612245 13.0128
14.2367346938776 14.6317
14.2408163265306 17.7344
14.2448979591837 18.5327
14.2489795918367 17.1318
14.2530612244898 13.906
14.2571428571429 8.9088
14.2612244897959 3.46447
14.265306122449 1.61945
14.269387755102 1.51396
14.2734693877551 1.26647
14.2775510204082 1.69622
14.2816326530612 6.33625
14.2857142857143 9.54526
14.2897959183673 13.3732
14.2938775510204 15.0205
14.2979591836735 15.8044
14.3020408163265 19.4847
14.3061224489796 28.1391
14.3102040816327 32.7057
14.3142857142857 28.924
14.3183673469388 25.3251
14.3224489795918 21.7552
14.3265306122449 19.1399
14.330612244898 14.9981
14.334693877551 7.78771
14.3387755102041 3.49163
14.3428571428571 1.9525
14.3469387755102 1.54717
14.3510204081633 1.00532
14.3551020408163 0.144839
14.3591836734694 0.0
14.3632653061224 0.0708822
14.3673469387755 3.21861
14.3714285714286 6.36861
14.3755102040816 29.1652
14.3795918367347 24.7907
14.3836734693878 38.5472
14.3877551020408 61.2785
14.3918367346939 70.0494
14.3959183673469 74.7768
14.4 81.604
14.4040816326531 83.008
14.4081632653061 83.3058
14.4122448979592 75.2159
14.4163265306122 62.8353
14.4204081632653 47.7447
14.4244897959184 34.2238
14.4285714285714 26.5667
14.4326530612245 19.4349
14.4367346938776 12.994
14.4408163265306 8.61986
14.4448979591837 5.67284
14.4489795918367 3.27886
14.4530612244898 2.40883
14.4571428571429 2.24529
14.4612244897959 1.95121
14.465306122449 3.61509
14.469387755102 5.99401
14.4734693877551 6.36744
14.4775510204082 5.21885
14.4816326530612 3.84957
14.4857142857143 2.63641
14.4897959183673 4.17821
14.4938775510204 5.19904
14.4979591836735 5.26541
14.5020408163265 4.20178
14.5061224489796 2.70413
14.5102040816327 1.77533
14.5142857142857 8.70521
14.5183673469388 7.13557
14.5224489795918 7.85907
14.5265306122449 8.0233
14.530612244898 8.1702
14.534693877551 17.9783
14.5387755102041 21.5167
14.5428571428571 41.0895
14.5469387755102 52.4289
14.5510204081633 75.268
14.5551020408163 92.2902
14.5591836734694 106.895
14.5632653061224 175.624
14.5673469387755 172.992
14.5714285714286 217.065
14.5755102040816 219.283
14.5795918367347 237.605
14.5836734693878 226.315
14.5877551020408 219.964
14.5918367346939 209.334
14.5959183673469 200.033
14.6 182.577
14.6040816326531 158.828
14.6081632653061 130.796
14.6122448979592 98.9352
14.6163265306122 68.5908
14.6204081632653 45.8578
14.6244897959184 31.6654
14.6285714285714 18.219
14.6326530612245 9.2523
14.6367346938776 7.66121
14.6408163265306 6.0038
14.6448979591837 4.52306
14.6489795918367 3.19196
14.6530612244898 1.78453
14.6571428571429 0.74778
14.6612244897959 0.547958
14.665306122449 0.695378
14.669387755102 0.811736
14.6734693877551 0.679294
14.6775510204082 0.544881
14.6816326530612 1.31966
14.6857142857143 0.58199
14.6897959183673 0.666688
14.6938775510204 0.602573
14.6979591836735 0.618845
14.7020408163265 8.90227
14.7061224489796 12.6393
14.7102040816327 14.1459
14.7142857142857 14.0857
14.7183673469388 15.4979
14.7224489795918 11.8836
14.7265306122449 9.10072
14.730612244898 9.84848
14.734693877551 22.4564
14.7387755102041 37.9137
14.7428571428571 37.3966
14.7469387755102 40.6305
14.7510204081633 43.0957
14.7551020408163 55.3723
14.7591836734694 63.2419
14.7632653061224 72.0486
14.7673469387755 94.3483
14.7714285714286 111.262
14.7755102040816 113.587
14.7795918367347 105.943
14.7836734693878 93.1385
14.7877551020408 78.9231
14.7918367346939 65.4268
14.7959183673469 52.7155
14.8 38.0864
14.8040816326531 23.371
14.8081632653061 17.9529
14.8122448979592 15.8802
14.8163265306122 14.4362
14.8204081632653 14.4692
14.8244897959184 14.2535
14.8285714285714 15.5675
14.8326530612245 18.3316
14.8367346938776 19.7618
14.8408163265306 20.0823
14.8448979591837 19.2223
14.8489795918367 17.9965
14.8530612244898 16.1216
14.8571428571429 14.5529
14.8612244897959 11.1681
14.865306122449 8.84129
14.869387755102 7.96234
14.8734693877551 7.32939
14.8775510204082 15.2367
14.8816326530612 20.1985
14.8857142857143 28.3995
14.8897959183673 46.6953
14.8938775510204 59.3362
14.8979591836735 88.8081
14.9020408163265 120.96
14.9061224489796 143.237
14.9102040816327 141.179
14.9142857142857 174.101
14.9183673469388 176.359
14.9224489795918 182.155
14.9265306122449 183.157
14.930612244898 176.577
14.934693877551 163.5
14.9387755102041 143.946
14.9428571428571 122.358
14.9469387755102 96.6001
14.9510204081633 69.385
14.9551020408163 38.4502
14.9591836734694 12.2322
14.9632653061224 0.291854
14.9673469387755 0.0
14.9714285714286 0.0
14.9755102040816 0.0
