0.00408163265306122 57.7975
0.00816326530612245 48.7532
0.0122448979591837 39.4891
0.0163265306122449 32.8688
0.0204081632653061 32.9115
0.0244897959183673 30.2649
0.0285714285714286 30.2818
0.0326530612244898 25.8915
0.036734693877551 21.2947
0.0408163265306122 16.7518
0.0448979591836735 13.752
0.0489795918367347 8.69431
0.0530612244897959 8.122
0.0571428571428571 7.09606
0.0612244897959184 5.93405
0.0653061224489796 4.09246
0.0693877551020408 2.168
0.073469387755102 2.27715
0.0775510204081633 7.6046
0.0816326530612245 17.0465
0.0857142857142857 21.4361
0.0897959183673469 18.2969
0.0938775510204082 18.1497
0.0979591836734694 20.8165
0.102040816326531 28.4694
0.106122448979592 33.3144
0.110204081632653 29.7833
0.114285714285714 19.6287
0.118367346938776 18.5986
0.122448979591837 12.1836
0.126530612244898 8.36257
0.130612244897959 8.54422
0.13469387755102 8.71451
0.138775510204082 9.56255
0.142857142857143 10.9041
0.146938775510204 11.2084
0.151020408163265 11.235
0.155102040816327 24.7086
0.159183673469388 25.2632
0.163265306122449 19.5947
0.16734693877551 19.2176
0.171428571428571 26.9661
0.175510204081633 23.2773
0.179591836734694 21.0492
0.183673469387755 27.7004
0.187755102040816 21.3398
0.191836734693878 21.8914
0.195918367346939 20.8554
0.2 19.821
0.204081632653061 17.3891
0.208163265306122 14.623
0.212244897959184 10.7962
0.216326530612245 6.39931
0.220408163265306 5.06455
0.224489795918367 5.22845
0.228571428571429 9.86855
0.23265306122449 42.2591
0.236734693877551 70.3856
0.240816326530612 85.915
0.244897959183673 87.8861
0.248979591836735 90.102
0.253061224489796 85.3194
0.257142857142857 95.2332
0.261224489795918 97.8888
0.26530612244898 89.9892
0.269387755102041 80.3391
0.273469387755102 63.834
0.277551020408163 48.084
0.281632653061224 32.126
0.285714285714286 18.3489
0.289795918367347 9.61891
0.293877551020408 4.267
0.297959183673469 5.76974
0.302040816326531 5.68692
0.306122448979592 18.1838
0.310204081632653 20.8784
0.314285714285714 31.191
0.318367346938775 45.1509
0.322448979591837 46.9541
0.326530612244898 48.7441
0.330612244897959 52.365
0.33469387755102 57.7207
0.338775510204082 79.013
0.342857142857143 102.899
0.346938775510204 118.062
0.351020408163265 120.055
0.355102040816327 116.219
0.359183673469388 106.497
0.363265306122449 91.5601
0.36734693877551 74.0067
0.371428571428571 61.7187
0.375510204081633 58.8302
0.379591836734694 53.2737
0.383673469387755 52.1364
0.387755102040816 49.2807
0.391836734693878 70.5479
0.395918367346939 92.6996
0.4 95.3193
0.404081632653061 87.1487
0.408163265306122 70.5416
0.412244897959184 57.5794
0.416326530612245 44.9606
0.420408163265306 31.1507
0.424489795918367 19.2836
0.428571428571429 8.54231
0.43265306122449 3.2557
0.436734693877551 3.12207
0.440816326530612 3.03685
0.444897959183673 3.33271
0.448979591836735 3.00244
0.453061224489796 2.33505
0.457142857142857 1.20377
0.461224489795918 0.0869334
0.46530612244898 0.817617
0.469387755102041 1.82456
0.473469387755102 2.96295
0.477551020408163 4.98557
0.481632653061224 6.7614
0.485714285714286 7.7479
0.489795918367347 7.38481
0.493877551020408 7.64862
0.497959183673469 6.63547
0.502040816326531 7.2553
0.506122448979592 7.48376
0.510204081632653 4.12941
0.514285714285714 3.65025
0.518367346938776 3.9897
0.522448979591837 3.98546
0.526530612244898 5.4915
0.530612244897959 9.05299
0.53469387755102 14.8714
0.538775510204082 19.8364
0.542857142857143 22.0962
0.546938775510204 29.9204
0.551020408163265 37.1505
0.555102040816327 40.5933
0.559183673469388 43.4853
0.563265306122449 41.0182
0.56734693877551 37.182
0.571428571428571 30.5137
0.575510204081633 24.6354
0.579591836734694 17.0744
0.583673469387755 11.6108
0.587755102040816 8.17476
0.591836734693878 6.20059
0.595918367346939 6.08384
0.6 7.66379
0.604081632653061 9.73844
0.608163265306122 9.68986
0.612244897959184 7.51352
0.616326530612245 6.10755
0.620408163265306 3.18313
0.624489795918367 3.26355
0.628571428571429 2.99812
0.63265306122449 8.67204
0.636734693877551 5.73041
0.640816326530612 13.4623
0.644897959183673 15.96
0.648979591836735 17.6638
0.653061224489796 22.6344
0.657142857142857 13.8355
0.661224489795918 20.021
0.66530612244898 18.059
0.669387755102041 24.7163
0.673469387755102 29.8663
0.677551020408163 47.4515
0.681632653061224 59.0187
0.685714285714286 105.584
0.689795918367347 134.833
0.693877551020408 167.512
0.697959183673469 184.702
0.702040816326531 199.277
0.706122448979592 195.947
0.710204081632653 177.513
0.714285714285714 189.586
0.718367346938775 183.37
0.722448979591837 194.218
0.726530612244898 182.104
0.730612244897959 175.888
0.73469387755102 152.563
0.738775510204082 134.716
0.742857142857143 114.157
0.746938775510204 93.9138
0.751020408163265 71.2437
0.755102040816326 54.1392
0.759183673469388 43.8573
0.763265306122449 33.3255
0.76734693877551 22.5541
0.771428571428571 19.1471
0.775510204081633 14.379
0.779591836734694 11.0757
0.783673469387755 5.62429
0.787755102040816 2.55278
0.791836734693877 1.60945
0.795918367346939 1.54847
0.8 2.24931
0.804081632653061 2.35125
0.808163265306122 2.56858
0.812244897959184 3.01346
0.816326530612245 3.68538
0.820408163265306 3.86535
0.824489795918367 3.52414
0.828571428571429 3.05342
0.83265306122449 8.53618
0.836734693877551 9.99353
0.840816326530612 10.9025
0.844897959183673 9.3474
0.848979591836735 5.96442
0.853061224489796 2.67732
0.857142857142857 0.0
0.861224489795918 6.14683
0.86530612244898 9.91527
0.869387755102041 15.3764
0.873469387755102 11.4409
0.877551020408163 13.3263
0.881632653061225 12.2444
0.885714285714286 23.4759
0.889795918367347 35.5735
0.893877551020408 38.6001
0.897959183673469 36.0423
0.902040816326531 29.9723
0.906122448979592 24.7239
0.910204081632653 18.3632
0.914285714285714 12.848
0.918367346938776 9.78754
0.922448979591837 7.96808
0.926530612244898 3.13848
0.930612244897959 1.90906
0.93469387755102 1.68511
0.938775510204082 4.14222
0.942857142857143 5.96261
0.946938775510204 7.38193
0.951020408163265 7.83075
0.955102040816327 12.5738
0.959183673469388 19.3841
0.963265306122449 27.9809
0.96734693877551 40.9533
0.971428571428571 46.9591
0.975510204081633 44.1836
0.979591836734694 37.3593
0.983673469387755 28.7929
0.987755102040816 19.7011
0.991836734693878 11.0537
0.995918367346939 6.04818
1.0 6.71962
1.00408163265306 5.43349
1.00816326530612 4.06039
1.01224489795918 4.59299
1.01632653061224 7.49689
1.02040816326531 8.96968
1.02448979591837 9.50388
1.02857142857143 4.91517
1.03265306122449 10.5674
1.03673469387755 11.1289
1.04081632653061 17.9517
1.04489795918367 26.9806
1.04897959183673 31.6116
1.0530612244898 36.133
1.05714285714286 46.2847
1.06122448979592 76.9045
1.06530612244898 91.1786
1.06938775510204 104.725
1.0734693877551 120.844
1.07755102040816 131.967
1.08163265306122 134.838
1.08571428571429 122.106
1.08979591836735 128.797
1.09387755102041 129.98
1.09795918367347 114.747
1.10204081632653 95.6315
1.10612244897959 90.2287
1.11020408163265 90.4628
1.11428571428571 75.4407
1.11836734693878 64.8149
1.12244897959184 56.1364
1.1265306122449 51.1938
1.13061224489796 44.6925
1.13469387755102 40.1276
1.13877551020408 31.1881
1.14285714285714 19.2823
1.1469387755102 15.9766
1.15102040816327 21.6411
1.15510204081633 17.0875
1.15918367346939 13.13
1.16326530612245 14.9026
1.16734693877551 14.8879
1.17142857142857 21.0405
1.17551020408163 21.1773
1.17959183673469 20.7665
1.18367346938776 13.4205
1.18775510204082 9.67077
1.19183673469388 11.2024
1.19591836734694 6.08328
1.2 5.70783
1.20408163265306 7.50647
1.20816326530612 5.71468
1.21224489795918 6.3695
1.21632653061224 7.71893
1.22040816326531 11.2049
1.22448979591837 7.02028
1.22857142857143 7.80144
1.23265306122449 10.7845
1.23673469387755 3.33161
1.24081632653061 3.23866
1.24489795918367 8.81017
1.24897959183673 6.66478
1.2530612244898 12.2893
1.25714285714286 14.504
1.26122448979592 16.3089
1.26530612244898 15.6895
1.26938775510204 17.2202
1.2734693877551 21.3985
1.27755102040816 18.8098
1.28163265306122 21.5738
1.28571428571429 21.6435
1.28979591836735 16.9445
1.29387755102041 18.3902
1.29795918367347 23.1184
1.30204081632653 30.846
1.30612244897959 29.8741
1.31020408163265 33.4091
1.31428571428571 33.5069
1.31836734693878 33.3833
1.32244897959184 36.2615
1.3265306122449 36.0503
1.33061224489796 34.4235
1.33469387755102 33.5242
1.33877551020408 32.7452
1.34285714285714 31.7695
1.3469387755102 32.6727
1.35102040816327 30.2698
1.35510204081633 27.1407
1.35918367346939 23.5801
1.36326530612245 20.5833
1.36734693877551 14.9449
1.37142857142857 9.22873
1.37551020408163 6.80121
1.37959183673469 5.61263
1.38367346938776 6.55436
1.38775510204082 5.82758
1.39183673469388 2.90881
1.39591836734694 1.47954
1.4 1.69466
1.40408163265306 2.01062
1.40816326530612 2.6209
1.41224489795918 2.28996
1.41632653061225 3.64756
1.42040816326531 12.2577
1.42448979591837 22.0182
1.42857142857143 36.8959
1.43265306122449 55.2116
1.43673469387755 70.5297
1.44081632653061 80.4821
1.44489795918367 89.6653
1.44897959183673 99.5315
1.4530612244898 106.429
1.45714285714286 112.81
1.46122448979592 129.567
1.46530612244898 138.065
1.46938775510204 139.042
1.4734693877551 137.272
1.47755102040816 128.406
1.48163265306122 113.266
1.48571428571429 96.847
1.48979591836735 77.6985
1.49387755102041 58.6419
1.49795918367347 44.0176
1.50204081632653 30.4011
1.50612244897959 18.3196
1.51020408163265 7.54611
1.51428571428571 1.20441
1.51836734693878 1.14144
1.52244897959184 1.20942
1.5265306122449 1.29664
1.53061224489796 2.22462
1.53469387755102 4.00457
1.53877551020408 4.94964
1.54285714285714 6.14056
1.5469387755102 5.28025
1.55102040816327 4.6728
1.55510204081633 4.86831
1.55918367346939 3.32466
1.56326530612245 2.64477
1.56734693877551 2.56223
1.57142857142857 1.24512
1.57551020408163 0.548542
1.57959183673469 0.31811
1.58367346938775 0.165284
1.58775510204082 0.0
1.59183673469388 0.0
1.59591836734694 0.0
1.6 0.0
1.60408163265306 0.0837942
1.60816326530612 0.0
1.61224489795918 0.0
1.61632653061224 0.0
1.62040816326531 0.0
1.62448979591837 7.80841
1.62857142857143 10.0015
1.63265306122449 19.1743
1.63673469387755 14.0264
1.64081632653061 18.7962
1.64489795918367 11.5085
1.64897959183673 11.4663
1.6530612244898 10.9932
1.65714285714286 11.7952
1.66122448979592 14.3908
1.66530612244898 16.709
1.66938775510204 14.8517
1.6734693877551 19.1875
1.67755102040816 12.6749
1.68163265306122 12.5257
1.68571428571429 10.8345
1.68979591836735 10.6029
1.69387755102041 15.274
1.69795918367347 12.6341
1.70204081632653 7.9281
1.70612244897959 3.82856
1.71020408163265 2.20605
1.71428571428571 2.21267
1.71836734693878 2.0043
1.72244897959184 1.89667
1.7265306122449 1.74596
1.73061224489796 2.08274
1.73469387755102 2.56356
1.73877551020408 2.83834
1.74285714285714 3.02334
1.7469387755102 2.76903
1.75102040816327 2.54459
1.75510204081633 2.22474
1.75918367346939 2.09535
1.76326530612245 9.3289
1.76734693877551 10.7093
1.77142857142857 13.0773
1.77551020408163 11.9285
1.77959183673469 9.69809
1.78367346938776 28.6149
1.78775510204082 37.4006
1.79183673469388 65.9045
1.79591836734694 83.1716
1.8 119.273
1.80408163265306 134.849
1.80816326530612 162.395
1.81224489795918 152.18
1.81632653061224 152.843
1.82040816326531 149.374
1.82448979591837 145.614
1.82857142857143 147.655
1.83265306122449 139.945
1.83673469387755 135.13
1.84081632653061 124.891
1.84489795918367 114.704
1.84897959183673 98.9713
1.8530612244898 85.3938
1.85714285714286 72.022
1.86122448979592 58.6207
1.86530612244898 68.2553
1.86938775510204 73.1964
1.8734693877551 60.1457
1.87755102040816 52.644
1.88163265306122 47.3106
1.88571428571429 46.5043
1.88979591836735 27.5441
1.89387755102041 24.549
1.89795918367347 21.5293
1.90204081632653 18.6244
1.90612244897959 21.1545
1.91020408163265 23.4676
1.91428571428571 26.4948
1.91836734693878 21.3169
1.92244897959184 56.0639
1.9265306122449 37.2486
1.93061224489796 27.3251
1.93469387755102 21.0066
1.93877551020408 4.89137
1.94285714285714 3.92729
1.9469387755102 3.20816
1.95102040816327 2.67504
1.95510204081633 4.57883
1.95918367346939 1.86132
1.96326530612245 8.52776
1.96734693877551 11.8175
1.97142857142857 5.79642
1.97551020408163 3.21328
1.97959183673469 2.39985
1.98367346938776 3.48556
1.98775510204082 3.0622
1.99183673469388 4.96977
1.99591836734694 16.2599
2.0 21.8845
2.00408163265306 48.9921
2.00816326530612 62.7293
2.01224489795918 66.9204
2.01632653061225 65.3755
2.02040816326531 57.7339
2.02448979591837 47.4736
2.02857142857143 38.037
2.03265306122449 29.382
2.03673469387755 21.082
2.04081632653061 17.5594
2.04489795918367 22.8392
2.04897959183673 23.6561
2.0530612244898 16.3159
2.05714285714286 26.5782
2.06122448979592 22.4926
2.06530612244898 15.9983
2.06938775510204 16.5127
2.0734693877551 15.1568
2.07755102040816 12.3812
2.08163265306122 9.73037
2.08571428571429 6.73646
2.08979591836735 4.40802
2.09387755102041 10.9624
2.09795918367347 13.3492
2.10204081632653 19.683
2.10612244897959 17.4749
2.11020408163265 17.1953
2.11428571428571 15.4668
2.11836734693878 14.2271
2.12244897959184 8.87985
2.1265306122449 9.03972
2.13061224489796 8.52331
2.13469387755102 8.25811
2.13877551020408 8.03575
2.14285714285714 8.40631
2.1469387755102 13.4025
2.15102040816327 18.8665
2.15510204081633 18.3984
2.15918367346939 19.5748
2.16326530612245 26.2188
2.16734693877551 23.5669
2.17142857142857 23.44
2.17551020408163 24.6
2.17959183673469 21.1283
2.18367346938776 20.347
2.18775510204082 18.7079
2.19183673469388 20.236
2.19591836734694 21.2407
2.2 28.2033
2.20408163265306 30.2998
2.20816326530612 34.2894
2.21224489795918 50.6498
2.21632653061224 120.873
2.22040816326531 194.017
2.22448979591837 185.843
2.22857142857143 181.624
2.23265306122449 181.311
2.23673469387755 175.496
2.24081632653061 171.157
2.24489795918367 157.253
2.24897959183673 149.447
2.2530612244898 137.636
2.25714285714286 129.777
2.26122448979592 109.898
2.26530612244898 89.1599
2.26938775510204 68.3563
2.2734693877551 50.0793
2.27755102040816 33.0741
2.28163265306122 15.8611
2.28571428571429 7.48242
2.28979591836735 4.51714
2.29387755102041 2.63923
2.29795918367347 1.6959
2.30204081632653 0.819663
2.30612244897959 0.691076
2.31020408163265 1.15379
2.31428571428571 1.31654
2.31836734693878 1.45535
2.32244897959184 1.28697
2.3265306122449 0.883227
2.33061224489796 0.521575
2.33469387755102 0.325754
2.33877551020408 0.258823
2.34285714285714 3.44679
2.3469387755102 0.0
2.35102040816327 0.0
2.35510204081633 0.0267364
2.35918367346939 8.93736
2.36326530612245 3.0604
2.36734693877551 18.4216
2.37142857142857 29.9537
2.37551020408163 32.8594
2.37959183673469 28.028
2.38367346938776 22.874
2.38775510204082 13.0815
2.39183673469388 9.52945
2.39591836734694 42.1325
2.4 64.2274
2.40408163265306 73.0774
2.40816326530612 104.714
2.41224489795918 107.112
2.41632653061225 120.898
2.42040816326531 117.006
2.42448979591837 104.524
2.42857142857143 90.1531
2.43265306122449 75.0663
2.43673469387755 53.177
2.44081632653061 54.288
2.44489795918367 46.7892
2.44897959183673 36.8254
2.4530612244898 29.2229
2.45714285714286 21.8191
2.46122448979592 12.8179
2.46530612244898 9.45842
2.46938775510204 10.3847
2.4734693877551 13.2559
2.47755102040816 17.2057
2.48163265306122 28.0237
2.48571428571429 21.298
2.48979591836735 17.1613
2.49387755102041 11.4029
2.49795918367347 16.3798
2.50204081632653 7.52986
2.50612244897959 15.5038
2.51020408163265 4.21444
2.51428571428571 4.14982
2.51836734693878 1.57633
2.52244897959184 1.44488
2.5265306122449 7.95709
2.53061224489796 16.0714
2.53469387755102 37.2414
2.53877551020408 35.0106
2.54285714285714 45.0795
2.5469387755102 25.8223
2.55102040816327 26.7098
2.55510204081633 19.6257
2.55918367346939 19.7848
2.56326530612245 14.5956
2.56734693877551 23.023
2.57142857142857 31.4942
2.57551020408163 27.3052
2.57959183673469 36.0351
2.58367346938775 59.7168
2.58775510204082 128.69
2.59183673469388 115.379
2.59591836734694 116.006
2.6 100.731
2.60408163265306 86.4259
2.60816326530612 74.5161
2.61224489795918 63.2128
2.61632653061224 51.7795
2.62040816326531 41.7935
2.62448979591837 31.1707
2.62857142857143 22.3453
2.63265306122449 15.3137
2.63673469387755 15.6444
2.64081632653061 19.1556
2.64489795918367 22.0292
2.64897959183673 22.6155
2.6530612244898 20.8656
2.65714285714286 19.6876
2.66122448979592 15.0924
2.66530612244898 12.5711
2.66938775510204 8.26182
2.6734693877551 9.69286
2.67755102040816 26.5965
2.68163265306122 51.7359
2.68571428571429 50.7321
2.68979591836735 75.9128
2.69387755102041 85.8393
2.69795918367347 69.8282
2.70204081632653 63.1455
2.70612244897959 52.5319
2.71020408163265 37.4213
2.71428571428571 28.2138
2.71836734693878 21.2338
2.72244897959184 11.4377
2.7265306122449 7.95636
2.73061224489796 7.69452
2.73469387755102 7.21179
2.73877551020408 6.15961
2.74285714285714 5.56372
2.7469387755102 6.72187
2.75102040816327 6.07343
2.75510204081633 5.90965
2.75918367346939 4.75196
2.76326530612245 3.68126
2.76734693877551 3.77767
2.77142857142857 8.36327
2.77551020408163 10.5913
2.77959183673469 13.4918
2.78367346938776 13.5986
2.78775510204082 69.7681
2.79183673469388 56.6512
2.79591836734694 36.6799
2.8 57.7421
2.80408163265306 48.768
2.80816326530612 43.0261
2.81224489795918 40.6633
2.81632653061224 31.7538
2.82040816326531 32.2327
2.82448979591837 31.3648
2.82857142857143 13.1584
2.83265306122449 12.5474
2.83673469387755 18.7987
2.84081632653061 15.8511
2.84489795918367 15.4193
2.84897959183673 13.1756
2.8530612244898 13.5545
2.85714285714286 13.8284
2.86122448979592 12.9678
2.86530612244898 21.9741
2.86938775510204 25.7878
2.8734693877551 29.5875
2.87755102040816 27.9455
2.88163265306122 26.9117
2.88571428571429 22.852
2.88979591836735 18.7988
2.89387755102041 25.6354
2.89795918367347 19.4406
2.90204081632653 50.2588
2.90612244897959 39.8235
2.91020408163265 33.1496
2.91428571428571 31.997
2.91836734693878 24.3446
2.92244897959184 11.4063
2.9265306122449 11.6205
2.93061224489796 6.65064
2.93469387755102 0.102902
2.93877551020408 0.0
2.94285714285714 1.20515
2.9469387755102 2.28479
2.95102040816327 1.00636
2.95510204081633 7.37979
2.95918367346939 73.9854
2.96326530612245 109.967
2.96734693877551 158.638
2.97142857142857 203.003
2.97551020408163 242.976
2.97959183673469 241.528
2.98367346938775 245.99
2.98775510204082 232.126
2.99183673469388 210.403
2.99591836734694 185.22
3.0 165.342
3.00408163265306 142.099
3.00816326530612 119.338
3.01224489795918 98.8504
3.01632653061225 74.8234
3.02040816326531 55.3935
3.02448979591837 34.3319
3.02857142857143 15.3458
3.03265306122449 7.90722
3.03673469387755 6.3044
3.04081632653061 6.05403
3.04489795918367 5.90954
3.04897959183673 5.27318
3.0530612244898 4.50793
3.05714285714286 3.24138
3.06122448979592 3.02755
3.06530612244898 3.69255
3.06938775510204 5.33127
3.0734693877551 4.80248
3.07755102040816 3.52823
3.08163265306122 2.37563
3.08571428571429 2.65359
3.08979591836735 1.91953
3.09387755102041 3.51245
3.09795918367347 4.21045
3.10204081632653 2.09083
3.10612244897959 3.19738
3.11020408163265 2.72831
3.11428571428571 3.44976
3.11836734693878 4.44248
3.12244897959184 7.9855
3.1265306122449 8.55606
3.13061224489796 14.9554
3.13469387755102 4.93225
3.13877551020408 0.0
3.14285714285714 0.0
3.1469387755102 0.0
3.15102040816327 0.0
3.15510204081633 0.0
3.15918367346939 0.0
3.16326530612245 0.0
3.16734693877551 0.555376
3.17142857142857 1.83764
3.17551020408163 4.31366
3.17959183673469 6.89092
3.18367346938776 21.5202
3.18775510204082 54.213
3.19183673469388 53.5869
3.19591836734694 74.6746
3.2 59.444
3.20408163265306 49.849
3.20816326530612 43.8285
3.21224489795918 23.5113
3.21632653061224 13.8122
3.22040816326531 16.0422
3.22448979591837 13.3208
3.22857142857143 17.0341
3.23265306122449 18.3798
3.23673469387755 19.3959
3.24081632653061 19.0111
3.24489795918367 17.9996
3.24897959183673 18.3907
3.2530612244898 17.1476
3.25714285714286 15.8365
3.26122448979592 13.5866
3.26530612244898 39.4527
3.26938775510204 35.5207
3.2734693877551 61.384
3.27755102040816 49.876
3.28163265306122 41.7252
3.28571428571429 43.9992
3.28979591836735 38.2346
3.29387755102041 36.0132
3.29795918367347 28.8106
3.30204081632653 28.0819
3.30612244897959 18.5708
3.31020408163265 9.63677
3.31428571428571 9.40632
3.31836734693878 8.99129
3.32244897959184 7.98417
3.3265306122449 11.6121
3.33061224489796 23.8879
3.33469387755102 38.7934
3.33877551020408 108.291
3.34285714285714 187.018
3.3469387755102 233.367
3.35102040816327 233.119
3.35510204081633 223.459
3.35918367346939 220.076
3.36326530612245 172.58
3.36734693877551 152.459
3.37142857142857 128.822
3.37551020408163 110.204
3.37959183673469 90.8665
3.38367346938776 85.641
3.38775510204082 80.6952
3.39183673469388 72.9509
3.39591836734694 79.3886
3.4 83.1912
3.40408163265306 85.1167
3.40816326530612 93.3328
3.41224489795918 89.3112
3.41632653061225 85.9258
3.42040816326531 69.7395
3.42448979591837 61.7833
3.42857142857143 45.479
3.43265306122449 31.4753
3.43673469387755 21.6222
3.44081632653061 13.9495
3.44489795918367 5.98865
3.44897959183673 5.38745
3.4530612244898 11.1585
3.45714285714286 13.9724
3.46122448979592 19.3788
3.46530612244898 20.8786
3.46938775510204 16.4326
3.4734693877551 14.2629
3.47755102040816 10.2073
3.48163265306122 7.11027
3.48571428571429 0.704865
3.48979591836735 0.145217
3.49387755102041 3.03257
3.49795918367347 0.0799696
3.50204081632653 1.22706
3.50612244897959 2.26442
3.51020408163265 0.0
3.51428571428571 0.0
3.51836734693878 0.0
3.52244897959184 13.6461
3.5265306122449 10.1523
3.53061224489796 17.9202
3.53469387755102 26.6015
3.53877551020408 21.8
3.54285714285714 19.9898
3.5469387755102 19.4877
3.55102040816327 9.2134
3.55510204081633 10.8593
3.55918367346939 9.29379
3.56326530612245 12.1189
3.56734693877551 11.562
3.57142857142857 14.0996
3.57551020408163 19.5357
3.57959183673469 15.3285
3.58367346938775 13.7211
3.58775510204082 12.3137
3.59183673469388 7.81881
3.59591836734694 4.84205
3.6 4.24747
3.60408163265306 3.03672
3.60816326530612 3.02133
3.61224489795918 3.39631
3.61632653061224 2.74835
3.62040816326531 3.08271
3.62448979591837 3.74824
3.62857142857143 4.44281
3.63265306122449 4.85221
3.63673469387755 4.58736
3.64081632653061 4.95206
3.64489795918367 4.86345
3.64897959183673 5.12929
3.6530612244898 4.71406
3.65714285714286 4.43691
3.66122448979592 4.09054
3.66530612244898 3.4617
3.66938775510204 6.24061
3.6734693877551 8.57655
3.67755102040816 8.80016
3.68163265306122 9.35857
3.68571428571429 6.17191
3.68979591836735 4.14265
3.69387755102041 6.64574
3.69795918367347 13.7682
3.70204081632653 21.2173
3.70612244897959 33.3615
3.71020408163265 43.7714
3.71428571428571 69.2216
3.71836734693878 95.0618
3.72244897959184 139.803
3.7265306122449 201.223
3.73061224489796 256.258
3.73469387755102 293.019
3.73877551020408 317.606
3.74285714285714 295.445
3.7469387755102 275.616
3.75102040816327 244.706
3.75510204081633 214.493
3.75918367346939 184.976
3.76326530612245 157.767
3.76734693877551 131.61
3.77142857142857 106.701
3.77551020408163 85.2671
3.77959183673469 64.5095
3.78367346938776 43.3725
3.78775510204082 23.8668
3.79183673469388 11.8853
3.79591836734694 7.7775
3.8 4.92879
3.80408163265306 3.63211
3.80816326530612 3.39601
3.81224489795918 3.19745
3.81632653061224 3.13257
3.82040816326531 3.18429
3.82448979591837 3.10144
3.82857142857143 2.08407
3.83265306122449 0.728736
3.83673469387755 0.345012
3.84081632653061 0.87519
3.84489795918367 1.87139
3.84897959183673 2.05605
3.8530612244898 1.74664
3.85714285714286 1.05347
3.86122448979592 3.79627
3.86530612244898 4.33468
3.86938775510204 4.73846
3.8734693877551 1.35646
3.87755102040816 2.62994
3.88163265306122 1.20886
3.88571428571429 4.29189
3.88979591836735 11.4792
3.89387755102041 9.04527
3.89795918367347 14.3035
3.90204081632653 20.3465
3.90612244897959 17.7121
3.91020408163265 15.8635
3.91428571428571 14.6472
3.91836734693878 11.4087
3.92244897959184 11.9227
3.9265306122449 13.8419
3.93061224489796 16.8839
3.93469387755102 18.7601
3.93877551020408 21.9237
3.94285714285714 26.5502
3.9469387755102 28.7167
3.95102040816327 27.6198
3.95510204081633 25.8735
3.95918367346939 23.0918
3.96326530612245 20.5377
3.96734693877551 16.3103
3.97142857142857 15.7097
3.97551020408163 14.0759
3.97959183673469 13.4291
3.98367346938775 8.76945
3.98775510204082 6.95951
3.99183673469388 4.3039
3.99591836734694 3.90279
4.0 3.20605
4.00408163265306 3.00159
4.00816326530612 2.61525
4.01224489795918 2.35713
4.01632653061225 1.85373
4.02040816326531 1.51429
4.02448979591837 3.16713
4.02857142857143 4.12564
4.03265306122449 4.42235
4.03673469387755 5.08842
4.04081632653061 2.83286
4.04489795918367 3.28048
4.04897959183673 9.42054
4.0530612244898 12.7824
4.05714285714286 15.0505
4.06122448979592 16.7656
4.06530612244898 14.9492
4.06938775510204 14.2954
4.0734693877551 17.2917
4.07755102040816 21.1612
4.08163265306122 30.0066
4.08571428571429 33.4613
4.08979591836735 45.0424
4.09387755102041 45.8067
4.09795918367347 52.4188
4.10204081632653 63.2898
4.10612244897959 62.8671
4.11020408163265 82.2492
4.11428571428571 105.636
4.11836734693878 109.978
4.12244897959184 107.026
4.1265306122449 95.2332
4.13061224489796 116.383
4.13469387755102 125.144
4.13877551020408 118.625
4.14285714285714 112.309
4.1469387755102 90.335
4.15102040816326 76.976
4.15510204081633 61.7573
4.15918367346939 48.0621
4.16326530612245 40.4456
4.16734693877551 30.5209
4.17142857142857 22.7501
4.17551020408163 17.9478
4.17959183673469 13.6465
4.18367346938776 11.2923
4.18775510204082 8.7652
4.19183673469388 6.49157
4.19591836734694 4.79049
4.2 4.80318
4.20408163265306 12.7382
4.20816326530612 17.2683
4.21224489795918 37.1909
4.21632653061225 30.1657
4.22040816326531 25.1666
4.22448979591837 29.0053
4.22857142857143 16.5524
4.23265306122449 13.9186
4.23673469387755 14.2396
4.24081632653061 27.1512
4.24489795918367 34.705
4.24897959183673 35.9158
4.2530612244898 34.7926
4.25714285714286 32.8134
4.26122448979592 27.0063
4.26530612244898 20.5755
4.26938775510204 15.1599
4.2734693877551 8.5414
4.27755102040816 5.8129
4.28163265306122 4.22729
4.28571428571429 5.41172
4.28979591836735 6.52502
4.29387755102041 6.25103
4.29795918367347 39.4291
4.30204081632653 48.8052
4.30612244897959 30.9213
4.31020408163265 42.8829
4.31428571428571 53.9408
4.31836734693878 37.1887
4.32244897959184 36.4036
4.3265306122449 46.5505
4.33061224489796 41.4952
4.33469387755102 34.9208
4.33877551020408 37.7896
4.34285714285714 40.1552
4.3469387755102 40.5401
4.35102040816327 39.3742
4.35510204081633 41.6015
4.35918367346939 44.114
4.36326530612245 36.0395
4.36734693877551 36.0514
4.37142857142857 32.4588
4.37551020408163 25.7433
4.37959183673469 22.256
4.38367346938776 14.2246
4.38775510204082 9.84616
4.39183673469388 9.28848
4.39591836734694 7.96321
4.4 7.21095
4.40408163265306 6.20676
4.40816326530612 4.96632
4.41224489795918 3.60406
4.41632653061224 3.10743
4.42040816326531 3.11493
4.42448979591837 3.07418
4.42857142857143 2.82021
4.43265306122449 15.1806
4.43673469387755 32.965
4.44081632653061 33.0148
4.44489795918367 33.4706
4.44897959183673 43.3947
4.4530612244898 17.8856
4.45714285714286 12.2426
4.46122448979592 17.8621
4.46530612244898 47.3087
4.46938775510204 179.274
4.4734693877551 216.224
4.47755102040816 272.894
4.48163265306122 263.11
4.48571428571429 258.271
4.48979591836735 238.274
4.49387755102041 232.305
4.49795918367347 211.086
4.50204081632653 186.771
4.50612244897959 163.76
4.51020408163265 144.256
4.51428571428571 124.611
4.51836734693878 106.397
4.52244897959184 84.6902
4.5265306122449 63.6657
4.53061224489796 42.9262
4.53469387755102 24.2584
4.53877551020408 14.6306
4.54285714285714 10.7922
4.5469387755102 9.13782
4.55102040816327 6.53791
4.55510204081633 4.04934
4.55918367346939 1.60096
4.56326530612245 0.0662009
4.56734693877551 0.0
4.57142857142857 0.0
4.57551020408163 0.0
4.57959183673469 0.0
4.58367346938776 0.11907
4.58775510204082 0.669678
4.59183673469388 1.23382
4.59591836734694 1.62387
4.6 1.67447
4.60408163265306 2.53591
4.60816326530612 1.82951
4.61224489795918 3.49466
4.61632653061224 15.1433
4.62040816326531 28.9337
4.62448979591837 22.1614
4.62857142857143 45.8351
4.63265306122449 66.6339
4.63673469387755 61.8509
4.64081632653061 52.0954
4.64489795918367 52.5726
4.64897959183673 40.0283
4.6530612244898 25.5057
4.65714285714286 19.6626
4.66122448979592 11.9396
4.66530612244898 16.9331
4.66938775510204 2.73274
4.6734693877551 2.15246
4.67755102040816 4.55168
4.68163265306122 5.23641
4.68571428571429 7.23904
4.68979591836735 8.88263
4.69387755102041 10.3116
4.69795918367347 17.4282
4.70204081632653 19.9293
4.70612244897959 22.4265
4.71020408163265 16.857
4.71428571428571 14.4818
4.71836734693878 14.8611
4.72244897959184 14.9416
4.7265306122449 15.3059
4.73061224489796 12.8987
4.73469387755102 11.5967
4.73877551020408 8.74867
4.74285714285714 23.2196
4.7469387755102 51.5587
4.75102040816327 61.9575
4.75510204081633 70.7394
4.75918367346939 62.9234
4.76326530612245 47.9014
4.76734693877551 36.0478
4.77142857142857 26.1864
4.77551020408163 26.0878
4.77959183673469 20.1243
4.78367346938775 20.0498
4.78775510204082 16.5471
4.79183673469388 15.0912
4.79591836734694 12.3884
4.8 9.86203
4.80408163265306 29.9768
4.80816326530612 22.3068
4.81224489795918 23.0577
4.81632653061224 37.6317
4.82040816326531 3.90468
4.82448979591837 3.83454
4.82857142857143 3.72616
4.83265306122449 4.05201
4.83673469387755 32.8326
4.84081632653061 70.1308
4.84489795918367 115.931
4.84897959183674 203.694
4.8530612244898 211.674
4.85714285714286 171.339
4.86122448979592 158.314
4.86530612244898 148.442
4.86938775510204 132.594
4.8734693877551 124.374
4.87755102040816 121.879
4.88163265306122 120.643
4.88571428571429 115.228
4.88979591836735 113.463
4.89387755102041 105.818
4.89795918367347 93.3308
4.90204081632653 79.2771
4.90612244897959 71.8242
4.91020408163265 62.3247
4.91428571428571 54.7189
4.91836734693878 56.3468
4.92244897959184 55.8584
4.9265306122449 48.9734
4.93061224489796 37.3361
4.93469387755102 30.8501
4.93877551020408 20.8154
4.94285714285714 15.3408
4.9469387755102 16.0889
4.95102040816327 23.8932
4.95510204081633 24.8805
4.95918367346939 27.4866
4.96326530612245 21.4588
4.96734693877551 20.0705
4.97142857142857 17.1805
4.97551020408163 12.8688
4.97959183673469 9.46102
4.98367346938775 4.21467
4.98775510204082 1.64801
4.99183673469388 0.575033
4.99591836734694 0.997038
5.0 1.59062
5.00408163265306 2.46744
5.00816326530612 3.52714
5.01224489795918 17.7228
5.01632653061225 24.8613
5.02040816326531 36.8064
5.02448979591837 50.5528
5.02857142857143 38.2033
5.03265306122449 28.3128
5.03673469387755 24.6241
5.04081632653061 6.43667
5.04489795918367 4.33073
5.04897959183673 3.51354
5.0530612244898 2.09522
5.05714285714286 2.46114
5.06122448979592 2.07184
5.06530612244898 2.05714
5.06938775510204 2.08721
5.0734693877551 2.49548
5.07755102040816 2.23394
5.08163265306122 4.47947
5.08571428571429 5.44841
5.08979591836735 5.26185
5.09387755102041 3.71045
5.09795918367347 1.81625
5.10204081632653 0.17635
5.10612244897959 16.9096
5.11020408163265 32.7701
5.11428571428571 75.3609
5.11836734693878 71.1983
5.12244897959184 61.0345
5.1265306122449 65.1992
5.13061224489796 52.3972
5.13469387755102 41.7467
5.13877551020408 35.9201
5.14285714285714 21.1899
5.1469387755102 15.6889
5.15102040816326 15.2656
5.15510204081633 14.7112
5.15918367346939 13.0071
5.16326530612245 11.1381
5.16734693877551 8.784
5.17142857142857 8.37696
5.17551020408163 7.05502
5.17959183673469 4.83871
5.18367346938776 4.73193
5.18775510204082 13.4808
5.19183673469388 20.299
5.19591836734694 20.8585
5.2 14.2263
5.20408163265306 9.13898
5.20816326530612 62.2188
5.21224489795918 62.3223
5.21632653061225 93.8437
5.22040816326531 89.5642
5.22448979591837 107.837
5.22857142857143 109.476
5.23265306122449 104.148
5.23673469387755 110.082
5.24081632653061 168.61
5.24489795918367 174.841
5.24897959183673 182.089
5.2530612244898 181.446
5.25714285714286 164.086
5.26122448979592 158.964
5.26530612244898 153.188
5.26938775510204 145.637
5.2734693877551 139.032
5.27755102040816 133.361
5.28163265306122 126.132
5.28571428571429 117.206
5.28979591836735 105.934
5.29387755102041 93.0053
5.29795918367347 80.4817
5.30204081632653 73.3407
5.30612244897959 60.6623
5.31020408163265 62.2173
5.31428571428571 51.7248
5.31836734693878 59.8095
5.32244897959184 53.9769
5.3265306122449 54.0678
5.33061224489796 53.2074
5.33469387755102 45.1545
5.33877551020408 38.8647
5.34285714285714 26.0338
5.3469387755102 13.7361
5.35102040816327 5.44745
5.35510204081633 0.951807
5.35918367346939 0.475307
5.36326530612245 0.0
5.36734693877551 0.0
5.37142857142857 0.0
5.37551020408163 3.0327
5.37959183673469 14.0634
5.38367346938776 19.2943
5.38775510204082 17.1641
5.39183673469388 18.8527
5.39591836734694 12.6217
5.4 14.9049
5.40408163265306 7.78026
5.40816326530612 4.86769
5.41224489795918 3.54064
5.41632653061224 4.42364
5.42040816326531 4.67882
5.42448979591837 4.14116
5.42857142857143 3.67179
5.43265306122449 3.04137
5.43673469387755 2.25196
5.44081632653061 3.46554
5.44489795918367 4.27192
5.44897959183673 4.30528
5.4530612244898 3.64851
5.45714285714286 5.31549
5.46122448979592 6.59685
5.46530612244898 5.84653
5.46938775510204 3.8725
5.4734693877551 1.78169
5.47755102040816 0.0
5.48163265306122 0.0
5.48571428571429 0.0
5.48979591836735 0.0
5.49387755102041 0.0
5.49795918367347 0.0
5.50204081632653 0.0
5.50612244897959 0.138819
5.51020408163265 2.52928
5.51428571428571 3.35269
5.51836734693878 8.65644
5.52244897959184 6.67189
5.5265306122449 7.44796
5.53061224489796 2.09537
5.53469387755102 2.11662
5.53877551020408 2.46141
5.54285714285714 1.40071
5.5469387755102 1.5246
5.55102040816327 6.94001
5.55510204081633 6.55146
5.55918367346939 10.0059
5.56326530612245 10.5624
5.56734693877551 8.69895
5.57142857142857 8.99276
5.57551020408163 11.1192
5.57959183673469 11.7731
5.58367346938776 16.181
5.58775510204082 28.7158
5.59183673469388 42.8406
5.59591836734694 59.9926
5.6 74.3621
5.60408163265306 74.6083
5.60816326530612 76.5117
5.61224489795918 94.0915
5.61632653061224 102.114
5.62040816326531 112.72
5.62448979591837 122.995
5.62857142857143 141.088
5.63265306122449 206.873
5.63673469387755 228.031
5.64081632653061 226.162
5.64489795918367 215.297
5.64897959183673 194.315
5.6530612244898 170.328
5.65714285714286 144.747
5.66122448979592 121.84
5.66530612244898 100.622
5.66938775510204 78.8226
5.6734693877551 57.7769
5.67755102040816 38.0711
5.68163265306122 25.7786
5.68571428571429 17.0287
5.68979591836735 13.7946
5.69387755102041 10.3625
5.69795918367347 12.8054
5.70204081632653 10.5921
5.70612244897959 6.43817
5.71020408163265 3.60348
5.71428571428571 9.70936
5.71836734693878 16.0521
5.72244897959184 5.28415
5.7265306122449 2.15141
5.73061224489796 0.0
5.73469387755102 0.288457
5.73877551020408 0.288884
5.74285714285714 11.1763
5.7469387755102 20.9105
5.75102040816327 26.332
5.75510204081633 25.704
5.75918367346939 25.3038
5.76326530612245 23.2451
5.76734693877551 19.3546
5.77142857142857 17.729
5.77551020408163 19.9401
5.77959183673469 16.3061
5.78367346938775 11.3208
5.78775510204082 3.20872
5.79183673469388 2.01603
5.79591836734694 1.94792
5.8 2.29113
5.80408163265306 2.31027
5.80816326530612 2.06939
5.81224489795918 4.60622
5.81632653061224 7.57046
5.82040816326531 15.0
5.82448979591837 15.171
5.82857142857143 15.5722
5.83265306122449 13.6292
5.83673469387755 12.5186
5.84081632653061 13.5593
5.84489795918367 12.113
5.84897959183674 12.3375
5.8530612244898 12.3747
5.85714285714286 15.9898
5.86122448979592 21.077
5.86530612244898 23.8846
5.86938775510204 23.9655
5.8734693877551 20.5793
5.87755102040816 16.6393
5.88163265306122 15.7656
5.88571428571429 14.3032
5.88979591836735 12.7597
5.89387755102041 11.1447
5.89795918367347 5.7521
5.90204081632653 5.28849
5.90612244897959 7.56063
5.91020408163265 9.8985
5.91428571428571 13.1383
5.91836734693878 15.0618
5.92244897959184 13.4011
5.9265306122449 9.4169
5.93061224489796 8.90967
5.93469387755102 6.8855
5.93877551020408 2.37451
5.94285714285714 4.29107
5.9469387755102 2.89797
5.95102040816327 3.50286
5.95510204081633 4.78225
5.95918367346939 3.71223
5.96326530612245 8.56742
5.96734693877551 12.1604
5.97142857142857 23.0454
5.97551020408163 28.183
5.97959183673469 33.5883
5.98367346938775 38.2545
5.98775510204082 43.3325
5.99183673469388 46.2665
5.99591836734694 52.5506
6.0 60.1202
6.00408163265306 67.8602
6.00816326530612 74.4298
6.01224489795918 84.2277
6.01632653061225 96.1586
6.02040816326531 107.117
6.02448979591837 115.449
6.02857142857143 117.246
6.03265306122449 109.577
6.03673469387755 98.665
6.04081632653061 83.5745
6.04489795918367 64.0373
6.04897959183673 46.7731
6.0530612244898 36.9276
6.05714285714286 30.8131
6.06122448979592 24.5231
6.06530612244898 19.0583
6.06938775510204 14.6733
6.0734693877551 11.3514
6.07755102040816 17.1798
6.08163265306122 17.8514
6.08571428571429 25.5052
6.08979591836735 37.5469
6.09387755102041 41.587
6.09795918367347 34.9324
6.10204081632653 31.8448
6.10612244897959 23.4943
6.11020408163265 17.8624
6.11428571428571 15.1534
6.11836734693878 10.6006
6.12244897959184 7.21779
6.1265306122449 3.43486
6.13061224489796 0.0
6.13469387755102 1.6078
6.13877551020408 18.4934
6.14285714285714 25.1506
6.1469387755102 37.05
6.15102040816326 37.0485
6.15510204081633 28.2959
6.15918367346939 19.3287
6.16326530612245 11.2623
6.16734693877551 3.2164
6.17142857142857 0.669122
6.17551020408163 0.0
6.17959183673469 0.428766
6.18367346938776 0.764022
6.18775510204082 0.53535
6.19183673469388 4.99004
6.19591836734694 15.935
6.2 19.1275
6.20408163265306 23.1561
6.20816326530612 23.9208
6.21224489795918 23.9486
6.21632653061225 24.6451
6.22040816326531 23.8625
6.22448979591837 22.4092
6.22857142857143 19.7593
6.23265306122449 16.1729
6.23673469387755 26.3932
6.24081632653061 38.7095
6.24489795918367 41.1636
6.24897959183673 42.0526
6.2530612244898 54.5026
6.25714285714286 64.6837
6.26122448979592 61.2933
6.26530612244898 55.5109
6.26938775510204 49.7096
6.2734693877551 44.6348
6.27755102040816 33.3006
6.28163265306122 18.1741
6.28571428571429 14.5068
6.28979591836735 9.02547
6.29387755102041 5.83334
6.29795918367347 5.52653
6.30204081632653 4.21154
6.30612244897959 2.5779
6.31020408163265 1.6793
6.31428571428571 1.07793
6.31836734693878 13.2058
6.32244897959184 30.8447
6.3265306122449 41.605
6.33061224489796 38.641
6.33469387755102 31.0851
6.33877551020408 29.5631
6.34285714285714 43.0566
6.3469387755102 56.9407
6.35102040816327 71.3311
6.35510204081633 90.9333
6.35918367346939 128.757
6.36326530612245 139.607
6.36734693877551 145.159
6.37142857142857 148.345
6.37551020408163 131.034
6.37959183673469 119.696
6.38367346938776 108.818
6.38775510204082 91.3696
6.39183673469388 80.5544
6.39591836734694 76.7111
6.4 74.5761
6.40408163265306 76.4092
6.40816326530612 73.7559
6.41224489795918 68.4196
6.41632653061224 60.4337
6.42040816326531 59.1192
6.42448979591837 89.4081
6.42857142857143 119.614
6.43265306122449 132.38
6.43673469387755 129.072
6.44081632653061 117.208
6.44489795918367 101.025
6.44897959183673 81.7481
6.4530612244898 67.1745
6.45714285714286 54.4329
6.46122448979592 37.9101
6.46530612244898 29.5996
6.46938775510204 18.9244
6.4734693877551 11.294
6.47755102040816 7.40317
6.48163265306122 7.40338
6.48571428571429 5.77464
6.48979591836735 4.93983
6.49387755102041 2.62865
6.49795918367347 1.76178
6.50204081632653 2.05144
6.50612244897959 0.097687
6.51020408163265 0.917787
6.51428571428571 2.81257
6.51836734693878 5.13608
6.52244897959184 6.79335
6.5265306122449 7.5047
6.53061224489796 7.55071
6.53469387755102 7.52645
6.53877551020408 10.5403
6.54285714285714 10.5937
6.5469387755102 17.3014
6.55102040816327 9.26026
6.55510204081633 7.83454
6.55918367346939 6.52506
6.56326530612245 6.20203
6.56734693877551 18.1672
6.57142857142857 32.6482
6.57551020408163 40.4748
6.57959183673469 52.3687
6.58367346938776 47.581
6.58775510204082 40.2846
6.59183673469388 31.9673
6.59591836734694 21.5495
6.6 12.8815
6.60408163265306 13.956
6.60816326530612 11.52
6.61224489795918 10.7656
6.61632653061224 12.5321
6.62040816326531 18.8337
6.62448979591837 21.2947
6.62857142857143 20.335
6.63265306122449 16.3994
6.63673469387755 5.63182
6.64081632653061 1.79388
6.64489795918367 2.22704
6.64897959183673 2.30355
6.6530612244898 2.74174
6.65714285714286 3.03309
6.66122448979592 3.30409
6.66530612244898 4.09058
6.66938775510204 4.84611
6.6734693877551 6.28254
6.67755102040816 7.58418
6.68163265306122 7.60653
6.68571428571429 8.98728
6.68979591836735 8.62584
6.69387755102041 10.3807
6.69795918367347 37.3893
6.70204081632653 40.7998
6.70612244897959 72.4385
6.71020408163265 95.1935
6.71428571428571 93.5429
6.71836734693878 98.5543
6.72244897959184 94.854
6.7265306122449 90.7372
6.73061224489796 80.6145
6.73469387755102 92.8301
6.73877551020408 87.9131
6.74285714285714 77.6121
6.7469387755102 72.684
6.75102040816327 65.8414
6.75510204081633 70.5421
6.75918367346939 83.0314
6.76326530612245 83.9854
6.76734693877551 118.376
6.77142857142857 132.979
6.77551020408163 153.926
6.77959183673469 169.833
6.78367346938775 164.985
6.78775510204082 156.937
6.79183673469388 141.732
6.79591836734694 127.202
6.8 114.961
6.80408163265306 111.372
6.80816326530612 121.415
6.81224489795918 120.482
6.81632653061224 118.562
6.82040816326531 106.19
6.82448979591837 90.1132
6.82857142857143 74.6064
6.83265306122449 57.07
6.83673469387755 40.0874
6.84081632653061 24.2819
6.84489795918367 10.2697
6.84897959183674 5.44949
6.8530612244898 4.27519
6.85714285714286 3.76023
6.86122448979592 3.49607
6.86530612244898 3.45364
6.86938775510204 3.41755
6.8734693877551 3.57091
6.87755102040816 4.02818
6.88163265306122 6.14361
6.88571428571429 19.1699
6.88979591836735 13.2337
6.89387755102041 12.7956
6.89795918367347 15.2909
6.90204081632653 10.3931
6.90612244897959 7.47109
6.91020408163265 4.06624
6.91428571428571 4.33396
6.91836734693878 4.59781
6.92244897959184 16.1845
6.9265306122449 35.6643
6.93061224489796 34.8589
6.93469387755102 34.745
6.93877551020408 34.9177
6.94285714285714 29.8751
6.9469387755102 22.1379
6.95102040816327 17.5379
6.95510204081633 14.8775
6.95918367346939 19.449
6.96326530612245 20.9481
6.96734693877551 24.9471
6.97142857142857 30.0835
6.97551020408163 34.1814
6.97959183673469 36.7126
6.98367346938775 36.0916
6.98775510204082 49.7249
6.99183673469388 51.3534
6.99591836734694 32.8965
7.0 36.3271
7.00408163265306 22.725
7.00816326530612 14.9161
7.01224489795918 14.3072
7.01632653061225 13.6357
7.02040816326531 10.5514
7.02448979591837 19.2228
7.02857142857143 22.3631
7.03265306122449 28.8539
7.03673469387755 30.0268
7.04081632653061 45.2903
7.04489795918367 49.9598
7.04897959183673 56.4792
7.0530612244898 59.9528
7.05714285714286 43.3975
7.06122448979592 43.1904
7.06530612244898 34.9841
7.06938775510204 15.4815
7.0734693877551 7.20252
7.07755102040816 4.75752
7.08163265306122 5.02913
7.08571428571429 9.17203
7.08979591836735 10.4943
7.09387755102041 10.2112
7.09795918367347 14.2157
7.10204081632653 17.495
7.10612244897959 20.9447
7.11020408163265 29.5087
7.11428571428571 40.8627
7.11836734693878 32.0741
7.12244897959184 43.11
7.1265306122449 46.0065
7.13061224489796 38.3071
7.13469387755102 29.8532
7.13877551020408 23.2341
7.14285714285714 14.9288
7.1469387755102 14.07
7.15102040816326 14.2023
7.15510204081633 13.7195
7.15918367346939 17.6805
7.16326530612245 28.9472
7.16734693877551 78.5413
7.17142857142857 120.425
7.17551020408163 126.303
7.17959183673469 149.106
7.18367346938776 159.535
7.18775510204082 132.826
7.19183673469388 114.628
7.19591836734694 106.518
7.2 86.2761
7.20408163265306 76.649
7.20816326530612 63.006
7.21224489795918 55.0024
7.21632653061225 39.1902
7.22040816326531 41.3766
7.22448979591837 46.5648
7.22857142857143 41.5202
7.23265306122449 52.8248
7.23673469387755 54.9536
7.24081632653061 58.6862
7.24489795918367 53.9839
7.24897959183673 47.0171
7.2530612244898 34.3323
7.25714285714286 21.4032
7.26122448979592 9.86772
7.26530612244898 12.5538
7.26938775510204 7.78591
7.2734693877551 8.73529
7.27755102040816 10.4219
7.28163265306122 7.06825
7.28571428571429 9.86114
7.28979591836735 13.983
7.29387755102041 18.4952
7.29795918367347 23.5296
7.30204081632653 26.7793
7.30612244897959 26.5992
7.31020408163265 24.37
7.31428571428571 29.6729
7.31836734693878 29.5989
7.32244897959184 26.7022
7.3265306122449 26.6832
7.33061224489796 19.8587
7.33469387755102 17.261
7.33877551020408 10.7709
7.34285714285714 12.5968
7.3469387755102 5.70349
7.35102040816327 8.05831
7.35510204081633 7.24291
7.35918367346939 5.94749
7.36326530612245 9.23685
7.36734693877551 6.7267
7.37142857142857 7.87587
7.37551020408163 6.31624
7.37959183673469 17.3992
7.38367346938776 24.8779
7.38775510204082 34.4099
7.39183673469388 25.8692
7.39591836734694 26.5958
7.4 23.3077
7.40408163265306 16.4444
7.40816326530612 18.105
7.41224489795918 18.9386
7.41632653061224 20.9469
7.42040816326531 22.7523
7.42448979591837 26.5927
7.42857142857143 28.6346
7.43265306122449 25.7212
7.43673469387755 25.7182
7.44081632653061 20.7787
7.44489795918367 16.4653
7.44897959183673 15.8711
7.4530612244898 14.3352
7.45714285714286 10.3529
7.46122448979592 11.1977
7.46530612244898 7.83763
7.46938775510204 8.16542
7.4734693877551 7.42058
7.47755102040816 26.2405
7.48163265306122 31.6325
7.48571428571429 67.305
7.48979591836735 99.6408
7.49387755102041 160.645
7.49795918367347 195.462
7.50204081632653 229.209
7.50612244897959 250.073
7.51020408163265 266.085
7.51428571428571 240.793
7.51836734693878 215.991
7.52244897959184 184.555
7.5265306122449 154.26
7.53061224489796 121.594
7.53469387755102 95.5337
7.53877551020408 71.6021
7.54285714285714 49.6973
7.5469387755102 30.3255
7.55102040816327 15.7629
7.55510204081633 8.69686
7.55918367346939 6.57597
7.56326530612245 5.81287
7.56734693877551 5.81813
7.57142857142857 7.05364
7.57551020408163 8.15812
7.57959183673469 5.22086
7.58367346938776 6.06382
7.58775510204082 2.32494
7.59183673469388 1.51733
7.59591836734694 0.485173
7.6 0.30089
7.60408163265306 4.30597
7.60816326530612 9.48487
7.61224489795918 16.1178
7.61632653061224 10.4718
7.62040816326531 13.0392
7.62448979591837 8.7968
7.62857142857143 14.6676
7.63265306122449 16.4867
7.63673469387755 12.4894
7.64081632653061 0.953401
7.64489795918367 0.686
7.64897959183673 0.513176
7.6530612244898 0.0
7.65714285714286 0.0
7.66122448979592 0.0
7.66530612244898 0.0
7.66938775510204 0.0
7.6734693877551 0.0
7.67755102040816 16.6839
7.68163265306122 16.9428
7.68571428571429 9.90736
7.68979591836735 4.97488
7.69387755102041 4.05641
7.69795918367347 4.62316
7.70204081632653 2.951
7.70612244897959 3.03865
7.71020408163265 2.68345
7.71428571428571 2.55667
7.71836734693878 2.52088
7.72244897959184 2.33027
7.7265306122449 1.75321
7.73061224489796 11.9629
7.73469387755102 21.2707
7.73877551020408 30.828
7.74285714285714 48.1326
7.7469387755102 51.2322
7.75102040816327 53.8644
7.75510204081633 46.4857
7.75918367346939 45.463
7.76326530612245 40.543
7.76734693877551 37.3724
7.77142857142857 37.718
7.77551020408163 55.8954
7.77959183673469 84.9133
7.78367346938775 61.7539
7.78775510204082 63.5527
7.79183673469388 52.1089
7.79591836734694 35.1386
7.8 26.9079
7.80408163265306 20.3815
7.80816326530612 13.0007
7.81224489795918 5.74908
7.81632653061224 9.54015
7.82040816326531 8.79986
7.82448979591837 16.8715
7.82857142857143 22.6149
7.83265306122449 18.0304
7.83673469387755 21.32
7.84081632653061 17.519
7.84489795918367 11.1397
7.84897959183674 9.55848
7.8530612244898 5.3546
7.85714285714286 32.1199
7.86122448979592 6.45233
7.86530612244898 41.9583
7.86938775510204 70.5579
7.8734693877551 55.0806
7.87755102040816 115.341
7.88163265306122 129.361
7.88571428571429 110.402
7.88979591836735 119.321
7.89387755102041 132.668
7.89795918367347 139.944
7.90204081632653 138.901
7.90612244897959 131.693
7.91020408163265 112.781
7.91428571428571 113.518
7.91836734693878 101.789
7.92244897959184 98.6456
7.9265306122449 90.2263
7.93061224489796 81.6914
7.93469387755102 71.9124
7.93877551020408 63.9866
7.94285714285714 55.3147
7.9469387755102 67.6897
7.95102040816327 82.8351
7.95510204081633 76.0727
7.95918367346939 59.9965
7.96326530612245 46.4096
7.96734693877551 42.1572
7.97142857142857 28.733
7.97551020408163 20.5439
7.97959183673469 10.8941
7.98367346938775 8.45485
7.98775510204082 5.99609
7.99183673469388 4.66769
7.99591836734694 4.74771
8.0 4.28288
8.00408163265306 3.25437
8.00816326530612 6.36263
8.01224489795918 4.73741
8.01632653061225 4.61645
8.02040816326531 3.88613
8.02448979591837 3.59296
8.02857142857143 3.45207
8.03265306122449 3.16027
8.03673469387755 5.0752
8.04081632653061 8.24955
8.04489795918367 16.0617
8.04897959183674 21.3492
8.0530612244898 15.9194
8.05714285714286 8.48233
8.06122448979592 13.2493
8.06530612244898 22.6432
8.06938775510204 35.8779
8.0734693877551 39.7619
8.07755102040816 42.378
8.08163265306122 43.9406
8.08571428571429 36.3288
8.08979591836735 26.0329
8.09387755102041 19.3778
8.09795918367347 15.5996
8.10204081632653 12.0153
8.10612244897959 8.99236
8.11020408163265 6.30245
8.11428571428571 4.50456
8.11836734693878 3.31792
8.12244897959184 2.16868
8.1265306122449 1.81073
8.13061224489796 1.81502
8.13469387755102 2.39217
8.13877551020408 4.54238
8.14285714285714 11.4347
8.1469387755102 16.9068
8.15102040816327 23.1887
8.15510204081633 21.1626
8.15918367346939 21.4643
8.16326530612245 24.0372
8.16734693877551 25.0522
8.17142857142857 24.67
8.17551020408163 26.1007
8.17959183673469 27.0742
8.18367346938776 23.2558
8.18775510204082 19.9652
8.19183673469388 16.1104
8.19591836734694 12.1664
8.2 9.4507
8.20408163265306 8.4169
8.20816326530612 6.48484
8.21224489795918 1.22881
8.21632653061224 1.66746
8.22040816326531 3.61501
8.22448979591837 3.8423
8.22857142857143 6.82539
8.23265306122449 12.2762
8.23673469387755 19.0192
8.24081632653061 17.7195
8.24489795918367 32.7894
8.24897959183673 53.0875
8.2530612244898 76.3354
8.25714285714286 98.6164
8.26122448979592 133.624
8.26530612244898 178.637
8.26938775510204 215.137
8.2734693877551 233.386
8.27755102040816 230.425
8.28163265306122 221.29
8.28571428571429 201.183
8.28979591836735 189.338
8.29387755102041 167.643
8.29795918367347 153.153
8.30204081632653 132.83
8.30612244897959 115.512
8.31020408163265 96.9626
8.31428571428571 78.075
8.31836734693877 63.0576
8.32244897959184 47.8505
8.3265306122449 31.8641
8.33061224489796 18.2183
8.33469387755102 10.5539
8.33877551020408 9.76739
8.34285714285714 10.8445
8.3469387755102 11.3969
8.35102040816327 11.511
8.35510204081633 11.5221
8.35918367346939 10.8953
8.36326530612245 10.9228
8.36734693877551 12.2432
8.37142857142857 8.40101
8.37551020408163 11.6496
8.37959183673469 5.64181
8.38367346938776 10.0287
8.38775510204082 7.49221
8.39183673469388 9.85498
8.39591836734694 3.85322
8.4 2.19252
8.40408163265306 1.04574
8.40816326530612 0.44885
8.41224489795918 0.255493
8.41632653061225 0.14582
8.42040816326531 0.0
8.42448979591837 0.0
8.42857142857143 0.0
8.43265306122449 0.0
8.43673469387755 0.0
8.44081632653061 0.0
8.44489795918367 0.282208
8.44897959183673 0.14921
8.4530612244898 0.266135
8.45714285714286 1.74117
8.46122448979592 3.13441
8.46530612244898 2.63908
8.46938775510204 1.18882
8.4734693877551 0.0
8.47755102040816 0.0
8.48163265306122 4.05403
8.48571428571429 11.9503
8.48979591836735 25.4652
8.49387755102041 31.8837
8.49795918367347 32.8907
8.50204081632653 40.2028
8.50612244897959 38.7922
8.51020408163265 79.5948
8.51428571428571 80.9878
8.51836734693878 89.7486
8.52244897959184 86.6412
8.5265306122449 70.4777
8.53061224489796 59.8216
8.53469387755102 50.6709
8.53877551020408 35.5252
8.54285714285714 27.3478
8.5469387755102 14.855
8.55102040816327 8.09046
8.55510204081633 3.66985
8.55918367346939 1.96393
8.56326530612245 3.17499
8.56734693877551 4.90045
8.57142857142857 7.70659
8.57551020408163 10.5149
8.57959183673469 20.5925
8.58367346938775 29.1401
8.58775510204082 17.616
8.59183673469388 18.0063
8.59591836734694 11.4791
8.6 13.7656
8.60408163265306 11.3457
8.60816326530612 16.8318
8.61224489795918 19.9247
8.61632653061224 19.6067
8.62040816326531 22.4005
8.62448979591837 19.7814
8.62857142857143 18.3233
8.63265306122449 9.52158
8.63673469387755 10.0525
8.64081632653061 6.41549
8.64489795918367 8.37163
8.64897959183673 16.931
8.6530612244898 52.4796
8.65714285714286 77.7931
8.66122448979592 133.768
8.66530612244898 164.761
8.66938775510204 177.525
8.6734693877551 162.588
8.67755102040816 147.724
8.68163265306123 127.516
8.68571428571429 104.972
8.68979591836735 87.9287
8.69387755102041 71.0596
8.69795918367347 55.2837
8.70204081632653 41.3922
8.70612244897959 33.4218
8.71020408163265 26.3922
8.71428571428571 19.1845
8.71836734693878 15.3367
8.72244897959184 12.2065
8.7265306122449 13.5038
8.73061224489796 18.3498
8.73469387755102 21.4183
8.73877551020408 23.2157
8.74285714285714 22.0208
8.7469387755102 19.8593
8.75102040816327 17.0549
8.75510204081633 13.428
8.75918367346939 9.31571
8.76326530612245 5.00128
8.76734693877551 4.17657
8.77142857142857 3.67747
8.77551020408163 15.6597
8.77959183673469 21.713
8.78367346938776 17.6462
8.78775510204082 11.5769
8.79183673469388 4.5041
8.79591836734694 4.23279
8.8 3.81633
8.80408163265306 2.91058
8.80816326530612 1.81012
8.81224489795918 1.18076
8.81632653061224 0.464796
8.82040816326531 7.12894
8.82448979591837 30.0343
8.82857142857143 55.5351
8.83265306122449 66.7915
8.83673469387755 75.3675
8.84081632653061 68.1489
8.84489795918367 53.5983
8.84897959183673 41.8448
8.8530612244898 31.7089
8.85714285714286 18.5295
8.86122448979592 11.254
8.86530612244898 9.76947
8.86938775510204 14.3129
8.8734693877551 17.7751
8.87755102040816 22.3991
8.88163265306122 22.9815
8.88571428571429 19.2759
8.88979591836735 10.2713
8.89387755102041 4.49786
8.89795918367347 7.47095
8.90204081632653 12.2966
8.90612244897959 14.7748
8.91020408163265 25.3571
8.91428571428571 38.542
8.91836734693878 55.6421
8.92244897959184 43.9397
8.9265306122449 48.5157
8.93061224489796 48.7958
8.93469387755102 45.1658
8.93877551020408 58.5623
8.94285714285714 59.8907
8.9469387755102 58.7793
8.95102040816326 46.7737
8.95510204081633 41.1762
8.95918367346939 30.9147
8.96326530612245 22.6728
8.96734693877551 14.5664
8.97142857142857 7.21429
8.97551020408163 2.98292
8.97959183673469 2.87854
8.98367346938775 2.72035
8.98775510204082 2.53666
8.99183673469388 4.97869
8.99591836734694 9.79926
9.0 47.1383
9.00408163265306 129.996
9.00816326530612 139.629
9.01224489795918 171.797
9.01632653061225 167.752
9.02040816326531 199.437
9.02448979591837 213.043
9.02857142857143 208.231
9.03265306122449 200.634
9.03673469387755 176.734
9.04081632653061 161.493
9.04489795918367 144.427
9.04897959183674 134.342
9.0530612244898 126.076
9.05714285714286 118.925
9.06122448979592 108.046
9.06530612244898 97.2598
9.06938775510204 79.7702
9.0734693877551 61.0162
9.07755102040816 44.1763
9.08163265306122 27.5245
9.08571428571429 15.2775
9.08979591836735 14.2336
9.09387755102041 13.8172
9.09795918367347 13.0883
9.10204081632653 12.5403
9.10612244897959 12.4335
9.11020408163265 10.0057
9.11428571428571 8.63961
9.11836734693878 7.17943
9.12244897959184 5.76116
9.1265306122449 4.83569
9.13061224489796 6.93845
9.13469387755102 8.28349
9.13877551020408 4.10554
9.14285714285714 5.19457
9.1469387755102 8.4447
9.15102040816327 11.661
9.15510204081633 6.56787
9.15918367346939 7.55299
9.16326530612245 7.24536
9.16734693877551 5.66926
9.17142857142857 9.38489
9.17551020408163 10.9374
9.17959183673469 10.9099
9.18367346938776 10.3117
9.18775510204082 10.2444
9.19183673469388 7.7213
9.19591836734694 6.52548
9.2 4.52149
9.20408163265306 19.2162
9.20816326530612 10.5251
9.21224489795918 0.533809
9.21632653061224 0.94977
9.22040816326531 0.338465
9.22448979591837 0.0
9.22857142857143 0.422706
9.23265306122449 1.36752
9.23673469387755 6.06887
9.24081632653061 23.4664
9.24489795918367 20.3872
9.24897959183673 34.8698
9.2530612244898 52.6894
9.25714285714286 19.6111
9.26122448979592 40.8765
9.26530612244898 67.2346
9.26938775510204 58.4566
9.2734693877551 56.3488
9.27755102040816 53.5074
9.28163265306122 49.3811
9.28571428571429 62.5274
9.28979591836735 47.0125
9.29387755102041 39.2265
9.29795918367347 36.328
9.30204081632653 42.7182
9.30612244897959 50.1916
9.31020408163265 51.5509
9.31428571428571 56.772
9.31836734693877 55.9748
9.32244897959184 52.0932
9.3265306122449 48.3539
9.33061224489796 45.4494
9.33469387755102 41.7612
9.33877551020408 35.2613
9.34285714285714 30.4213
9.3469387755102 21.1786
9.35102040816327 14.2219
9.35510204081633 16.6786
9.35918367346939 9.94627
9.36326530612245 7.02732
9.36734693877551 5.90091
9.37142857142857 17.639
9.37551020408163 27.8141
9.37959183673469 20.5461
9.38367346938776 23.7912
9.38775510204082 23.9362
9.39183673469388 41.2674
9.39591836734694 45.7151
9.4 44.4017
9.40408163265306 41.0103
9.40816326530612 41.0842
9.41224489795918 35.7924
9.41632653061225 36.0045
9.42040816326531 37.1528
9.42448979591837 33.5916
9.42857142857143 37.21
9.43265306122449 36.2479
9.43673469387755 36.351
9.44081632653061 35.9111
9.44489795918367 37.7084
9.44897959183673 42.7224
9.4530612244898 47.5604
9.45714285714286 53.3702
9.46122448979592 55.7859
9.46530612244898 52.4428
9.46938775510204 47.6891
9.4734693877551 46.6012
9.47755102040816 45.5601
9.48163265306122 42.7407
9.48571428571429 39.112
9.48979591836735 34.9348
9.49387755102041 31.6877
9.49795918367347 31.3303
9.50204081632653 37.5996
9.50612244897959 40.0525
9.51020408163265 39.5011
9.51428571428571 35.1382
9.51836734693878 30.2898
9.52244897959184 25.2036
9.5265306122449 19.0764
9.53061224489796 14.7981
9.53469387755102 10.5452
9.53877551020408 35.8461
9.54285714285714 51.6986
9.5469387755102 43.1224
9.55102040816327 28.8278
9.55510204081633 11.6877
9.55918367346939 4.60853
9.56326530612245 5.86251
9.56734693877551 7.19968
9.57142857142857 8.33523
9.57551020408163 9.05335
9.57959183673469 51.8161
9.58367346938775 67.1485
9.58775510204082 60.9536
9.59183673469388 54.9135
9.59591836734694 33.7853
9.6 28.8783
9.60408163265306 20.3272
9.60816326530612 18.0827
9.61224489795918 16.2677
9.61632653061224 14.0034
9.62040816326531 11.7031
9.62448979591837 9.71889
9.62857142857143 15.4788
9.63265306122449 23.9566
9.63673469387755 18.6696
9.64081632653061 21.0095
9.64489795918367 12.6752
9.64897959183673 9.62966
9.6530612244898 10.3811
9.65714285714286 9.95431
9.66122448979592 9.05856
9.66530612244898 8.08006
9.66938775510204 14.7743
9.6734693877551 26.0427
9.67755102040816 23.0664
9.68163265306123 29.5103
9.68571428571429 14.9214
9.68979591836735 4.56338
9.69387755102041 4.11398
9.69795918367347 4.50102
9.70204081632653 4.04278
9.70612244897959 3.49782
9.71020408163265 3.40291
9.71428571428571 17.0261
9.71836734693878 56.7979
9.72244897959184 60.996
9.7265306122449 49.2136
9.73061224489796 37.8288
9.73469387755102 29.463
9.73877551020408 15.1091
9.74285714285714 5.49389
9.7469387755102 7.41546
9.75102040816327 17.8076
9.75510204081633 24.1535
9.75918367346939 30.6025
9.76326530612245 42.1759
9.76734693877551 77.9693
9.77142857142857 136.139
9.77551020408163 205.753
9.77959183673469 247.918
9.78367346938776 274.158
9.78775510204082 286.791
9.79183673469388 287.833
9.79591836734694 272.231
9.8 251.077
9.80408163265306 222.758
9.80816326530612 194.531
9.81224489795918 161.893
9.81632653061224 130.223
9.82040816326531 100.422
9.82448979591837 71.6711
9.82857142857143 47.3572
9.83265306122449 30.6297
9.83673469387755 16.9035
9.84081632653061 9.70526
9.84489795918367 5.58982
9.84897959183673 3.87421
9.8530612244898 2.77401
9.85714285714286 1.54758
9.86122448979592 0.41165
9.86530612244898 0.271946
9.86938775510204 0.156591
9.8734693877551 0.492573
9.87755102040816 0.446558
9.88163265306122 0.653386
9.88571428571429 0.49756
9.88979591836735 0.0
9.89387755102041 0.0
9.89795918367347 0.0
9.90204081632653 18.3733
9.90612244897959 24.4339
9.91020408163265 29.6431
9.91428571428571 31.5967
9.91836734693878 27.5779
9.92244897959184 31.1483
9.9265306122449 28.8484
9.93061224489796 24.5294
9.93469387755102 14.5366
9.93877551020408 45.0302
9.94285714285714 27.8262
9.9469387755102 29.8964
9.95102040816326 24.7943
9.95510204081633 18.8145
9.95918367346939 13.2632
9.96326530612245 3.07592
9.96734693877551 0.954074
9.97142857142857 0.223016
9.97551020408163 1.04644
9.97959183673469 2.13821
9.98367346938775 2.81164
9.98775510204082 3.88881
9.99183673469388 11.6484
9.99591836734694 18.1887
10.0 35.0469
10.0040816326531 18.748
10.0081632653061 32.3675
10.0122448979592 45.6199
10.0163265306122 39.6049
10.0204081632653 46.0262
10.0244897959184 50.2345
10.0285714285714 48.2737
10.0326530612245 48.1663
10.0367346938776 49.1387
10.0408163265306 60.7399
10.0448979591837 76.0651
10.0489795918367 64.9
10.0530612244898 71.3701
10.0571428571429 61.8291
10.0612244897959 52.0894
10.065306122449 42.0729
10.069387755102 36.3654
10.0734693877551 29.1802
10.0775510204082 20.6964
10.0816326530612 9.95706
10.0857142857143 9.3189
10.0897959183673 10.5224
10.0938775510204 4.02825
10.0979591836735 4.04009
10.1020408163265 17.0572
10.1061224489796 42.2178
10.1102040816327 40.52
10.1142857142857 42.7275
10.1183673469388 45.5779
10.1224489795918 37.1466
10.1265306122449 39.79
10.130612244898 41.1346
10.134693877551 38.7657
10.1387755102041 27.0582
10.1428571428571 13.5048
10.1469387755102 4.39794
10.1510204081633 0.0405312
10.1551020408163 0.0
10.1591836734694 0.888775
10.1632653061224 6.03421
10.1673469387755 40.0712
10.1714285714286 67.9423
10.1755102040816 96.5676
10.1795918367347 98.3053
10.1836734693878 104.082
10.1877551020408 104.454
10.1918367346939 107.388
10.1959183673469 107.491
10.2 105.93
10.2040816326531 105.201
10.2081632653061 98.2421
10.2122448979592 90.6778
10.2163265306122 76.3434
10.2204081632653 62.5944
10.2244897959184 48.2638
10.2285714285714 32.7844
10.2326530612245 31.114
10.2367346938776 26.5621
10.2408163265306 32.2754
10.2448979591837 43.5508
10.2489795918367 27.964
10.2530612244898 28.7554
10.2571428571429 32.5878
10.2612244897959 26.3051
10.265306122449 21.3842
10.269387755102 17.9271
10.2734693877551 14.4454
10.2775510204082 11.3048
10.2816326530612 8.19222
10.2857142857143 4.80596
10.2897959183673 1.54161
10.2938775510204 0.0
10.2979591836735 0.0
10.3020408163265 5.29882
10.3061224489796 30.6081
10.3102040816327 59.7258
10.3142857142857 64.828
10.3183673469388 59.6503
10.3224489795918 49.1253
10.3265306122449 43.5167
10.330612244898 37.9396
10.334693877551 38.4551
10.3387755102041 36.7145
10.3428571428571 34.774
10.3469387755102 30.4653
10.3510204081633 31.8637
10.3551020408163 35.943
10.3591836734694 31.009
10.3632653061224 22.7604
10.3673469387755 12.5293
10.3714285714286 5.10169
10.3755102040816 5.21271
10.3795918367347 5.11687
10.3836734693878 5.44028
10.3877551020408 7.10866
10.3918367346939 9.15572
10.3959183673469 12.7012
10.4 18.245
10.4040816326531 31.761
10.4081632653061 35.7876
10.4122448979592 28.6993
10.4163265306122 22.0376
10.4204081632653 20.7125
10.4244897959184 20.803
10.4285714285714 19.3227
10.4326530612245 18.269
10.4367346938776 17.3602
10.4408163265306 22.5978
10.4448979591837 22.4995
10.4489795918367 17.2607
10.4530612244898 12.4705
10.4571428571429 7.61102
10.4612244897959 9.68818
10.465306122449 18.4884
10.469387755102 30.2822
10.4734693877551 37.8312
10.4775510204082 39.5885
10.4816326530612 40.4239
10.4857142857143 40.147
10.4897959183673 29.3383
10.4938775510204 16.3549
10.4979591836735 7.6625
10.5020408163265 4.79808
10.5061224489796 6.45575
10.5102040816327 7.71293
10.5142857142857 7.21427
10.5183673469388 6.05759
10.5224489795918 9.48964
10.5265306122449 23.7285
10.530612244898 85.3944
10.534693877551 179.71
10.5387755102041 241.457
10.5428571428571 280.254
10.5469387755102 297.565
10.5510204081633 288.163
10.5551020408163 288.077
10.5591836734694 270.088
10.5632653061224 253.216
10.5673469387755 226.313
10.5714285714286 198.247
10.5755102040816 169.663
10.5795918367347 138.274
10.5836734693878 109.07
10.5877551020408 80.6671
10.5918367346939 60.5399
10.5959183673469 46.6903
10.6 35.2724
10.6040816326531 27.5119
10.6081632653061 19.8785
10.6122448979592 14.1545
10.6163265306122 12.4304
10.6204081632653 10.5788
10.6244897959184 8.90037
10.6285714285714 7.3427
10.6326530612245 5.06174
10.6367346938776 4.07822
10.6408163265306 1.76933
10.6448979591837 1.17687
10.6489795918367 0.0
10.6530612244898 0.0
10.6571428571429 0.0
10.6612244897959 0.482599
10.665306122449 0.557184
10.669387755102 10.0447
10.6734693877551 12.6389
10.6775510204082 21.5567
10.6816326530612 15.9672
10.6857142857143 26.1882
10.6897959183673 23.0041
10.6938775510204 13.7501
10.6979591836735 9.80719
10.7020408163265 8.07265
10.7061224489796 7.20634
10.7102040816327 8.73856
10.7142857142857 12.1059
10.7183673469388 14.3488
10.7224489795918 15.465
10.7265306122449 13.4504
10.730612244898 10.7342
10.734693877551 6.37818
10.7387755102041 2.52452
10.7428571428571 3.32458
10.7469387755102 4.12233
10.7510204081633 5.54453
10.7551020408163 8.00171
10.7591836734694 9.67319
10.7632653061224 13.7553
10.7673469387755 15.6432
10.7714285714286 21.6305
10.7755102040816 38.0439
10.7795918367347 47.3352
10.7836734693878 49.961
10.7877551020408 44.1101
10.7918367346939 41.5298
10.7959183673469 43.2047
10.8 35.6731
10.8040816326531 34.3149
10.8081632653061 25.9167
10.8122448979592 29.6392
10.8163265306122 27.8252
10.8204081632653 21.0925
10.8244897959184 43.9164
10.8285714285714 37.4395
10.8326530612245 30.9947
10.8367346938776 37.4472
10.8408163265306 34.3506
10.8448979591837 34.2508
10.8489795918367 34.6558
10.8530612244898 30.8213
10.8571428571429 25.8227
10.8612244897959 20.5351
10.865306122449 14.2886
10.869387755102 13.016
10.8734693877551 12.5311
10.8775510204082 12.9548
10.8816326530612 13.866
10.8857142857143 36.5771
10.8897959183673 45.7919
10.8938775510204 54.8919
10.8979591836735 59.0147
10.9020408163265 59.2696
10.9061224489796 52.8625
10.9102040816327 42.8362
10.9142857142857 32.2854
10.9183673469388 23.1809
10.9224489795918 20.8128
10.9265306122449 21.317
10.930612244898 18.4358
10.934693877551 21.2779
10.9387755102041 25.22
10.9428571428571 31.6996
10.9469387755102 36.0986
10.9510204081633 53.1072
10.9551020408163 69.0745
10.9591836734694 77.7612
10.9632653061224 95.3839
10.9673469387755 107.989
10.9714285714286 117.349
10.9755102040816 123.553
10.9795918367347 108.7
10.9836734693878 104.143
10.9877551020408 87.4651
10.9918367346939 76.5358
10.9959183673469 59.7627
11.0 47.9289
11.0040816326531 49.3277
11.0081632653061 41.685
11.0122448979592 40.4862
11.0163265306122 41.784
11.0204081632653 41.8728
11.0244897959184 42.4376
11.0285714285714 39.3171
11.0326530612245 33.7153
11.0367346938776 23.6257
11.0408163265306 10.9641
11.0448979591837 11.0787
11.0489795918367 7.0118
11.0530612244898 7.39687
11.0571428571429 8.5397
11.0612244897959 7.37538
11.065306122449 6.46976
11.069387755102 5.33188
11.0734693877551 11.1644
11.0775510204082 9.69561
11.0816326530612 10.121
11.0857142857143 12.4195
11.0897959183673 5.24096
11.0938775510204 3.97131
11.0979591836735 2.86206
11.1020408163265 2.70184
11.1061224489796 3.64931
11.1102040816327 1.59399
11.1142857142857 4.55046
11.1183673469388 0.0
11.1224489795918 1.32972
11.1265306122449 4.11327
11.130612244898 3.17382
11.134693877551 17.6694
11.1387755102041 22.392
11.1428571428571 31.6893
11.1469387755102 37.0448
11.1510204081633 44.5475
11.1551020408163 50.8794
11.1591836734694 49.1391
11.1632653061224 47.0884
11.1673469387755 41.0332
11.1714285714286 33.5543
11.1755102040816 28.3791
11.1795918367347 24.6482
11.1836734693878 20.7974
11.1877551020408 17.265
11.1918367346939 14.1278
11.1959183673469 12.5951
11.2 12.2087
11.2040816326531 12.6862
11.2081632653061 13.999
11.2122448979592 10.5373
11.2163265306122 12.2536
11.2204081632653 9.1476
11.2244897959184 7.08789
11.2285714285714 3.37719
11.2326530612245 2.93137
11.2367346938776 2.99983
11.2408163265306 3.33536
11.2448979591837 3.46178
11.2489795918367 3.23403
11.2530612244898 2.71126
11.2571428571429 4.29517
11.2612244897959 5.71321
11.265306122449 6.50391
11.269387755102 5.18624
11.2734693877551 4.87738
11.2775510204082 3.02432
11.2816326530612 3.49117
11.2857142857143 3.01291
11.2897959183673 3.68761
11.2938775510204 9.15959
11.2979591836735 17.7503
11.3020408163265 25.1404
11.3061224489796 37.9325
11.3102040816327 45.6251
11.3142857142857 56.7338
11.3183673469388 83.8339
11.3224489795918 149.754
11.3265306122449 205.427
11.330612244898 251.733
11.334693877551 257.075
11.3387755102041 254.153
11.3428571428571 243.434
11.3469387755102 222.871
11.3510204081633 199.185
11.3551020408163 171.558
11.3591836734694 143.412
11.3632653061224 113.94
11.3673469387755 83.4297
11.3714285714286 54.318
11.3755102040816 33.78
11.3795918367347 17.736
11.3836734693878 8.49944
11.3877551020408 5.25097
11.3918367346939 3.59914
11.3959183673469 2.23228
11.4 1.41158
11.4040816326531 1.35839
11.4081632653061 1.33105
11.4122448979592 1.04847
11.4163265306122 1.3322
11.4204081632653 1.64519
11.4244897959184 1.6957
11.4285714285714 1.40587
11.4326530612245 1.76437
11.4367346938776 2.45298
11.4408163265306 2.43064
11.4448979591837 2.43887
11.4489795918367 26.3746
11.4530612244898 32.4598
11.4571428571429 20.9197
11.4612244897959 5.55517
11.465306122449 7.36167
11.469387755102 0.373413
11.4734693877551 2.35105
11.4775510204082 0.0
11.4816326530612 0.0
11.4857142857143 0.0
11.4897959183673 0.0
11.4938775510204 0.0
11.4979591836735 0.0
11.5020408163265 10.3559
11.5061224489796 8.33893
11.5102040816327 19.4403
11.5142857142857 14.8666
11.5183673469388 19.366
11.5224489795918 20.0864
11.5265306122449 23.2929
11.530612244898 24.6734
11.534693877551 27.9646
11.5387755102041 29.6224
11.5428571428571 33.4087
11.5469387755102 46.9879
11.5510204081633 74.7644
11.5551020408163 78.1524
11.5591836734694 69.6512
11.5632653061224 66.6744
11.5673469387755 71.8531
11.5714285714286 83.969
11.5755102040816 92.5451
11.5795918367347 90.1075
11.5836734693878 80.9645
11.5877551020408 68.6014
11.5918367346939 55.1027
11.5959183673469 41.4581
11.6 28.1113
11.6040816326531 16.3099
11.6081632653061 8.66533
11.6122448979592 10.0037
11.6163265306122 10.0523
11.6204081632653 9.30394
11.6244897959184 7.86095
11.6285714285714 6.44169
11.6326530612245 15.5507
11.6367346938776 23.0152
11.6408163265306 32.9571
11.6448979591837 22.7529
11.6489795918367 30.4813
11.6530612244898 64.7001
11.6571428571429 85.945
11.6612244897959 98.1646
11.665306122449 119.743
11.669387755102 138.941
11.6734693877551 170.588
11.6775510204082 183.211
11.6816326530612 163.41
11.6857142857143 145.987
11.6897959183673 132.523
11.6938775510204 119.063
11.6979591836735 107.411
11.7020408163265 94.2667
11.7061224489796 83.6558
11.7102040816327 78.0399
11.7142857142857 71.7895
11.7183673469388 65.9191
11.7224489795918 58.5675
11.7265306122449 53.7091
11.730612244898 47.3257
11.734693877551 41.6452
11.7387755102041 34.0578
11.7428571428571 34.9552
11.7469387755102 56.2617
11.7510204081633 60.9351
11.7551020408163 63.0276
11.7591836734694 59.7757
11.7632653061224 48.5031
11.7673469387755 37.8912
11.7714285714286 31.3885
11.7755102040816 23.6314
11.7795918367347 23.6209
11.7836734693878 20.9268
11.7877551020408 18.9408
11.7918367346939 15.6721
11.7959183673469 14.6849
11.8 13.9678
11.8040816326531 13.1846
11.8081632653061 28.6522
11.8122448979592 29.2631
11.8163265306122 23.2639
11.8204081632653 20.7975
11.8244897959184 12.3959
11.8285714285714 9.63132
11.8326530612245 3.53478
11.8367346938776 2.06904
11.8408163265306 0.972395
11.8448979591837 0.230829
11.8489795918367 0.180274
11.8530612244898 0.170288
11.8571428571429 0.0
11.8612244897959 0.0
11.865306122449 4.52479
11.869387755102 2.66295
11.8734693877551 6.28115
11.8775510204082 5.77443
11.8816326530612 5.14239
11.8857142857143 0.227531
11.8897959183673 1.08528
11.8938775510204 1.60327
11.8979591836735 1.83296
11.9020408163265 1.74787
11.9061224489796 1.66132
11.9102040816327 1.58156
11.9142857142857 1.42321
11.9183673469388 1.08863
11.9224489795918 1.34345
11.9265306122449 3.61019
11.930612244898 4.69746
11.934693877551 5.7341
11.9387755102041 6.01811
11.9428571428571 5.69518
11.9469387755102 5.52514
11.9510204081633 4.71272
11.9551020408163 4.17084
11.9591836734694 3.93759
11.9632653061224 3.34541
11.9673469387755 3.73416
11.9714285714286 5.23219
11.9755102040816 3.85714
11.9795918367347 3.48234
11.9836734693878 2.78134
11.9877551020408 2.20753
11.9918367346939 1.54765
11.9959183673469 1.22712
12.0 0.935624
12.0040816326531 0.643313
12.0081632653061 1.8687
12.0122448979592 3.004
12.0163265306122 3.8514
12.0204081632653 3.80409
12.0244897959184 3.55907
12.0285714285714 2.67461
12.0326530612245 20.1609
12.0367346938776 32.1597
12.0408163265306 58.2529
12.0448979591837 49.7558
12.0489795918367 80.6859
12.0530612244898 125.742
12.0571428571429 179.912
12.0612244897959 191.443
12.065306122449 192.67
12.069387755102 188.227
12.0734693877551 184.629
12.0775510204082 194.446
12.0816326530612 205.659
12.0857142857143 200.581
12.0897959183673 189.76
12.0938775510204 175.428
12.0979591836735 154.164
12.1020408163265 128.066
12.1061224489796 100.659
12.1102040816327 77.3786
12.1142857142857 57.2616
12.1183673469388 35.2368
12.1224489795918 16.1003
12.1265306122449 10.6295
12.130612244898 7.37333
12.134693877551 4.73962
12.1387755102041 2.72329
12.1428571428571 1.36661
12.1469387755102 2.41268
12.1510204081633 5.52128
12.1551020408163 13.8288
12.1591836734694 19.8495
12.1632653061224 16.7639
12.1673469387755 24.823
12.1714285714286 45.8413
12.1755102040816 39.5374
12.1795918367347 28.0961
12.1836734693878 14.4502
12.1877551020408 10.211
12.1918367346939 8.87833
12.1959183673469 8.55543
12.2 7.93759
12.2040816326531 6.68264
12.2081632653061 5.56707
12.2122448979592 5.97096
12.2163265306122 6.9409
12.2204081632653 44.7437
12.2244897959184 55.7013
12.2285714285714 47.6168
12.2326530612245 38.2256
12.2367346938776 28.7666
12.2408163265306 17.3102
12.2448979591837 11.0042
12.2489795918367 7.26167
12.2530612244898 2.24386
12.2571428571429 1.67883
12.2612244897959 1.57764
12.265306122449 1.50493
12.269387755102 1.19263
12.2734693877551 0.852627
12.2775510204082 0.714148
12.2816326530612 0.704028
12.2857142857143 0.740161
12.2897959183673 0.802298
12.2938775510204 0.839606
12.2979591836735 1.12846
12.3020408163265 13.8469
12.3061224489796 32.5798
12.3102040816327 62.2002
12.3142857142857 88.4468
12.3183673469388 100.488
12.3224489795918 101.285
12.3265306122449 96.2997
12.330612244898 87.9389
12.334693877551 78.6615
12.3387755102041 71.7485
12.3428571428571 61.5903
12.3469387755102 52.8375
12.3510204081633 49.2279
12.3551020408163 40.999
12.3591836734694 34.1722
12.3632653061224 30.2702
12.3673469387755 21.812
12.3714285714286 16.249
12.3755102040816 6.97135
12.3795918367347 2.49336
12.3836734693878 2.09176
12.3877551020408 3.28792
12.3918367346939 5.01367
12.3959183673469 7.71229
12.4 9.2502
12.4040816326531 10.2966
12.4081632653061 10.9532
12.4122448979592 11.978
12.4163265306122 11.7471
12.4204081632653 18.9383
12.4244897959184 9.00196
12.4285714285714 15.5111
12.4326530612245 25.4545
12.4367346938776 34.987
12.4408163265306 48.3556
12.4448979591837 63.9012
12.4489795918367 70.518
12.4530612244898 78.112
12.4571428571429 84.5086
12.4612244897959 90.4091
12.465306122449 102.037
12.469387755102 108.053
12.4734693877551 121.089
12.4775510204082 133.39
12.4816326530612 145.643
12.4857142857143 150.781
12.4897959183673 153.453
12.4938775510204 149.965
12.4979591836735 140.027
12.5020408163265 121.833
12.5061224489796 101.375
12.5102040816327 76.9578
12.5142857142857 57.7138
12.5183673469388 38.2833
12.5224489795918 27.5402
12.5265306122449 19.5354
12.530612244898 13.5191
12.534693877551 12.563
12.5387755102041 11.8294
12.5428571428571 10.7607
12.5469387755102 9.78407
12.5510204081633 8.49658
12.5551020408163 15.621
12.5591836734694 19.2961
12.5632653061224 21.5974
12.5673469387755 21.2776
12.5714285714286 21.4228
12.5755102040816 20.7251
12.5795918367347 20.9442
12.5836734693878 20.1419
12.5877551020408 19.0009
12.5918367346939 17.4775
12.5959183673469 18.5183
12.6 24.132
12.6040816326531 25.378
12.6081632653061 22.5429
12.6122448979592 7.80327
12.6163265306122 4.94003
12.6204081632653 2.37273
12.6244897959184 1.9908
12.6285714285714 4.24205
12.6326530612245 6.42888
12.6367346938776 8.65477
12.6408163265306 35.5077
12.6448979591837 41.4326
12.6489795918367 41.7852
12.6530612244898 28.9501
12.6571428571429 15.9167
12.6612244897959 8.198
12.665306122449 5.63558
12.669387755102 3.55453
12.6734693877551 2.9824
12.6775510204082 1.27693
12.6816326530612 11.1711
12.6857142857143 18.7336
12.6897959183673 18.5445
12.6938775510204 11.1178
12.6979591836735 5.73822
12.7020408163265 0.0
12.7061224489796 0.529651
12.7102040816327 0.731068
12.7142857142857 0.276418
12.7183673469388 0.0
12.7224489795918 0.0
12.7265306122449 0.0
12.730612244898 0.0
12.734693877551 0.0
12.7387755102041 0.0
12.7428571428571 0.0219221
12.7469387755102 0.770147
12.7510204081633 1.57538
12.7551020408163 2.04685
12.7591836734694 1.83507
12.7632653061224 1.76939
12.7673469387755 1.02402
12.7714285714286 7.44935
12.7755102040816 40.7516
12.7795918367347 63.7235
12.7836734693878 76.5689
12.7877551020408 81.9074
12.7918367346939 82.6047
12.7959183673469 76.2968
12.8 66.3181
12.8040816326531 55.4612
12.8081632653061 43.242
12.8122448979592 46.1713
12.8163265306122 62.0166
12.8204081632653 87.1307
12.8244897959184 111.683
12.8285714285714 140.202
12.8326530612245 156.318
12.8367346938776 161.629
12.8408163265306 160.699
12.8448979591837 153.224
12.8489795918367 143.654
12.8530612244898 145.059
12.8571428571429 140.577
12.8612244897959 146.919
12.865306122449 138.061
12.869387755102 129.515
12.8734693877551 110.648
12.8775510204082 92.1862
12.8816326530612 73.7942
12.8857142857143 55.6589
12.8897959183673 42.5333
12.8938775510204 32.3376
12.8979591836735 22.6793
12.9020408163265 14.1076
12.9061224489796 8.10311
12.9102040816327 5.99382
12.9142857142857 4.25561
12.9183673469388 2.34536
12.9224489795918 0.801802
12.9265306122449 0.33161
12.930612244898 3.88986
12.934693877551 5.72772
12.9387755102041 6.75714
12.9428571428571 6.86302
12.9469387755102 6.28712
12.9510204081633 5.47399
12.9551020408163 4.44259
12.9591836734694 3.56519
12.9632653061224 2.34103
12.9673469387755 1.87513
12.9714285714286 1.19206
12.9755102040816 0.830894
12.9795918367347 0.863045
12.9836734693878 7.38345
12.9877551020408 2.42858
12.9918367346939 4.96508
12.9959183673469 5.30845
13.0 9.7921
13.0040816326531 18.2791
13.0081632653061 18.548
13.0122448979592 17.5256
13.0163265306122 17.2502
13.0204081632653 14.9095
13.0244897959184 12.8787
13.0285714285714 8.77659
13.0326530612245 6.33206
13.0367346938776 8.34984
13.0408163265306 7.17163
13.0448979591837 5.07074
13.0489795918367 2.94465
13.0530612244898 2.61201
13.0571428571429 1.8759
13.0612244897959 15.4835
13.065306122449 8.42004
13.069387755102 15.7218
13.0734693877551 18.1805
13.0775510204082 15.3071
13.0816326530612 10.6741
13.0857142857143 3.61451
13.0897959183673 2.25809
13.0938775510204 2.41042
13.0979591836735 10.0524
13.1020408163265 10.6857
13.1061224489796 8.09761
13.1102040816327 17.9475
13.1142857142857 21.8691
13.1183673469388 13.1977
13.1224489795918 19.1148
13.1265306122449 26.5941
13.130612244898 47.6056
13.134693877551 53.5612
13.1387755102041 53.7756
13.1428571428571 43.5105
13.1469387755102 35.2574
13.1510204081633 28.1956
13.1551020408163 27.6652
13.1591836734694 26.1478
13.1632653061224 34.365
13.1673469387755 33.3174
13.1714285714286 35.4678
13.1755102040816 39.6852
13.1795918367347 44.9164
13.1836734693878 51.0679
13.1877551020408 66.0124
13.1918367346939 71.5614
13.1959183673469 95.6447
13.2 121.828
13.2040816326531 136.485
13.2081632653061 151.86
13.2122448979592 178.644
13.2163265306122 184.188
13.2204081632653 194.579
13.2244897959184 178.846
13.2285714285714 153.568
13.2326530612245 125.969
13.2367346938776 97.6674
13.2408163265306 72.4396
13.2448979591837 52.5656
13.2489795918367 39.6031
13.2530612244898 28.4345
13.2571428571429 20.6753
13.2612244897959 15.4599
13.265306122449 11.5081
13.269387755102 10.1613
13.2734693877551 12.773
13.2775510204082 6.4151
13.2816326530612 19.7597
13.2857142857143 18.9149
13.2897959183673 20.1468
13.2938775510204 18.462
13.2979591836735 13.9859
13.3020408163265 12.0219
13.3061224489796 6.29364
13.3102040816327 5.9635
13.3142857142857 5.488
13.3183673469388 5.95376
13.3224489795918 7.56091
13.3265306122449 7.62036
13.330612244898 6.74727
13.334693877551 5.97451
13.3387755102041 6.53051
13.3428571428571 15.8712
13.3469387755102 14.4547
13.3510204081633 12.9541
13.3551020408163 9.37361
13.3591836734694 5.9273
13.3632653061224 6.88443
13.3673469387755 2.75877
13.3714285714286 2.10439
13.3755102040816 2.34515
13.3795918367347 3.17852
13.3836734693878 4.07791
13.3877551020408 4.60066
13.3918367346939 13.935
13.3959183673469 19.811
13.4 28.2559
13.4040816326531 31.8475
13.4081632653061 20.3001
13.4122448979592 18.5602
13.4163265306122 8.02043
13.4204081632653 0.925839
13.4244897959184 0.550201
13.4285714285714 0.0
13.4326530612245 1.46625
13.4367346938776 4.83103
13.4408163265306 11.4081
13.4448979591837 15.3779
13.4489795918367 13.3957
13.4530612244898 11.563
13.4571428571429 7.71727
13.4612244897959 7.67518
13.465306122449 6.96953
13.469387755102 5.78675
13.4734693877551 4.298
13.4775510204082 2.89929
13.4816326530612 1.70764
13.4857142857143 0.984866
13.4897959183673 1.03463
13.4938775510204 1.2053
13.4979591836735 2.56252
13.5020408163265 0.195632
13.5061224489796 1.1445
13.5102040816327 7.30728
13.5142857142857 6.42878
13.5183673469388 4.66152
13.5224489795918 4.32965
13.5265306122449 1.04789
13.530612244898 2.06911
13.534693877551 5.25133
13.5387755102041 5.66558
13.5428571428571 5.10199
13.5469387755102 6.87807
13.5510204081633 6.35072
13.5551020408163 12.8471
13.5591836734694 20.5797
13.5632653061224 24.7248
13.5673469387755 25.6135
13.5714285714286 31.7057
13.5755102040816 45.1988
13.5795918367347 64.0045
13.5836734693878 74.2819
13.5877551020408 114.775
13.5918367346939 130.806
13.5959183673469 188.178
13.6 237.883
13.6040816326531 237.742
13.6081632653061 247.232
13.6122448979592 216.768
13.6163265306122 191.266
13.6204081632653 156.259
13.6244897959184 134.564
13.6285714285714 106.922
13.6326530612245 87.1712
13.6367346938776 79.1195
13.6408163265306 69.353
13.6448979591837 66.9618
13.6489795918367 56.2556
13.6530612244898 47.8368
13.6571428571429 37.2426
13.6612244897959 22.5359
13.665306122449 14.0802
13.669387755102 6.14977
13.6734693877551 1.29839
13.6775510204082 0.598272
13.6816326530612 0.21857
13.6857142857143 0.0
13.6897959183673 0.0
13.6938775510204 0.0
13.6979591836735 0.0
13.7020408163265 0.0
13.7061224489796 1.08547
13.7102040816327 4.32279
13.7142857142857 4.70668
13.7183673469388 6.75646
13.7224489795918 6.61429
13.7265306122449 6.69211
13.730612244898 7.52673
13.734693877551 24.649
13.7387755102041 7.95345
13.7428571428571 7.84388
13.7469387755102 7.01595
13.7510204081633 5.99513
13.7551020408163 4.75523
13.7591836734694 3.43324
13.7632653061224 2.4101
13.7673469387755 1.83647
13.7714285714286 1.49881
13.7755102040816 1.21419
13.7795918367347 1.02415
13.7836734693878 1.64693
13.7877551020408 2.5183
13.7918367346939 14.3806
13.7959183673469 9.16716
13.8 19.7632
13.8040816326531 25.5427
13.8081632653061 26.8771
13.8122448979592 25.1234
13.8163265306122 21.3679
13.8204081632653 19.8439
13.8244897959184 30.5043
13.8285714285714 33.3439
13.8326530612245 28.5649
13.8367346938776 19.0847
13.8408163265306 16.6243
13.8448979591837 14.1112
13.8489795918367 12.1963
13.8530612244898 10.4165
13.8571428571429 19.4481
13.8612244897959 32.0495
13.865306122449 51.281
13.869387755102 86.3767
13.8734693877551 102.505
13.8775510204082 101.768
13.8816326530612 85.2054
13.8857142857143 68.3905
13.8897959183673 49.6274
13.8938775510204 28.9628
13.8979591836735 16.3138
13.9020408163265 8.39121
13.9061224489796 0.890791
13.9102040816327 0.505889
13.9142857142857 0.0
13.9183673469388 0.0
13.9224489795918 0.0
13.9265306122449 4.32777
13.930612244898 18.3946
13.934693877551 26.8444
13.9387755102041 49.9731
13.9428571428571 64.064
13.9469387755102 99.2822
13.9510204081633 108.282
13.9551020408163 119.832
13.9591836734694 141.18
13.9632653061224 156.343
13.9673469387755 162.244
13.9714285714286 163.42
13.9755102040816 152.81
13.9795918367347 140.562
13.9836734693878 127.431
13.9877551020408 106.882
13.9918367346939 92.7355
13.9959183673469 79.3513
14.0 63.3198
14.0040816326531 53.396
14.0081632653061 43.7099
14.0122448979592 35.1433
14.0163265306122 27.2895
14.0204081632653 20.4954
14.0244897959184 15.2225
14.0285714285714 11.8364
14.0326530612245 10.8898
14.0367346938776 15.7081
14.0408163265306 20.5552
14.0448979591837 22.9969
14.0489795918367 22.3303
14.0530612244898 19.7948
14.0571428571429 20.6537
14.0612244897959 18.278
14.065306122449 9.83408
14.069387755102 4.78372
14.0734693877551 3.95212
14.0775510204082 3.62732
14.0816326530612 3.2253
14.0857142857143 2.97047
14.0897959183673 28.9407
14.0938775510204 63.7883
14.0979591836735 59.624
14.1020408163265 48.6184
14.1061224489796 30.6453
14.1102040816327 12.5329
14.1142857142857 3.36377
14.1183673469388 16.9635
14.1224489795918 18.3918
14.1265306122449 23.0346
14.130612244898 24.5803
14.134693877551 30.6199
14.1387755102041 29.8329
14.1428571428571 20.2493
14.1469387755102 18.866
14.1510204081633 36.9987
14.1551020408163 30.8781
14.1591836734694 16.0973
14.1632653061224 18.799
14.1673469387755 25.8701
14.1714285714286 28.0948
14.1755102040816 22.1776
14.1795918367347 21.1541
14.1836734693878 21.9934
14.1877551020408 21.8268
14.1918367346939 21.1296
14.1959183673469 19.9034
14.2 20.1013
14.2040816326531 22.4089
14.2081632653061 22.5702
14.2122448979592 31.1484
14.2163265306122 32.7206
14.2204081632653 27.0356
14.2244897959184 26.4705
14.2285714285714 22.157
14.2326530612245 19.8911
14.2367346938776 18.0763
14.2408163265306 13.8839
14.2448979591837 10.827
14.2489795918367 7.01946
14.2530612244898 19.3328
14.2571428571429 42.3632
14.2612244897959 50.0454
14.265306122449 52.3443
14.269387755102 47.1432
14.2734693877551 36.0521
14.2775510204082 29.2504
14.2816326530612 18.627
14.2857142857143 12.3118
14.2897959183673 6.42187
14.2938775510204 2.72486
14.2979591836735 8.35411
14.3020408163265 13.6935
14.3061224489796 38.6907
14.3102040816327 72.7975
14.3142857142857 114.381
14.3183673469388 142.006
14.3224489795918 224.78
14.3265306122449 216.317
14.330612244898 262.777
14.334693877551 268.355
14.3387755102041 293.434
14.3428571428571 278.766
14.3469387755102 263.658
14.3510204081633 231.5
14.3551020408163 192.899
14.3591836734694 160.75
14.3632653061224 117.46
14.3673469387755 83.8581
14.3714285714286 51.6051
14.3755102040816 27.9934
14.3795918367347 14.1613
14.3836734693878 5.44005
14.3877551020408 4.51956
14.3918367346939 4.7034
14.3959183673469 5.45358
14.4 5.65046
14.4040816326531 5.05255
14.4081632653061 4.0297
14.4122448979592 3.80045
14.4163265306122 7.04857
14.4204081632653 3.14399
14.4244897959184 3.32086
14.4285714285714 2.92576
14.4326530612245 2.45833
14.4367346938776 2.00716
14.4408163265306 1.54375
14.4448979591837 1.07871
14.4489795918367 0.335773
14.4530612244898 0.0
14.4571428571429 0.0
14.4612244897959 0.0
14.465306122449 0.0
14.469387755102 0.0
14.4734693877551 11.9933
14.4775510204082 0.0
14.4816326530612 6.9679
14.4857142857143 14.6417
14.4897959183673 0.0
14.4938775510204 0.310371
14.4979591836735 14.685
14.5020408163265 24.6479
14.5061224489796 35.1516
14.5102040816327 33.5731
14.5142857142857 27.0471
14.5183673469388 21.4853
14.5224489795918 18.2556
14.5265306122449 16.3293
14.530612244898 23.6339
14.534693877551 32.3081
14.5387755102041 62.3539
14.5428571428571 87.6087
14.5469387755102 101.067
14.5510204081633 98.9776
14.5551020408163 93.8159
14.5591836734694 89.694
14.5632653061224 80.1057
14.5673469387755 70.1117
14.5714285714286 60.376
14.5755102040816 51.1263
14.5795918367347 42.2114
14.5836734693878 33.2116
14.5877551020408 25.107
14.5918367346939 23.2352
14.5959183673469 45.7053
14.6 57.4815
14.6040816326531 50.5237
14.6081632653061 51.0038
14.6122448979592 39.9395
14.6163265306122 41.6853
14.6204081632653 47.5248
14.6244897959184 50.5099
14.6285714285714 52.5386
14.6326530612245 56.1876
14.6367346938776 48.627
14.6408163265306 45.7444
14.6448979591837 33.6721
14.6489795918367 26.4596
14.6530612244898 15.9254
14.6571428571429 8.86511
14.6612244897959 3.82173
14.665306122449 3.21233
14.669387755102 2.90209
14.6734693877551 2.37864
14.6775510204082 1.87546
14.6816326530612 1.12982
14.6857142857143 0.581811
14.6897959183673 0.047942
14.6938775510204 0.0
14.6979591836735 0.919342
14.7020408163265 23.8374
14.7061224489796 50.6099
14.7102040816327 114.321
14.7142857142857 154.612
14.7183673469388 172.158
14.7224489795918 177.751
14.7265306122449 166.169
14.730612244898 145.848
14.734693877551 126.095
14.7387755102041 115.405
14.7428571428571 81.1158
14.7469387755102 73.6839
14.7510204081633 64.5944
14.7551020408163 60.6376
14.7591836734694 66.1287
14.7632653061224 69.3057
14.7673469387755 67.6716
14.7714285714286 64.4847
14.7755102040816 54.6116
14.7795918367347 44.1309
14.7836734693878 30.7998
14.7877551020408 14.84
14.7918367346939 12.3561
14.7959183673469 7.85263
14.8 3.24678
14.8040816326531 0.597139
14.8081632653061 0.451644
14.8122448979592 0.200152
14.8163265306122 0.0
14.8204081632653 0.32115
14.8244897959184 5.48108
14.8285714285714 13.0533
14.8326530612245 9.79888
14.8367346938776 6.6874
14.8408163265306 3.8166
14.8448979591837 2.38037
14.8489795918367 1.82541
14.8530612244898 0.638008
14.8571428571429 2.54764
14.8612244897959 3.99779
14.865306122449 5.84699
14.869387755102 8.93423
14.8734693877551 8.10464
14.8775510204082 7.39196
14.8816326530612 8.48409
14.8857142857143 7.87501
14.8897959183673 7.8559
14.8938775510204 7.56753
14.8979591836735 7.25099
14.9020408163265 6.35146
14.9061224489796 5.07092
14.9102040816327 3.97964
14.9142857142857 3.26802
14.9183673469388 3.45169
14.9224489795918 7.85425
14.9265306122449 11.6451
14.930612244898 28.1574
14.934693877551 35.0566
14.9387755102041 36.8405
14.9428571428571 44.1495
14.9469387755102 43.2193
14.9510204081633 36.8953
14.9551020408163 27.7069
14.9591836734694 21.5277
14.9632653061224 12.6474
14.9673469387755 2.31135
14.9714285714286 0.0
14.9755102040816 0.0
