1.46938775510204 1
1.80816326530612 1
2.22040816326531 1
2.41632653061225 1
2.58775510204082 1
2.98367346938775 1
3.3469387755102 1
3.73877551020408 1
4.47755102040816 1
4.8530612244898 1
5.24897959183674 1
5.63673469387755 1
6.37142857142857 1
6.77959183673469 1
7.18367346938776 1
7.51020408163265 1
8.2734693877551 1
8.66938775510204 1
9.02448979591837 1
9.79183673469388 1
10.5469387755102 1
11.334693877551 1
11.6775510204082 1
12.0816326530612 1
12.8367346938776 1
13.2204081632653 1
13.6081632653061 1
13.9714285714286 1
14.3387755102041 1
14.7224489795918 1
