1.38775510204082 1
1.97959183673469 1
2.55102040816327 1
2.88979591836735 1
3.29387755102041 1
3.68571428571429 1
3.88571428571429 1
4.04897959183674 1
4.42040816326531 1
4.79591836734694 1
5.02040816326531 1
5.19591836734694 1
5.58775510204082 1
5.9469387755102 1
6.31428571428571 1
6.70612244897959 1
6.91836734693878 1
7.83265306122449 1
8.02040816326531 1
8.18367346938775 1
8.55102040816326 1
9.68571428571429 1
10.069387755102 1
10.6408163265306 1
11.1755102040816 1
11.5714285714286 1
11.9510204081633 1
12.1632653061224 1
12.5265306122449 1
12.7061224489796 1
13.0816326530612 1
13.2938775510204 1
13.4571428571429 1
13.8408163265306 1
14.0326530612245 1
14.1877551020408 1
14.5795918367347 1
