0.00408163265306122 0.0
0.00816326530612245 0.0
0.0122448979591837 0.0
0.0163265306122449 0.0
0.0204081632653061 0.0
0.0244897959183673 0.0
0.0285714285714286 2.81578
0.0326530612244898 5.09316
0.036734693877551 0.0
0.0408163265306122 6.21712
0.0448979591836735 2.69616
0.0489795918367347 1.0711
0.0530612244897959 0.0
0.0571428571428571 0.0
0.0612244897959184 0.0
0.0653061224489796 0.0
0.0693877551020408 0.0
0.073469387755102 1.29473
0.0775510204081633 3.758
0.0816326530612245 9.7115
0.0857142857142857 15.1235
0.0897959183673469 11.0467
0.0938775510204082 25.7378
0.0979591836734694 22.6753
0.102040816326531 28.4829
0.106122448979592 41.5485
0.110204081632653 61.4266
0.114285714285714 88.6292
0.118367346938776 106.285
0.122448979591837 111.798
0.126530612244898 103.588
0.130612244897959 88.8611
0.13469387755102 73.1624
0.138775510204082 66.745
0.142857142857143 41.8731
0.146938775510204 23.4963
0.151020408163265 0.517845
0.155102040816327 0.0
0.159183673469388 0.0
0.163265306122449 0.0
0.16734693877551 0.0
0.171428571428571 0.0
0.175510204081633 0.0
0.179591836734694 0.0
0.183673469387755 0.0
0.187755102040816 0.0
0.191836734693878 0.0
0.195918367346939 0.0
0.2 0.0
0.204081632653061 0.0
0.208163265306122 0.0
0.212244897959184 0.0
0.216326530612245 0.0
0.220408163265306 0.0
0.224489795918367 0.0
0.228571428571429 0.0
0.23265306122449 0.0
0.236734693877551 0.0
0.240816326530612 0.0
0.244897959183673 0.0
0.248979591836735 0.0
0.253061224489796 0.0
0.257142857142857 0.0
0.261224489795918 0.0
0.26530612244898 0.0
0.269387755102041 0.0
0.273469387755102 0.0
0.277551020408163 2.81084
0.281632653061224 0.877142
0.285714285714286 0.0
0.289795918367347 0.0
0.293877551020408 0.0
0.297959183673469 0.0
0.302040816326531 0.0
0.306122448979592 5.02251
0.310204081632653 8.27114
0.314285714285714 12.0559
0.318367346938775 12.1855
0.322448979591837 23.309
0.326530612244898 52.2776
0.330612244897959 50.5615
0.33469387755102 52.5588
0.338775510204082 48.9637
0.342857142857143 53.5589
0.346938775510204 47.051
0.351020408163265 40.9018
0.355102040816327 41.906
0.359183673469388 42.9013
0.363265306122449 30.191
0.36734693877551 20.8931
0.371428571428571 11.8976
0.375510204081633 6.91372
0.379591836734694 4.44365
0.383673469387755 0.818014
0.387755102040816 0.0
0.391836734693878 0.0
0.395918367346939 0.0
0.4 0.0
0.404081632653061 0.933766
0.408163265306122 0.0
0.412244897959184 0.0
0.416326530612245 0.0
0.420408163265306 0.0
0.424489795918367 0.0
0.428571428571429 0.0
0.43265306122449 0.0
0.436734693877551 0.0
0.440816326530612 0.0
0.444897959183673 0.0
0.448979591836735 0.0
0.453061224489796 0.0
0.457142857142857 0.0
0.461224489795918 0.0
0.46530612244898 0.0
0.469387755102041 0.0
0.473469387755102 0.0
0.477551020408163 0.0
0.481632653061224 0.0
0.485714285714286 0.0
0.489795918367347 0.0
0.493877551020408 0.0
0.497959183673469 0.0
0.502040816326531 0.0
0.506122448979592 0.0
0.510204081632653 0.0
0.514285714285714 0.0
0.518367346938776 0.0
0.522448979591837 0.0
0.526530612244898 0.0
0.530612244897959 0.0
0.53469387755102 16.4258
0.538775510204082 67.6391
0.542857142857143 105.841
0.546938775510204 125.785
0.551020408163265 126.928
0.555102040816327 128.73
0.559183673469388 111.29
0.563265306122449 87.283
0.56734693877551 63.1498
0.571428571428571 38.4253
0.575510204081633 23.9176
0.579591836734694 7.43115
0.583673469387755 2.10279
0.587755102040816 0.0
0.591836734693878 0.0
0.595918367346939 0.0
0.6 0.0
0.604081632653061 0.0
0.608163265306122 0.0
0.612244897959184 0.0
0.616326530612245 0.0
0.620408163265306 0.0
0.624489795918367 0.0
0.628571428571429 0.0
0.63265306122449 0.0
0.636734693877551 0.0
0.640816326530612 0.0
0.644897959183673 0.0
0.648979591836735 0.0
0.653061224489796 0.0
0.657142857142857 0.0
0.661224489795918 2.68745
0.66530612244898 0.0530481
0.669387755102041 0.0
0.673469387755102 0.0
0.677551020408163 0.0
0.681632653061224 0.0
0.685714285714286 0.0
0.689795918367347 0.0
0.693877551020408 0.0
0.697959183673469 0.0
0.702040816326531 0.0
0.706122448979592 0.0
0.710204081632653 0.0
0.714285714285714 0.0
0.718367346938775 0.0
0.722448979591837 0.0
0.726530612244898 0.0
0.730612244897959 3.06082
0.73469387755102 2.85375
0.738775510204082 11.2321
0.742857142857143 8.88479
0.746938775510204 5.39422
0.751020408163265 0.895202
0.755102040816326 0.298738
0.759183673469388 0.0
0.763265306122449 0.0
0.76734693877551 0.0
0.771428571428571 0.0
0.775510204081633 0.0
0.779591836734694 0.0
0.783673469387755 0.0
0.787755102040816 0.0
0.791836734693877 0.0
0.795918367346939 0.4161
0.8 2.87119
0.804081632653061 0.0
0.808163265306122 1.47498
0.812244897959184 0.0
0.816326530612245 0.0
0.820408163265306 0.0
0.824489795918367 0.0
0.828571428571429 0.0
0.83265306122449 0.0
0.836734693877551 0.0
0.840816326530612 0.0
0.844897959183673 0.0
0.848979591836735 0.0
0.853061224489796 0.0
0.857142857142857 0.0
0.861224489795918 1.2992
0.86530612244898 16.3309
0.869387755102041 23.4533
0.873469387755102 17.4319
0.877551020408163 13.3934
0.881632653061225 6.62327
0.885714285714286 2.79325
0.889795918367347 0.0
0.893877551020408 0.0
0.897959183673469 0.0
0.902040816326531 0.0
0.906122448979592 0.0
0.910204081632653 0.0
0.914285714285714 0.0
0.918367346938776 0.0
0.922448979591837 0.0
0.926530612244898 0.0
0.930612244897959 0.0
0.93469387755102 0.0
0.938775510204082 0.0
0.942857142857143 0.0
0.946938775510204 0.0
0.951020408163265 7.07024
0.955102040816327 18.9677
0.959183673469388 29.6383
0.963265306122449 67.8087
0.96734693877551 107.897
0.971428571428571 137.556
0.975510204081633 147.917
0.979591836734694 132.528
0.983673469387755 110.019
0.987755102040816 89.3502
0.991836734693878 71.979
0.995918367346939 50.4905
1.0 35.1352
1.00408163265306 21.9574
1.00816326530612 6.56104
1.01224489795918 0.0
1.01632653061224 0.0
1.02040816326531 0.0
1.02448979591837 0.0
1.02857142857143 0.0
1.03265306122449 0.0
1.03673469387755 0.0
1.04081632653061 0.0
1.04489795918367 0.0
1.04897959183673 0.0
1.0530612244898 0.0
1.05714285714286 0.0
1.06122448979592 0.0
1.06530612244898 0.0
1.06938775510204 0.0
1.0734693877551 0.0
1.07755102040816 0.760853
1.08163265306122 6.70743
1.08571428571429 3.28135
1.08979591836735 0.711858
1.09387755102041 0.0
1.09795918367347 0.0
1.10204081632653 0.0
1.10612244897959 0.211835
1.11020408163265 0.0
1.11428571428571 3.7095
1.11836734693878 3.65973
1.12244897959184 0.0
1.1265306122449 2.41458
1.13061224489796 7.83843
1.13469387755102 4.18103
1.13877551020408 9.51606
1.14285714285714 17.0202
1.1469387755102 1.90258
1.15102040816327 5.63705
1.15510204081633 8.71897
1.15918367346939 0.0
1.16326530612245 0.0
1.16734693877551 0.0
1.17142857142857 0.0
1.17551020408163 0.0
1.17959183673469 0.0
1.18367346938776 0.0
1.18775510204082 0.0
1.19183673469388 0.0
1.19591836734694 0.0
1.2 0.0
1.20408163265306 0.0
1.20816326530612 0.0
1.21224489795918 0.0
1.21632653061224 0.0
1.22040816326531 0.0
1.22448979591837 0.0
1.22857142857143 0.0
1.23265306122449 0.0
1.23673469387755 0.0
1.24081632653061 0.0
1.24489795918367 0.0
1.24897959183673 0.0
1.2530612244898 0.0
1.25714285714286 0.0
1.26122448979592 0.0
1.26530612244898 3.87222
1.26938775510204 2.98214
1.2734693877551 2.93469
1.27755102040816 3.58814
1.28163265306122 0.0
1.28571428571429 0.0
1.28979591836735 0.273466
1.29387755102041 1.73569
1.29795918367347 0.0
1.30204081632653 0.0
1.30612244897959 0.0
1.31020408163265 0.0
1.31428571428571 4.36842
1.31836734693878 1.27262
1.32244897959184 20.123
1.3265306122449 25.7385
1.33061224489796 27.6208
1.33469387755102 24.9205
1.33877551020408 22.6424
1.34285714285714 1.29032
1.3469387755102 0.0
1.35102040816327 0.0
1.35510204081633 0.0
1.35918367346939 0.0
1.36326530612245 0.0
1.36734693877551 0.0
1.37142857142857 0.0
1.37551020408163 0.0
1.37959183673469 0.0
1.38367346938776 7.5711
1.38775510204082 12.4463
1.39183673469388 24.8806
1.39591836734694 61.7852
1.4 81.8099
1.40408163265306 117.453
1.40816326530612 137.265
1.41224489795918 126.096
1.41632653061225 107.104
1.42040816326531 84.9445
1.42448979591837 62.3181
1.42857142857143 53.4003
1.43265306122449 39.7036
1.43673469387755 25.984
1.44081632653061 9.05681
1.44489795918367 0.0
1.44897959183673 0.0
1.4530612244898 0.0
1.45714285714286 0.0
1.46122448979592 0.0
1.46530612244898 0.0
1.46938775510204 0.0
1.4734693877551 0.0
1.47755102040816 0.0
1.48163265306122 0.269413
1.48571428571429 0.0
1.48979591836735 0.0
1.49387755102041 0.0
1.49795918367347 0.0
1.50204081632653 0.0
1.50612244897959 0.0
1.51020408163265 0.0
1.51428571428571 0.0
1.51836734693878 0.0
1.52244897959184 0.0
1.5265306122449 1.16038
1.53061224489796 1.53285
1.53469387755102 0.0
1.53877551020408 0.0
1.54285714285714 0.0
1.5469387755102 0.0
1.55102040816327 0.0
1.55510204081633 0.0
1.55918367346939 0.0
1.56326530612245 0.0
1.56734693877551 0.0
1.57142857142857 0.0
1.57551020408163 0.0
1.57959183673469 0.0
1.58367346938775 0.0
1.58775510204082 0.0
1.59183673469388 0.0
1.59591836734694 0.0
1.6 0.0
1.60408163265306 0.0
1.60816326530612 0.0
1.61224489795918 0.0
1.61632653061224 0.0
1.62040816326531 0.0
1.62448979591837 0.0
1.62857142857143 0.0
1.63265306122449 0.0
1.63673469387755 0.0
1.64081632653061 0.815153
1.64489795918367 0.0
1.64897959183673 0.0
1.6530612244898 0.557065
1.65714285714286 0.583529
1.66122448979592 3.69227
1.66530612244898 0.152707
1.66938775510204 0.0
1.6734693877551 5.6088
1.67755102040816 13.6838
1.68163265306122 11.1743
1.68571428571429 4.67372
1.68979591836735 0.529051
1.69387755102041 0.0
1.69795918367347 0.0
1.70204081632653 0.0
1.70612244897959 0.0
1.71020408163265 1.37722
1.71428571428571 2.01821
1.71836734693878 0.0
1.72244897959184 0.0
1.7265306122449 0.0
1.73061224489796 0.0
1.73469387755102 0.0
1.73877551020408 0.0
1.74285714285714 0.0
1.7469387755102 0.0
1.75102040816327 0.0
1.75510204081633 0.0
1.75918367346939 0.0
1.76326530612245 1.21576
1.76734693877551 0.0
1.77142857142857 5.57113
1.77551020408163 5.22733
1.77959183673469 0.0
1.78367346938776 0.0
1.78775510204082 4.16279
1.79183673469388 0.0
1.79591836734694 0.0
1.8 0.0
1.80408163265306 0.0
1.80816326530612 0.0
1.81224489795918 0.0
1.81632653061224 0.533104
1.82040816326531 0.0
1.82448979591837 11.3693
1.82857142857143 27.5767
1.83265306122449 45.4692
1.83673469387755 70.8473
1.84081632653061 82.9102
1.84489795918367 93.4936
1.84897959183673 87.4082
1.8530612244898 72.5323
1.85714285714286 56.6202
1.86122448979592 42.9299
1.86530612244898 27.3732
1.86938775510204 15.0887
1.8734693877551 3.69847
1.87755102040816 0.0
1.88163265306122 0.0
1.88571428571429 0.0
1.88979591836735 0.0
1.89387755102041 0.0
1.89795918367347 0.0
1.90204081632653 0.0
1.90612244897959 0.0
1.91020408163265 0.0
1.91428571428571 0.0
1.91836734693878 0.0
1.92244897959184 0.0
1.9265306122449 0.0
1.93061224489796 0.0
1.93469387755102 0.0
1.93877551020408 0.0
1.94285714285714 0.0
1.9469387755102 0.0
1.95102040816327 0.0
1.95510204081633 0.0
1.95918367346939 0.0
1.96326530612245 0.0
1.96734693877551 0.0
1.97142857142857 0.0
1.97551020408163 0.0
1.97959183673469 0.0
1.98367346938776 0.0
1.98775510204082 0.0
1.99183673469388 0.0
1.99591836734694 1.08895
2.0 2.47681
2.00408163265306 3.08251
2.00816326530612 3.61478
2.01224489795918 0.0
2.01632653061225 0.0
2.02040816326531 0.0
2.02448979591837 0.0
2.02857142857143 0.0
2.03265306122449 0.0
2.03673469387755 2.13015
2.04081632653061 7.05165
2.04489795918367 14.9694
2.04897959183673 23.8508
2.0530612244898 30.7028
2.05714285714286 34.7933
2.06122448979592 40.7103
2.06530612244898 32.322
2.06938775510204 26.609
2.0734693877551 33.7734
2.07755102040816 46.2655
2.08163265306122 43.4983
2.08571428571429 49.0515
2.08979591836735 52.2914
2.09387755102041 57.32
2.09795918367347 67.8898
2.10204081632653 63.9037
2.10612244897959 56.991
2.11020408163265 40.2386
2.11428571428571 43.828
2.11836734693878 35.3166
2.12244897959184 32.2425
2.1265306122449 24.802
2.13061224489796 15.3443
2.13469387755102 6.5881
2.13877551020408 4.21166
2.14285714285714 4.57191
2.1469387755102 1.86217
2.15102040816327 0.725508
2.15510204081633 8.47787
2.15918367346939 4.18586
2.16326530612245 1.18345
2.16734693877551 0.0
2.17142857142857 0.0
2.17551020408163 0.0
2.17959183673469 0.0
2.18367346938776 0.0
2.18775510204082 0.0
2.19183673469388 0.0
2.19591836734694 0.0
2.2 0.0
2.20408163265306 0.0
2.20816326530612 0.0
2.21224489795918 0.0
2.21632653061224 0.0
2.22040816326531 0.0
2.22448979591837 0.0
2.22857142857143 0.0
2.23265306122449 0.0
2.23673469387755 3.70759
2.24081632653061 2.50149
2.24489795918367 13.1384
2.24897959183673 13.8792
2.2530612244898 8.90434
2.25714285714286 8.92252
2.26122448979592 0.541568
2.26530612244898 0.0
2.26938775510204 23.0938
2.2734693877551 19.073
2.27755102040816 12.9535
2.28163265306122 31.4744
2.28571428571429 53.2318
2.28979591836735 69.5768
2.29387755102041 77.032
2.29795918367347 72.1502
2.30204081632653 49.4728
2.30612244897959 28.0025
2.31020408163265 16.6994
2.31428571428571 2.00665
2.31836734693878 0.0
2.32244897959184 3.21472
2.3265306122449 3.94106
2.33061224489796 0.0
2.33469387755102 0.0
2.33877551020408 0.0
2.34285714285714 0.0
2.3469387755102 0.0
2.35102040816327 0.0
2.35510204081633 2.27475
2.35918367346939 0.0
2.36326530612245 0.0
2.36734693877551 0.0
2.37142857142857 0.0
2.37551020408163 0.0
2.37959183673469 0.0
2.38367346938776 0.0
2.38775510204082 0.681996
2.39183673469388 3.33238
2.39591836734694 3.39222
2.4 0.627041
2.40408163265306 0.0
2.40816326530612 0.0
2.41224489795918 0.0
2.41632653061225 0.0
2.42040816326531 0.0
2.42448979591837 0.0
2.42857142857143 0.0
2.43265306122449 0.0
2.43673469387755 1.97816
2.44081632653061 0.0
2.44489795918367 0.0
2.44897959183673 0.0
2.4530612244898 1.03569
2.45714285714286 6.3585
2.46122448979592 5.85651
2.46530612244898 6.03056
2.46938775510204 3.25179
2.4734693877551 0.967264
2.47755102040816 0.0
2.48163265306122 0.0
2.48571428571429 0.0
2.48979591836735 0.0
2.49387755102041 0.0
2.49795918367347 0.0
2.50204081632653 0.0
2.50612244897959 0.0
2.51020408163265 0.0
2.51428571428571 0.0
2.51836734693878 0.0
2.52244897959184 0.0
2.5265306122449 12.6132
2.53061224489796 23.191
2.53469387755102 34.578
2.53877551020408 29.0006
2.54285714285714 25.1438
2.5469387755102 16.6848
2.55102040816327 13.4689
2.55510204081633 10.2546
2.55918367346939 1.64056
2.56326530612245 0.0
2.56734693877551 0.878692
2.57142857142857 0.0
2.57551020408163 0.0
2.57959183673469 0.0
2.58367346938775 0.0720024
2.58775510204082 0.0
2.59183673469388 0.0
2.59591836734694 0.0
2.6 0.0
2.60408163265306 0.0
2.60816326530612 0.0
2.61224489795918 0.0
2.61632653061224 0.0
2.62040816326531 0.0
2.62448979591837 0.0
2.62857142857143 0.0
2.63265306122449 0.0
2.63673469387755 0.0
2.64081632653061 0.0
2.64489795918367 0.0
2.64897959183673 0.0
2.6530612244898 0.0
2.65714285714286 0.0
2.66122448979592 0.0
2.66530612244898 0.0
2.66938775510204 0.0
2.6734693877551 0.0
2.67755102040816 0.0
2.68163265306122 0.0
2.68571428571429 0.0
2.68979591836735 7.57319
2.69387755102041 15.8716
2.69795918367347 25.1592
2.70204081632653 38.6472
2.70612244897959 31.831
2.71020408163265 30.0578
2.71428571428571 28.4448
2.71836734693878 42.3453
2.72244897959184 53.3553
2.7265306122449 56.1366
2.73061224489796 62.9348
2.73469387755102 49.9802
2.73877551020408 35.4339
2.74285714285714 18.9549
2.7469387755102 2.89464
2.75102040816327 0.0
2.75510204081633 0.0
2.75918367346939 0.0
2.76326530612245 0.63473
2.76734693877551 0.387788
2.77142857142857 0.0
2.77551020408163 0.0
2.77959183673469 0.0
2.78367346938776 0.0
2.78775510204082 0.0
2.79183673469388 0.0
2.79591836734694 0.0
2.8 0.0
2.80408163265306 0.0
2.80816326530612 0.0
2.81224489795918 0.0
2.81632653061224 0.0
2.82040816326531 0.0
2.82448979591837 0.0
2.82857142857143 0.0
2.83265306122449 0.0
2.83673469387755 0.0
2.84081632653061 0.0
2.84489795918367 0.0
2.84897959183673 0.0
2.8530612244898 0.0
2.85714285714286 0.0
2.86122448979592 0.0
2.86530612244898 0.0
2.86938775510204 0.0
2.8734693877551 0.0215769
2.87755102040816 4.85617
2.88163265306122 9.66692
2.88571428571429 6.13463
2.88979591836735 1.87302
2.89387755102041 0.0
2.89795918367347 0.0
2.90204081632653 2.14237
2.90612244897959 8.67921
2.91020408163265 13.3395
2.91428571428571 7.42042
2.91836734693878 6.32906
2.92244897959184 2.10017
2.9265306122449 0.0
2.93061224489796 0.0
2.93469387755102 0.0
2.93877551020408 0.0
2.94285714285714 0.0
2.9469387755102 0.0
2.95102040816327 0.0
2.95510204081633 0.0
2.95918367346939 0.0
2.96326530612245 0.0
2.96734693877551 0.61214
2.97142857142857 0.0
2.97551020408163 0.0
2.97959183673469 0.0
2.98367346938775 0.0
2.98775510204082 0.0
2.99183673469388 0.0
2.99591836734694 0.0
3.0 0.0
3.00408163265306 0.0
3.00816326530612 0.0
3.01224489795918 0.0
3.01632653061225 0.0
3.02040816326531 0.0
3.02448979591837 0.0
3.02857142857143 2.56091
3.03265306122449 5.62799
3.03673469387755 4.91476
3.04081632653061 6.77896
3.04489795918367 4.24695
3.04897959183673 0.0
3.0530612244898 0.0
3.05714285714286 0.0
3.06122448979592 0.0
3.06530612244898 0.0
3.06938775510204 0.0
3.0734693877551 0.0
3.07755102040816 0.0
3.08163265306122 0.0
3.08571428571429 0.0
3.08979591836735 0.0
3.09387755102041 0.0
3.09795918367347 0.0
3.10204081632653 0.0
3.10612244897959 1.5204
3.11020408163265 1.68455
3.11428571428571 2.01774
3.11836734693878 8.1718
3.12244897959184 7.8187
3.1265306122449 8.35478
3.13061224489796 13.1156
3.13469387755102 10.0434
3.13877551020408 18.6903
3.14285714285714 34.2988
3.1469387755102 60.1065
3.15102040816327 68.8839
3.15510204081633 78.8015
3.15918367346939 81.238
3.16326530612245 83.8737
3.16734693877551 80.0726
3.17142857142857 61.8708
3.17551020408163 37.8059
3.17959183673469 17.1159
3.18367346938776 2.52903
3.18775510204082 0.0
3.19183673469388 0.0
3.19591836734694 0.0
3.2 0.0
3.20408163265306 0.0
3.20816326530612 0.0
3.21224489795918 0.0
3.21632653061224 0.0
3.22040816326531 0.0
3.22448979591837 0.0
3.22857142857143 0.0
3.23265306122449 0.0
3.23673469387755 0.0
3.24081632653061 0.0
3.24489795918367 0.0
3.24897959183673 0.0
3.2530612244898 0.0
3.25714285714286 0.0
3.26122448979592 0.0
3.26530612244898 0.0
3.26938775510204 0.0
3.2734693877551 0.0
3.27755102040816 0.0
3.28163265306122 0.0
3.28571428571429 0.0
3.28979591836735 0.0
3.29387755102041 0.0
3.29795918367347 0.0
3.30204081632653 0.0
3.30612244897959 0.0
3.31020408163265 1.84011
3.31428571428571 0.0
3.31836734693878 1.68151
3.32244897959184 0.37688
3.3265306122449 0.646651
3.33061224489796 0.0
3.33469387755102 0.0
3.33877551020408 0.0
3.34285714285714 0.0
3.3469387755102 0.0
3.35102040816327 0.0
3.35510204081633 0.0
3.35918367346939 0.0
3.36326530612245 0.0
3.36734693877551 0.0
3.37142857142857 0.0
3.37551020408163 0.0221729
3.37959183673469 5.18745
3.38367346938776 7.75522
3.38775510204082 17.9741
3.39183673469388 26.0563
3.39591836734694 36.8162
3.4 41.2676
3.40408163265306 44.8931
3.40816326530612 55.6479
3.41224489795918 55.1488
3.41632653061225 52.7281
3.42040816326531 47.7663
3.42448979591837 36.427
3.42857142857143 28.9615
3.43265306122449 18.8422
3.43673469387755 10.3016
3.44081632653061 2.49696
3.44489795918367 0.0
3.44897959183673 0.0
3.4530612244898 0.0
3.45714285714286 0.0
3.46122448979592 0.0
3.46530612244898 0.0
3.46938775510204 0.0
3.4734693877551 0.0
3.47755102040816 0.0
3.48163265306122 1.38015
3.48571428571429 1.69873
3.48979591836735 3.14957
3.49387755102041 4.04596
3.49795918367347 5.153
3.50204081632653 6.95318
3.50612244897959 8.50213
3.51020408163265 10.6725
3.51428571428571 9.61834
3.51836734693878 6.02758
3.52244897959184 3.98314
3.5265306122449 0.440121
3.53061224489796 0.0
3.53469387755102 0.0
3.53877551020408 0.0
3.54285714285714 0.0
3.5469387755102 1.8816
3.55102040816327 0.77343
3.55510204081633 1.526
3.55918367346939 1.70898
3.56326530612245 6.56432
3.56734693877551 9.30476
3.57142857142857 5.96237
3.57551020408163 12.4376
3.57959183673469 25.6589
3.58367346938775 42.5199
3.58775510204082 56.3709
3.59183673469388 67.0782
3.59591836734694 70.336
3.6 74.2321
3.60408163265306 61.0735
3.60816326530612 44.7659
3.61224489795918 31.4317
3.61632653061224 13.5776
3.62040816326531 2.51842
3.62448979591837 0.0
3.62857142857143 0.0
3.63265306122449 0.0
3.63673469387755 0.0
3.64081632653061 0.0
3.64489795918367 0.0
3.64897959183673 0.0
3.6530612244898 0.0
3.65714285714286 0.0
3.66122448979592 0.0
3.66530612244898 0.0
3.66938775510204 3.92115
3.6734693877551 1.22941
3.67755102040816 0.0
3.68163265306122 0.0
3.68571428571429 0.0
3.68979591836735 0.0
3.69387755102041 0.0
3.69795918367347 0.0
3.70204081632653 0.0
3.70612244897959 0.0
3.71020408163265 0.0
3.71