0.00408163265306122 107.058
0.00816326530612245 99.3694
0.0122448979591837 92.6348
0.0163265306122449 94.1309
0.0204081632653061 72.9702
0.0244897959183673 60.6864
0.0285714285714286 60.6822
0.0326530612244898 53.0606
0.036734693877551 50.6798
0.0408163265306122 44.3331
0.0448979591836735 32.1895
0.0489795918367347 24.9201
0.0530612244897959 15.629
0.0571428571428571 7.89346
0.0612244897959184 5.10608
0.0653061224489796 4.06325
0.0693877551020408 3.78737
0.073469387755102 2.60753
0.0775510204081633 2.11688
0.0816326530612245 5.95777
0.0857142857142857 5.27096
0.0897959183673469 6.17417
0.0938775510204082 6.82703
0.0979591836734694 7.82618
0.102040816326531 9.47576
0.106122448979592 12.6333
0.110204081632653 15.8354
0.114285714285714 42.3327
0.118367346938776 58.8605
0.122448979591837 72.0699
0.126530612244898 82.1414
0.130612244897959 83.3587
0.13469387755102 83.5325
0.138775510204082 82.2998
0.142857142857143 66.0915
0.146938775510204 56.7176
0.151020408163265 48.598
0.155102040816327 37.0512
0.159183673469388 29.825
0.163265306122449 17.9528
0.16734693877551 20.1616
0.171428571428571 12.7826
0.175510204081633 14.8641
0.179591836734694 8.64074
0.183673469387755 13.0223
0.187755102040816 7.82227
0.191836734693878 7.59995
0.195918367346939 7.97947
0.2 7.09184
0.204081632653061 9.23887
0.208163265306122 13.0907
0.212244897959184 78.0442
0.216326530612245 144.468
0.220408163265306 121.174
0.224489795918367 142.009
0.228571428571429 131.385
0.23265306122449 143.589
0.236734693877551 144.24
0.240816326530612 138.469
0.244897959183673 116.595
0.248979591836735 96.132
0.253061224489796 68.1954
0.257142857142857 62.2315
0.261224489795918 41.7091
0.26530612244898 27.4472
0.269387755102041 23.5064
0.273469387755102 22.5244
0.277551020408163 16.444
0.281632653061224 15.9324
0.285714285714286 10.7822
0.289795918367347 5.95254
0.293877551020408 2.93022
0.297959183673469 3.462
0.302040816326531 2.75887
0.306122448979592 8.09984
0.310204081632653 2.0833
0.314285714285714 7.02429
0.318367346938775 6.86309
0.322448979591837 1.03428
0.326530612244898 2.9577
0.330612244897959 1.28032
0.33469387755102 0.0
0.338775510204082 3.48101
0.342857142857143 3.56267
0.346938775510204 0.0
0.351020408163265 8.81142
0.355102040816327 1.44947
0.359183673469388 0.348374
0.363265306122449 6.09707
0.36734693877551 7.21939
0.371428571428571 7.098
0.375510204081633 25.8831
0.379591836734694 4.82622
0.383673469387755 26.6966
0.387755102040816 57.5988
0.391836734693878 53.982
0.395918367346939 43.0898
0.4 22.6999
0.404081632653061 15.2543
0.408163265306122 20.3946
0.412244897959184 9.46858
0.416326530612245 9.32366
0.420408163265306 18.5596
0.424489795918367 41.3907
0.428571428571429 65.5356
0.43265306122449 94.7922
0.436734693877551 131.356
0.440816326530612 122.13
0.444897959183673 176.265
0.448979591836735 189.505
0.453061224489796 166.067
0.457142857142857 139.302
0.461224489795918 108.201
0.46530612244898 78.5137
0.469387755102041 55.3165
0.473469387755102 35.0489
0.477551020408163 19.8385
0.481632653061224 8.87653
0.485714285714286 4.36033
0.489795918367347 5.46248
0.493877551020408 6.55966
0.497959183673469 6.72371
0.502040816326531 6.35004
0.506122448979592 5.79068
0.510204081632653 5.26607
0.514285714285714 4.17241
0.518367346938776 2.70801
0.522448979591837 5.94412
0.526530612244898 0.798563
0.530612244897959 0.0
0.53469387755102 0.131076
0.538775510204082 0.585333
0.542857142857143 0.913064
0.546938775510204 5.88846
0.551020408163265 13.0854
0.555102040816327 5.23924
0.559183673469388 7.46074
0.563265306122449 17.9954
0.56734693877551 40.6592
0.571428571428571 44.7986
0.575510204081633 36.0033
0.579591836734694 87.6518
0.583673469387755 94.8655
0.587755102040816 85.1252
0.591836734693878 88.8567
0.595918367346939 82.5076
0.6 70.9701
0.604081632653061 54.4177
0.608163265306122 33.6619
0.612244897959184 25.0462
0.616326530612245 18.2926
0.620408163265306 27.962
0.624489795918367 75.8056
0.628571428571429 99.1911
0.63265306122449 166.471
0.636734693877551 225.427
0.640816326530612 259.139
0.644897959183673 255.576
0.648979591836735 225.67
0.653061224489796 205.284
0.657142857142857 168.604
0.661224489795918 129.475
0.66530612244898 100.393
0.669387755102041 76.9024
0.673469387755102 50.1068
0.677551020408163 33.372
0.681632653061224 21.5029
0.685714285714286 16.1891
0.689795918367347 10.9797
0.693877551020408 9.64163
0.697959183673469 9.28251
0.702040816326531 7.07091
0.706122448979592 7.70466
0.710204081632653 5.81661
0.714285714285714 8.61928
0.718367346938775 9.04347
0.722448979591837 3.91755
0.726530612244898 8.39887
0.730612244897959 2.76846
0.73469387755102 6.04199
0.738775510204082 3.02336
0.742857142857143 1.11628
0.746938775510204 3.99444
0.751020408163265 31.6445
0.755102040816326 1.84592
0.759183673469388 0.629192
0.763265306122449 127.313
0.76734693877551 1.80856
0.771428571428571 89.0714
0.775510204081633 78.9259
0.779591836734694 1.24648
0.783673469387755 39.3509
0.787755102040816 2.182
0.791836734693877 15.331
0.795918367346939 7.48851
0.8 16.5288
0.804081632653061 57.8329
0.808163265306122 2.64679
0.812244897959184 23.116
0.816326530612245 118.454
0.820408163265306 45.675
0.824489795918367 95.0586
0.828571428571429 92.1337
0.83265306122449 197.953
0.836734693877551 202.504
0.840816326530612 191.829
0.844897959183673 173.883
0.848979591836735 145.334
0.853061224489796 132.201
0.857142857142857 108.806
0.861224489795918 85.4425
0.86530612244898 58.1356
0.869387755102041 41.8849
0.873469387755102 29.7902
0.877551020408163 19.4025
0.881632653061225 14.6789
0.885714285714286 12.484
0.889795918367347 11.4537
0.893877551020408 10.8426
0.897959183673469 9.84711
0.902040816326531 9.98969
0.906122448979592 7.51023
0.910204081632653 28.2576
0.914285714285714 16.9135
0.918367346938776 23.0039
0.922448979591837 3.45843
0.926530612244898 2.58661
0.930612244897959 2.01179
0.93469387755102 1.4781
0.938775510204082 1.05401
0.942857142857143 0.855466
0.946938775510204 0.574787
0.951020408163265 1.78988
0.955102040816327 0.430524
0.959183673469388 0.681827
0.963265306122449 26.1567
0.96734693877551 1.15888
0.971428571428571 0.356217
0.975510204081633 8.72746
0.979591836734694 26.77
0.983673469387755 9.35855
0.987755102040816 0.223522
0.991836734693878 2.79339
0.995918367346939 11.2713
1.0 0.0
1.00408163265306 11.3607
1.00816326530612 32.8465
1.01224489795918 62.5116
1.01632653061224 16.6961
1.02040816326531 147.042
1.02448979591837 162.578
1.02857142857143 126.018
1.03265306122449 137.65
1.03673469387755 146.38
1.04081632653061 139.766
1.04489795918367 130.505
1.04897959183673 107.72
1.0530612244898 91.7274
1.05714285714286 81.6664
1.06122448979592 63.3327
1.06530612244898 54.0454
1.06938775510204 46.7607
1.0734693877551 36.9278
1.07755102040816 29.2537
1.08163265306122 21.5705
1.08571428571429 17.5348
1.08979591836735 15.2581
1.09387755102041 13.1561
1.09795918367347 11.5064
1.10204081632653 8.76233
1.10612244897959 8.56933
1.11020408163265 11.844
1.11428571428571 11.3938
1.11836734693878 10.0002
1.12244897959184 10.185
1.1265306122449 9.90263
1.13061224489796 7.95601
1.13469387755102 6.2827
1.13877551020408 28.2218
1.14285714285714 1.77
1.1469387755102 0.0
1.15102040816327 0.0
1.15510204081633 0.0
1.15918367346939 0.0
1.16326530612245 0.0
1.16734693877551 120.663
1.17142857142857 3.5309
1.17551020408163 1.90282
1.17959183673469 0.213698
1.18367346938776 0.566552
1.18775510204082 23.0882
1.19183673469388 0.335539
1.19591836734694 61.8105
1.2 15.8752
1.20408163265306 158.868
1.20816326530612 44.1079
1.21224489795918 80.3563
1.21632653061224 73.9638
1.22040816326531 120.771
1.22448979591837 95.6791
1.22857142857143 81.5613
1.23265306122449 118.976
1.23673469387755 142.119
1.24081632653061 149.556
1.24489795918367 162.184
1.24897959183673 145.708
1.2530612244898 126.829
1.25714285714286 91.9635
1.26122448979592 70.0751
1.26530612244898 54.8525
1.26938775510204 36.1173
1.2734693877551 24.9758
1.27755102040816 18.4503
1.28163265306122 14.0928
1.28571428571429 11.0565
1.28979591836735 15.3488
1.29387755102041 18.4081
1.29795918367347 19.2698
1.30204081632653 17.3752
1.30612244897959 14.9774
1.31020408163265 14.0782
1.31428571428571 22.8423
1.31836734693878 21.8658
1.32244897959184 11.9495
1.3265306122449 14.2859
1.33061224489796 11.8888
1.33469387755102 10.3876
1.33877551020408 8.30669
1.34285714285714 21.8829
1.3469387755102 4.39807
1.35102040816327 12.0514
1.35510204081633 2.79927
1.35918367346939 3.02041
1.36326530612245 2.69649
1.36734693877551 2.36158
1.37142857142857 17.1074
1.37551020408163 80.406
1.37959183673469 47.6778
1.38367346938776 133.013
1.38775510204082 156.001
1.39183673469388 188.875
1.39591836734694 138.856
1.4 129.549
1.40408163265306 106.134
1.40816326530612 92.0384
1.41224489795918 71.3391
1.41632653061225 61.3735
1.42040816326531 53.4787
1.42448979591837 35.1032
1.42857142857143 39.2624
1.43265306122449 51.9223
1.43673469387755 42.6187
1.44081632653061 55.2007
1.44489795918367 65.9551
1.44897959183673 65.4017
1.4530612244898 73.095
1.45714285714286 83.6394
1.46122448979592 82.8824
1.46530612244898 76.4587
1.46938775510204 58.9039
1.4734693877551 44.7276
1.47755102040816 38.6406
1.48163265306122 31.3363
1.48571428571429 24.6979
1.48979591836735 19.4822
1.49387755102041 14.4474
1.49795918367347 9.47886
1.50204081632653 6.35669
1.50612244897959 5.15337
1.51020408163265 2.43476
1.51428571428571 2.09319
1.51836734693878 2.75551
1.52244897959184 2.37248
1.5265306122449 1.90245
1.53061224489796 1.77926
1.53469387755102 1.40848
1.53877551020408 0.770812
1.54285714285714 0.373329
1.5469387755102 0.0
1.55102040816327 0.0
1.55510204081633 0.0
1.55918367346939 0.0
1.56326530612245 0.0
1.56734693877551 0.0
1.57142857142857 0.0
1.57551020408163 0.0404765
1.57959183673469 0.0
1.58367346938775 0.0
1.58775510204082 0.88038
1.59183673469388 0.0
1.59591836734694 0.0
1.6 6.26679
1.60408163265306 9.10119
1.60816326530612 20.1349
1.61224489795918 11.6985
1.61632653061224 20.5206
1.62040816326531 35.7168
1.62448979591837 22.2269
1.62857142857143 28.4034
1.63265306122449 35.2818
1.63673469387755 38.5288
1.64081632653061 39.2175
1.64489795918367 45.5286
1.64897959183673 45.5604
1.6530612244898 47.7088
1.65714285714286 45.2549
1.66122448979592 39.0242
1.66530612244898 30.7267
1.66938775510204 19.9276
1.6734693877551 14.2038
1.67755102040816 14.7024
1.68163265306122 14.4611
1.68571428571429 16.2071
1.68979591836735 17.6772
1.69387755102041 18.4947
1.69795918367347 19.0116
1.70204081632653 17.0533
1.70612244897959 14.3401
1.71020408163265 9.45961
1.71428571428571 5.69807
1.71836734693878 10.1713
1.72244897959184 8.36572
1.7265306122449 25.5675
1.73061224489796 27.6957
1.73469387755102 61.9675
1.73877551020408 85.4871
1.74285714285714 104.82
1.7469387755102 114.367
1.75102040816327 109.886
1.75510204081633 99.5659
1.75918367346939 86.2545
1.76326530612245 67.6229
1.76734693877551 46.964
1.77142857142857 27.6487
1.77551020408163 11.6642
1.77959183673469 4.14874
1.78367346938776 5.42348
1.78775510204082 6.25633
1.79183673469388 6.94644
1.79591836734694 6.97346
1.8 5.48338
1.80408163265306 6.20381
1.80816326530612 5.54233
1.81224489795918 4.28408
1.81632653061224 3.24379
1.82040816326531 3.36515
1.82448979591837 7.91646
1.82857142857143 20.3997
1.83265306122449 24.271
1.83673469387755 38.1787
1.84081632653061 41.5013
1.84489795918367 42.9805
1.84897959183673 41.7168
1.8530612244898 45.3933
1.85714285714286 43.8613
1.86122448979592 42.8572
1.86530612244898 38.4361
1.86938775510204 37.6141
1.8734693877551 30.6242
1.87755102040816 20.5533
1.88163265306122 15.4559
1.88571428571429 17.4015
1.88979591836735 20.0448
1.89387755102041 18.8398
1.89795918367347 15.2779
1.90204081632653 10.181
1.90612244897959 3.91403
1.91020408163265 0.504239
1.91428571428571 0.78549
1.91836734693878 3.73408
1.92244897959184 2.83126
1.9265306122449 5.22282
1.93061224489796 5.15827
1.93469387755102 4.46997
1.93877551020408 3.52152
1.94285714285714 5.9152
1.9469387755102 5.30861
1.95102040816327 14.0058
1.95510204081633 1.05126
1.95918367346939 24.7428
1.96326530612245 0.0953227
1.96734693877551 0.0912348
1.97142857142857 16.2038
1.97551020408163 24.0329
1.97959183673469 14.0231
1.98367346938776 45.1643
1.98775510204082 38.3728
1.99183673469388 45.5608
1.99591836734694 88.6121
2.0 98.3798
2.00408163265306 118.262
2.00816326530612 113.015
2.01224489795918 213.173
2.01632653061225 160.991
2.02040816326531 163.984
2.02448979591837 286.523
2.02857142857143 255.779
2.03265306122449 213.461
2.03673469387755 210.223
2.04081632653061 190.532
2.04489795918367 165.846
2.04897959183673 140.598
2.0530612244898 112.879
2.05714285714286 85.0562
2.06122448979592 68.6086
2.06530612244898 58.1341
2.06938775510204 46.4585
2.0734693877551 39.7947
2.07755102040816 33.2769
2.08163265306122 29.8428
2.08571428571429 24.968
2.08979591836735 20.517
2.09387755102041 16.4852
2.09795918367347 12.529
2.10204081632653 10.6424
2.10612244897959 6.22468
2.11020408163265 4.76712
2.11428571428571 3.09014
2.11836734693878 5.56357
2.12244897959184 1.46104
2.1265306122449 3.21436
2.13061224489796 2.44714
2.13469387755102 1.13891
2.13877551020408 0.948414
2.14285714285714 2.00406
2.1469387755102 1.94665
2.15102040816327 0.0
2.15510204081633 4.4942
2.15918367346939 2.36662
2.16326530612245 6.93558
2.16734693877551 9.3742
2.17142857142857 10.6666
2.17551020408163 11.9135
2.17959183673469 16.3479
2.18367346938776 13.2012
2.18775510204082 6.92717
2.19183673469388 4.14276
2.19591836734694 0.0
2.2 0.0
2.20408163265306 14.863
2.20816326530612 0.0
2.21224489795918 24.6614
2.21632653061224 98.6975
2.22040816326531 37.0885
2.22448979591837 44.0433
2.22857142857143 68.1479
2.23265306122449 86.2899
2.23673469387755 99.9663
2.24081632653061 119.515
2.24489795918367 126.113
2.24897959183673 133.086
2.2530612244898 122.009
2.25714285714286 106.603
2.26122448979592 95.6291
2.26530612244898 73.4034
2.26938775510204 61.1772
2.2734693877551 51.2261
2.27755102040816 32.8892
2.28163265306122 23.9934
2.28571428571429 18.7426
2.28979591836735 16.5027
2.29387755102041 8.95786
2.29795918367347 3.49704
2.30204081632653 1.82539
2.30612244897959 2.85451
2.31020408163265 6.43395
2.31428571428571 5.27273
2.31836734693878 4.26913
2.32244897959184 6.54763
2.3265306122449 9.0612
2.33061224489796 13.0748
2.33469387755102 5.52941
2.33877551020408 2.87146
2.34285714285714 1.93122
2.3469387755102 4.25073
2.35102040816327 5.9744
2.35510204081633 4.34406
2.35918367346939 6.87004
2.36326530612245 5.06131
2.36734693877551 10.2074
2.37142857142857 16.101
2.37551020408163 9.08117
2.37959183673469 12.9205
2.38367346938776 9.2074
2.38775510204082 5.63356
2.39183673469388 1.53374
2.39591836734694 0.480006
2.4 0.710275
2.40408163265306 7.81743
2.40816326530612 21.9731
2.41224489795918 16.0044
2.41632653061225 61.5501
2.42040816326531 63.9208
2.42448979591837 61.5503
2.42857142857143 58.106
2.43265306122449 61.6139
2.43673469387755 74.249
2.44081632653061 96.5797
2.44489795918367 97.869
2.44897959183673 87.4048
2.4530612244898 75.2014
2.45714285714286 54.8389
2.46122448979592 38.0169
2.46530612244898 25.3835
2.46938775510204 19.6084
2.4734693877551 11.4243
2.47755102040816 9.82152
2.48163265306122 6.98284
2.48571428571429 5.27788
2.48979591836735 7.31154
2.49387755102041 11.1399
2.49795918367347 16.7235
2.50204081632653 16.6424
2.50612244897959 14.5104
2.51020408163265 9.33941
2.51428571428571 13.7733
2.51836734693878 15.6083
2.52244897959184 14.9535
2.5265306122449 15.5258
2.53061224489796 13.8041
2.53469387755102 8.53447
2.53877551020408 15.7078
2.54285714285714 61.3898
2.5469387755102 93.8976
2.55102040816327 102.191
2.55510204081633 91.7036
2.55918367346939 79.8132
2.56326530612245 64.2968
2.56734693877551 48.3838
2.57142857142857 32.4516
2.57551020408163 20.09
2.57959183673469 16.1354
2.58367346938775 13.8588
2.58775510204082 12.398
2.59183673469388 4.6505
2.59591836734694 3.59198
2.6 4.12403
2.60408163265306 4.76866
2.60816326530612 5.26983
2.61224489795918 11.5447
2.61632653061224 21.9519
2.62040816326531 27.282
2.62448979591837 25.3501
2.62857142857143 29.0147
2.63265306122449 41.3344
2.63673469387755 45.7076
2.64081632653061 53.1918
2.64489795918367 76.5625
2.64897959183673 94.8698
2.6530612244898 101.521
2.65714285714286 93.8244
2.66122448979592 73.6232
2.66530612244898 56.9262
2.66938775510204 36.548
2.6734693877551 29.4699
2.67755102040816 23.351
2.68163265306122 17.8956
2.68571428571429 14.3088
2.68979591836735 10.1189
2.69387755102041 7.03456
2.69795918367347 5.77383
2.70204081632653 3.98514
2.70612244897959 19.5846
2.71020408163265 11.9723
2.71428571428571 16.2964
2.71836734693878 50.557
2.72244897959184 107.941
2.7265306122449 127.283
2.73061224489796 123.488
2.73469387755102 121.947
2.73877551020408 115.149
2.74285714285714 114.539
2.7469387755102 92.616
2.75102040816327 67.4519
2.75510204081633 49.9804
2.75918367346939 45.7706
2.76326530612245 33.2918
2.76734693877551 23.8705
2.77142857142857 17.4753
2.77551020408163 10.3122
2.77959183673469 8.37804
2.78367346938776 4.35317
2.78775510204082 0.152205
2.79183673469388 2.74875
2.79591836734694 18.3466
2.8 1.02882
2.80408163265306 1.34458
2.80816326530612 43.1604
2.81224489795918 55.3883
2.81632653061224 35.146
2.82040816326531 33.641
2.82448979591837 57.4412
2.82857142857143 42.0075
2.83265306122449 56.4252
2.83673469387755 61.5199
2.84081632653061 32.9828
2.84489795918367 41.3554
2.84897959183673 43.3361
2.8530612244898 40.0431
2.85714285714286 30.2946
2.86122448979592 23.7227
2.86530612244898 19.7272
2.86938775510204 18.8226
2.8734693877551 17.7685
2.87755102040816 20.6022
2.88163265306122 25.8035
2.88571428571429 26.7536
2.88979591836735 24.0815
2.89387755102041 27.0819
2.89795918367347 28.6835
2.90204081632653 27.2371
2.90612244897959 23.3649
2.91020408163265 18.6747
2.91428571428571 14.2242
2.91836734693878 6.64929
2.92244897959184 8.33415
2.9265306122449 8.64232
2.93061224489796 7.19847
2.93469387755102 5.009
2.93877551020408 2.73374
2.94285714285714 3.419
2.9469387755102 4.63617
2.95102040816327 10.7378
2.95510204081633 8.3475
2.95918367346939 23.518
2.96326530612245 28.8966
2.96734693877551 27.7163
2.97142857142857 27.4455
2.97551020408163 14.7985
2.97959183673469 3.51577
2.98367346938775 1.29568
2.98775510204082 2.50555
2.99183673469388 6.79453
2.99591836734694 3.47907
3.0 2.40421
3.00408163265306 1.48024
3.00816326530612 0.753815
3.01224489795918 8.30019
3.01632653061225 0.501598
3.02040816326531 0.528018
3.02448979591837 7.17841
3.02857142857143 19.644
3.03265306122449 9.24322
3.03673469387755 17.9591
3.04081632653061 35.2967
3.04489795918367 51.9592
3.04897959183673 59.8581
3.0530612244898 84.6019
3.05714285714286 76.4002
3.06122448979592 87.2645
3.06530612244898 94.4743
3.06938775510204 104.445
3.0734693877551 116.956
3.07755102040816 127.619
3.08163265306122 124.796
3.08571428571429 117.306
3.08979591836735 104.491
3.09387755102041 89.9609
3.09795918367347 69.7622
3.10204081632653 56.2158
3.10612244897959 48.9492
3.11020408163265 40.8736
3.11428571428571 40.6134
3.11836734693878 31.6797
3.12244897959184 26.2339
3.1265306122449 23.6595
3.13061224489796 19.0374
3.13469387755102 13.8327
3.13877551020408 13.2122
3.14285714285714 10.292
3.1469387755102 6.18074
3.15102040816327 5.7376
3.15510204081633 2.67149
3.15918367346939 2.02256
3.16326530612245 4.09433
3.16734693877551 0.549257
3.17142857142857 0.283758
3.17551020408163 1.24528
3.17959183673469 6.75234
3.18367346938776 4.78901
3.18775510204082 0.172863
3.19183673469388 0.0
3.19591836734694 12.2857
3.2 0.0
3.20408163265306 17.0764
3.20816326530612 0.141044
3.21224489795918 0.0
3.21632653061224 7.55702
3.22040816326531 0.0
3.22448979591837 0.0
3.22857142857143 0.663976
3.23265306122449 0.000715256
3.23673469387755 12.1286
3.24081632653061 26.4504
3.24489795918367 34.8992
3.24897959183673 35.7678
3.2530612244898 91.6539
3.25714285714286 129.029
3.26122448979592 117.633
3.26530612244898 96.5658
3.26938775510204 75.6767
3.2734693877551 71.9481
3.27755102040816 60.855
3.28163265306122 50.2937
3.28571428571429 38.9341
3.28979591836735 27.9041
3.29387755102041 19.2095
3.29795918367347 10.6553
3.30204081632653 2.27594
3.30612244897959 0.0
3.31020408163265 0.0
3.31428571428571 18.3226
3.31836734693878 29.7299
3.32244897959184 29.546
3.3265306122449 26.9894
3.33061224489796 22.4508
3.33469387755102 18.2623
3.33877551020408 16.9255
3.34285714285714 16.6765
3.3469387755102 15.0325
3.35102040816327 17.4585
3.35510204081633 23.5936
3.35918367346939 36.1151
3.36326530612245 60.3874
3.36734693877551 91.2648
3.37142857142857 87.5962
3.37551020408163 87.9678
3.37959183673469 83.3531
3.38367346938776 80.49
3.38775510204082 79.4728
3.39183673469388 78.3853
3.39591836734694 76.0429
3.4 72.6433
3.40408163265306 62.242
3.40816326530612 52.4711
3.41224489795918 48.4283
3.41632653061225 36.3628
3.42040816326531 26.5207
3.42448979591837 21.6343
3.42857142857143 10.8886
3.43265306122449 8.37153
3.43673469387755 6.17833
3.44081632653061 5.22153
3.44489795918367 3.75491
3.44897959183673 3.33337
3.4530612244898 3.23489
3.45714285714286 3.20029
3.46122448979592 3.27337
3.46530612244898 2.99875
3.46938775510204 3.13532
3.4734693877551 3.4844
3.47755102040816 11.1011
3.48163265306122 18.0612
3.48571428571429 34.6063
3.48979591836735 75.2911
3.49387755102041 78.55
3.49795918367347 102.907
3.50204081632653 101.145
3.50612244897959 94.5092
3.51020408163265 85.4005
3.51428571428571 74.3244
3.51836734693878 58.7406
3.52244897959184 47.8591
3.5265306122449 40.9497
3.53061224489796 38.0199
3.53469387755102 35.7268
3.53877551020408 33.4128
3.54285714285714 29.9869
3.5469387755102 25.7763
3.55102040816327 20.8128
3.55510204081633 16.5648
3.55918367346939 11.3185
3.56326530612245 5.78356
3.56734693877551 0.0
3.57142857142857 0.0
3.57551020408163 1.38997
3.57959183673469 0.117066
3.58367346938775 0.711958
3.58775510204082 24.9286
3.59183673469388 56.8734
3.59591836734694 75.0899
3.6 109.421
3.60408163265306 113.658
3.60816326530612 110.057
3.61224489795918 97.0929
3.61632653061224 79.5006
3.62040816326531 57.7508
3.62448979591837 46.5928
3.62857142857143 33.7727
3.63265306122449 24.5232
3.63673469387755 21.177
3.64081632653061 13.185
3.64489795918367 8.16343
3.64897959183673 8.00854
3.6530612244898 1.90897
3.65714285714286 0.929763
3.66122448979592 6.78759
3.66530612244898 21.7513
3.66938775510204 101.087
3.6734693877551 99.6449
3.67755102040816 75.7709
3.68163265306122 77.9924
3.68571428571429 64.8547
3.68979591836735 122.466
3.69387755102041 105.534
3.69795918367347 81.9426
3.70204081632653 78.7521
3.70612244897959 80.0099
3.71020408163265 63.2267
3.71428571428571 43.9455
3.71836734693878 37.3883
3.72244897959184 34.2527
3.7265306122449 31.6284
3.73061224489796 21.2565
3.73469387755102 13.6721
3.73877551020408 6.92165
3.74285714285714 3.19827
3.7469387755102 2.52024
3.75102040816327 4.8245
3.75510204081633 0.196248
3.75918367346939 5.89646
3.76326530612245 10.7591
3.76734693877551 15.8779
3.77142857142857 10.2482
3.77551020408163 19.9438
3.77959183673469 21.3614
3.78367346938776 38.9195
3.78775510204082 55.0295
3.79183673469388 69.652
3.79591836734694 62.2446
3.8 68.0408
3.80408163265306 45.9533
3.80816326530612 39.4131
3.81224489795918 25.8974
3.81632653061224 16.3642
3.82040816326531 14.2783
3.82448979591837 7.58292
3.82857142857143 9.56036
3.83265306122449 3.03862
3.83673469387755 1.71868
3.84081632653061 4.73473
3.84489795918367 1.25549
3.84897959183673 1.89593
3.8530612244898 0.522037
3.85714285714286 2.6338
3.86122448979592 24.7732
3.86530612244898 3.89647
3.86938775510204 16.5385
3.8734693877551 17.2897
3.87755102040816 34.899
3.88163265306122 54.8147
3.88571428571429 72.8258
3.88979591836735 77.1087
3.89387755102041 92.9351
3.89795918367347 139.717
3.90204081632653 145.224
3.90612244897959 143.055
3.91020408163265 119.51
3.91428571428571 102.662
3.91836734693878 85.4075
3.92244897959184 73.4046
3.9265306122449 57.1021
3.93061224489796 46.0504
3.93469387755102 30.8198
3.93877551020408 26.5501
3.94285714285714 17.7774
3.9469387755102 11.2431
3.95102040816327 10.9807
3.95510204081633 8.45896
3.95918367346939 7.78482
3.96326530612245 4.95472
3.96734693877551 6.22514
3.97142857142857 2.32125
3.97551020408163 4.57638
3.97959183673469 3.21975
3.98367346938775 4.28633
3.98775510204082 4.73751
3.99183673469388 4.64926
3.99591836734694 3.9482
4.0 15.3219
4.00408163265306 3.38377
4.00816326530612 2.91215
4.01224489795918 4.39511
4.01632653061225 3.14781
4.02040816326531 2.87817
4.02448979591837 2.6643
4.02857142857143 2.83705
4.03265306122449 3.98382
4.03673469387755 1.40443
4.04081632653061 3.72068
4.04489795918367 0.659381
4.04897959183673 0.448883
4.0530612244898 0.240162
4.05714285714286 0.308027
4.06122448979592 0.872393
4.06530612244898 0.0
4.06938775510204 0.311871
4.0734693877551 12.1911
4.07755102040816 2.016
4.08163265306122 19.8915
4.08571428571429 54.4438
4.08979591836735 80.2078
4.09387755102041 63.381
4.09795918367347 116.459
4.10204081632653 119.35
4.10612244897959 101.184
4.11020408163265 90.1078
4.11428571428571 77.2834
4.11836734693878 61.5609
4.12244897959184 42.6231
4.1265306122449 30.1829
4.13061224489796 22.8929
4.13469387755102 17.5215
4.13877551020408 13.0262
4.14285714285714 10.6591
4.1469387755102 12.3339
4.15102040816326 13.3433
4.15510204081633 15.4327
4.15918367346939 17.5891
4.16326530612245 19.178
4.16734693877551 18.5674
4.17142857142857 17.5623
4.17551020408163 13.6081
4.17959183673469 11.6929
4.18367346938776 11.029
4.18775510204082 14.8534
4.19183673469388 12.487
4.19591836734694 16.3706
4.2 18.3214
4.20408163265306 17.5512
4.20816326530612 22.1258
4.21224489795918 27.9372
4.21632653061225 37.6249
4.22040816326531 49.6071
4.22448979591837 52.6912
4.22857142857143 84.8147
4.23265306122449 93.0628
4.23673469387755 96.6222
4.24081632653061 68.3644
4.24489795918367 46.3973
4.24897959183673 35.5667
4.2530612244898 26.3371
4.25714285714286 19.6557
4.26122448979592 14.0037
4.26530612244898 7.09413
4.26938775510204 4.87585
4.2734693877551 5.71157
4.27755102040816 5.77226
4.28163265306122 6.84823
4.28571428571429 8.44459
4.28979591836735 8.31912
4.29387755102041 8.72236
4.29795918367347 9.65208
4.30204081632653 14.2307
4.30612244897959 22.3807
4.31020408163265 31.7488
4.31428571428571 52.5694
4.31836734693878 66.9375
4.32244897959184 122.167
4.3265306122449 117.874
4.33061224489796 108.495
4.33469387755102 196.437
4.33877551020408 208.601
4.34285714285714 222.192
4.3469387755102 214.543
4.35102040816327 187.443
4.35510204081633 164.647
4.35918367346939 126.51
4.36326530612245 99.931
4.36734693877551 73.402
4.37142857142857 53.8377
4.37551020408163 33.2541
4.37959183673469 23.0891
4.38367346938776 18.2576
4.38775510204082 13.9508
4.39183673469388 10.8433
4.39591836734694 8.5263
4.4 12.1549
4.40408163265306 6.37971
4.40816326530612 9.08154
4.41224489795918 6.61005
4.41632653061224 7.95513
4.42040816326531 7.85202
4.42448979591837 7.81871
4.42857142857143 12.3067
4.43265306122449 2.46496
4.43673469387755 2.25156
4.44081632653061 10.2012
4.44489795918367 0.0472069
4.44897959183673 4.35183
4.4530612244898 4.65584
4.45714285714286 3.47087
4.46122448979592 17.4801
4.46530612244898 3.63181
4.46938775510204 7.38862
4.4734693877551 8.48999
4.47755102040816 1.4474
4.48163265306122 13.6684
4.48571428571429 0.0
4.48979591836735 10.5537
4.49387755102041 18.703
4.49795918367347 8.83324
4.50204081632653 60.4507
4.50612244897959 21.7258
4.51020408163265 23.0309
4.51428571428571 49.8731
4.51836734693878 35.6434
4.52244897959184 93.9365
4.5265306122449 53.4227
4.53061224489796 104.288
4.53469387755102 150.162
4.53877551020408 111.679
4.54285714285714 172.969
4.5469387755102 140.896
4.55102040816327 132.717
4.55510204081633 116.065
4.55918367346939 89.0535
4.56326530612245 70.9502
4.56734693877551 46.7272
4.57142857142857 35.4134
4.57551020408163 18.3933
4.57959183673469 8.74092
4.58367346938776 6.31719
4.58775510204082 4.36525
4.59183673469388 3.05076
4.59591836734694 2.10907
4.6 1.82341
4.60408163265306 4.05313
4.60816326530612 1.74334
4.61224489795918 15.4242
4.61632653061224 2.89399
4.62040816326531 7.81907
4.62448979591837 11.0494
4.62857142857143 1.26108
4.63265306122449 5.74887
4.63673469387755 2.02523
4.64081632653061 3.72003
4.64489795918367 14.6484
4.64897959183673 5.33764
4.6530612244898 0.976523
4.65714285714286 10.9565
4.66122448979592 1.21584
4.66530612244898 5.4875
4.66938775510204 5.73936
4.6734693877551 11.0835
4.67755102040816 20.4224
4.68163265306122 1.1431
4.68571428571429 35.2776
4.68979591836735 0.666479
4.69387755102041 3.96334
4.69795918367347 15.8642
4.70204081632653 0.511885
4.70612244897959 64.2285
4.71020408163265 0.0564506
4.71428571428571 0.714699
4.71836734693878 149.383
4.72244897959184 92.3847
4.7265306122449 174.26
4.73061224489796 154.478
4.73469387755102 209.442
4.73877551020408 207.777
4.74285714285714 175.898
4.7469387755102 189.729
4.75102040816327 177.421
4.75510204081633 172.623
4.75918367346939 151.451
4.76326530612245 131.135
4.76734693877551 103.113
4.77142857142857 78.1747
4.77551020408163 58.7506
4.77959183673469 39.9789
4.78367346938775 23.7995
4.78775510204082 9.29049
4.79183673469388 2.80922
4.79591836734694 2.91066
4.8 0.297129
4.80408163265306 0.022918
4.80816326530612 0.0
4.81224489795918 0.398318
4.81632653061224 0.00210603
4.82040816326531 0.485996
4.82448979591837 0.792921
4.82857142857143 0.953138
4.83265306122449 0.952105
4.83673469387755 1.17089
4.84081632653061 1.87903
4.84489795918367 0.25185
4.84897959183674 0.0
4.8530612244898 0.0
4.85714285714286 0.0
4.86122448979592 0.0
4.86530612244898 0.0
4.86938775510204 0.0
4.8734693877551 0.0
4.87755102040816 1.22503
4.88163265306122 3.07294
4.88571428571429 6.58063
4.88979591836735 1.40929
4.89387755102041 2.79208
4.89795918367347 13.48
4.90204081632653 10.1605
4.90612244897959 0.0835533
4.91020408163265 9.91898
4.91428571428571 16.0038
4.91836734693878 6.27028
4.92244897959184 2.63839
4.9265306122449 22.3917
4.93061224489796 51.3533
4.93469387755102 105.866
4.93877551020408 110.612
4.94285714285714 116.756
4.9469387755102 120.281
4.95102040816327 103.515
4.95510204081633 102.266
4.95918367346939 102.239
4.96326530612245 83.3287
4.96734693877551 77.8951
4.97142857142857 63.2993
4.97551020408163 53.5308
4.97959183673469 32.4752
4.98367346938775 21.2969
4.98775510204082 19.3802
4.99183673469388 15.0385
4.99591836734694 9.35333
5.0 6.91687
5.00408163265306 5.07505
5.00816326530612 3.31953
5.01224489795918 0.296474
5.01632653061225 0.258746
5.02040816326531 1.99342
5.02448979591837 4.22198
5.02857142857143 6.88386
5.03265306122449 9.13622
5.03673469387755 17.7817
5.04081632653061 23.3115
5.04489795918367 43.1912
5.04897959183673 80.3696
5.0530612244898 202.306
5.05714285714286 273.535
5.06122448979592 299.59
5.06530612244898 287.312
5.06938775510204 256.471
5.0734693877551 218.28
5.07755102040816 176.643
5.08163265306122 137.508
5.08571428571429 98.3421
5.08979591836735 61.5614
5.09387755102041 40.9428
5.09795918367347 29.1796
5.10204081632653 17.6276
5.10612244897959 14.135
5.11020408163265 12.3565
5.11428571428571 10.7998
5.11836734693878 9.26943
5.12244897959184 9.60877
5.1265306122449 8.51944
5.13061224489796 6.96076
5.13469387755102 4.10694
5.13877551020408 10.0259
5.14285714285714 39.3368
5.1469387755102 63.7974
5.15102040816326 98.125
5.15510204081633 127.944
5.15918367346939 140.202
5.16326530612245 144.294
5.16734693877551 146.006
5.17142857142857 141.714
5.17551020408163 129.913
5.17959183673469 111.856
5.18367346938776 84.1936
5.18775510204082 57.2576
5.19183673469388 43.0442
5.19591836734694 28.2288
5.2 16.4695
5.20408163265306 8.9958
5.20816326530612 6.1769
5.21224489795918 3.34451
5.21632653061225 1.71151
5.22040816326531 0.527218
5.22448979591837 0.0
5.22857142857143 0.0
5.23265306122449 1.36262
5.23673469387755 2.60367
5.24081632653061 3.07636
5.24489795918367 4.12838
5.24897959183673 2.29093
5.2530612244898 2.33638
5.25714285714286 2.70017
5.26122448979592 1.93186
5.26530612244898 2.24847
5.26938775510204 5.05272
5.2734693877551 6.17816
5.27755102040816 5.11434
5.28163265306122 3.91541
5.28571428571429 4.20254
5.28979591836735 1.52083
5.29387755102041 1.04053
5.29795918367347 1.5242
5.30204081632653 4.30886
5.30612244897959 4.15575
5.31020408163265 4.63726
5.31428571428571 5.65407
5.31836734693878 3.02165
5.32244897959184 3.09798
5.3265306122449 4.99389
5.33061224489796 7.89479
5.33469387755102 14.5198
5.33877551020408 19.0884
5.34285714285714 18.0074
5.3469387755102 17.5348
5.35102040816327 27.8086
5.35510204081633 30.9921
5.35918367346939 64.5628
5.36326530612245 110.683
5.36734693877551 157.254
5.37142857142857 178.193
5.37551020408163 174.972
5.37959183673469 183.295
5.38367346938776 215.824
5.38775510204082 225.132
5.39183673469388 219.158
5.39591836734694 209.668
5.4 183.676
5.40408163265306 150.02
5.40816326530612 124.042
5.41224489795918 95.2228
5.41632653061224 58.2334
5.42040816326531 41.9568
5.42448979591837 29.0416
5.42857142857143 18.0585
5.43265306122449 11.1499
5.43673469387755 7.33975
5.44081632653061 5.22719
5.44489795918367 4.17592
5.44897959183673 3.15134
5.4530612244898 2.21211
5.45714285714286 1.4232
5.46122448979592 2.87471
5.46530612244898 1.19088
5.46938775510204 2.26159
5.4734693877551 0.98783
5.47755102040816 3.15601
5.48163265306122 3.81514
5.48571428571429 4.53331
5.48979591836735 5.64533
5.49387755102041 7.53446
5.49795918367347 5.86297
5.50204081632653 8.99515
5.50612244897959 33.7061
5.51020408163265 5.98431
5.51428571428571 7.20431
5.51836734693878 12.085
5.52244897959184 14.7487
5.5265306122449 13.1052
5.53061224489796 17.1841
5.53469387755102 22.6568
5.53877551020408 8.68869
5.54285714285714 4.50667
5.5469387755102 3.4633
5.55102040816327 1.9503
5.55510204081633 7.43381
5.55918367346939 0.0
5.56326530612245 34.1422
5.56734693877551 126.11
5.57142857142857 193.027
5.57551020408163 201.91
5.57959183673469 259.568
5.58367346938776 264.565
5.58775510204082 275.817
5.59183673469388 240.829
5.59591836734694 243.296
5.6 197.045
5.60408163265306 167.224
5.60816326530612 135.902
5.61224489795918 102.23
5.61632653061224 65.7157
5.62040816326531 46.4156
5.62448979591837 33.4415
5.62857142857143 24.0449
5.63265306122449 12.8903
5.63673469387755 9.55381
5.64081632653061 7.51625
5.64489795918367 5.97693
5.64897959183673 4.58033
5.6530612244898 3.35906
5.65714285714286 2.25991
5.66122448979592 1.47515
5.66530612244898 0.92872
5.66938775510204 0.356724
5.6734693877551 0.287374
5.67755102040816 17.0272
5.68163265306122 28.8875
5.68571428571429 21.5787
5.68979591836735 33.5945
5.69387755102041 17.7951
5.69795918367347 11.7376
5.70204081632653 50.5003
5.70612244897959 14.216
5.71020408163265 38.0694
5.71428571428571 4.09819
5.71836734693878 32.1116
5.72244897959184 0.161548
5.7265306122449 0.0
5.73061224489796 13.597
5.73469387755102 4.61126
5.73877551020408 0.0
5.74285714285714 1.2488
5.7469387755102 1.98586
5.75102040816327 8.36552
5.75510204081633 13.5885
5.75918367346939 32.8609
5.76326530612245 42.3529
5.76734693877551 69.1306
5.77142857142857 110.809
5.77551020408163 202.876
5.77959183673469 178.042
5.78367346938775 222.621
5.78775510204082 246.002
5.79183673469388 255.121
5.79591836734694 238.219
5.8 220.026
5.80408163265306 185.605
5.80816326530612 159.171
5.81224489795918 127.287
5.81632653061224 97.0307
5.82040816326531 67.4278
5.82448979591837 47.7066
5.82857142857143 36.0872
5.83265306122449 23.3514
5.83673469387755 14.824
5.84081632653061 10.6802
5.84489795918367 7.36529
5.84897959183674 5.32122
5.8530612244898 3.47868
5.85714285714286 2.23157
5.86122448979592 1.64005
5.86530612244898 16.8379
5.86938775510204 64.2031
5.8734693877551 109.027
5.87755102040816 114.872
5.88163265306122 131.989
5.88571428571429 128.043
5.88979591836735 122.996
5.89387755102041 107.166
5.89795918367347 83.5553
5.90204081632653 70.0064
5.90612244897959 43.3674
5.91020408163265 28.1414
5.91428571428571 17.8806
5.91836734693878 14.6395
5.92244897959184 9.46916
5.9265306122449 6.91199
5.93061224489796 5.88272
5.93469387755102 4.89761
5.93877551020408 4.11529
5.94285714285714 3.45171
5.9469387755102 6.89938
5.95102040816327 8.65558
5.95510204081633 9.5889
5.95918367346939 10.6135
5.96326530612245 23.4007
5.96734693877551 21.7919
5.97142857142857 31.3479
5.97551020408163 147.001
5.97959183673469 134.054
5.98367346938775 158.523
5.98775510204082 207.021
5.99183673469388 205.636
5.99591836734694 212.461
6.0 201.438
6.00408163265306 169.878
6.00816326530612 145.073
6.01224489795918 119.493
6.01632653061225 96.3517
6.02040816326531 66.8895
6.02448979591837 50.3819
6.02857142857143 35.6831
6.03265306122449 21.1775
6.03673469387755 11.7732
6.04081632653061 7.98724
6.04489795918367 5.34507
6.04897959183673 7.98586
6.0530612244898 3.68407
6.05714285714286 7.44074
6.06122448979592 5.09883
6.06530612244898 7.78367
6.06938775510204 12.5261
6.0734693877551 11.5727
6.07755102040816 12.9848
6.08163265306122 12.2642
6.08571428571429 9.89147
6.08979591836735 10.6412
6.09387755102041 5.87904
6.09795918367347 8.42595
6.10204081632653 5.89116
6.10612244897959 15.4327
6.11020408163265 5.64762
6.11428571428571 2.6244
6.11836734693878 3.68321
6.12244897959184 28.7182
6.1265306122449 45.8409
6.13061224489796 30.9231
6.13469387755102 13.5764
6.13877551020408 2.29147
6.14285714285714 4.66595
6.1469387755102 0.443285
6.15102040816326 4.41127
6.15510204081633 110.887
6.15918367346939 86.4258
6.16326530612245 45.4381
6.16734693877551 103.583
6.17142857142857 114.943
6.17551020408163 113.333
6.17959183673469 104.196
6.18367346938776 96.3395
6.18775510204082 76.6209
6.19183673469388 70.7161
6.19591836734694 69.6608
6.2 87.1271
6.20408163265306 109.239
6.20816326530612 102.417
6.21224489795918 105.096
6.21632653061225 89.7584
6.22040816326531 66.9434
6.22448979591837 51.9306
6.22857142857143 33.3165
6.23265306122449 26.6985
6.23673469387755 17.966
6.24081632653061 16.0834
6.24489795918367 14.5129
6.24897959183673 12.6742
6.2530612244898 10.6909
6.25714285714286 8.23196
6.26122448979592 7.24143
6.26530612244898 6.3229
6.26938775510204 4.40557
6.2734693877551 11.4364
6.27755102040816 8.34611
6.28163265306122 14.4862
6.28571428571429 104.807
6.28979591836735 99.7735
6.29387755102041 80.2127
6.29795918367347 70.0432
6.30204081632653 46.8673
6.30612244897959 41.3885
6.31020408163265 37.8979
6.31428571428571 25.359
6.31836734693878 13.848
6.32244897959184 11.3965
6.3265306122449 9.82352
6.33061224489796 8.80697
6.33469387755102 7.13282
6.33877551020408 6.32521
6.34285714285714 4.72891
6.3469387755102 3.97783
6.35102040816327 3.51242
6.35510204081633 4.55351
6.35918367346939 8.56629
6.36326530612245 26.3484
6.36734693877551 24.7349
6.37142857142857 48.0363
6.37551020408163 27.7182
6.37959183673469 60.7086
6.38367346938776 81.8444
6.38775510204082 100.527
6.39183673469388 110.745
6.39591836734694 110.371
6.4 111.772
6.40408163265306 98.3065
6.40816326530612 76.9112
6.41224489795918 57.802
6.41632653061224 43.492
6.42040816326531 29.1777
6.42448979591837 19.143
6.42857142857143 9.26197
6.43265306122449 3.59917
6.43673469387755 1.42217
6.44081632653061 1.56624
6.44489795918367 1.11884
6.44897959183673 0.655582
6.4530612244898 0.45976
6.45714285714286 4.63339
6.46122448979592 27.2392
6.46530612244898 40.1108
6.46938775510204 26.5929
6.4734693877551 28.9831
6.47755102040816 28.6348
6.48163265306122 34.0302
6.48571428571429 24.9139
6.48979591836735 19.8009
6.49387755102041 7.90463
6.49795918367347 5.417
6.50204081632653 5.00602
6.50612244897959 2.79407
6.51020408163265 1.68261
6.51428571428571 0.938917
6.51836734693878 1.28012
6.52244897959184 2.32665
6.5265306122449 0.579178
6.53061224489796 0.987361
6.53469387755102 0.235856
6.53877551020408 0.0
6.54285714285714 0.0
6.5469387755102 0.0
6.55102040816327 0.308432
6.55510204081633 11.9393
6.55918367346939 16.5488
6.56326530612245 27.3575
6.56734693877551 41.176
6.57142857142857 36.7585
6.57551020408163 66.8607
6.57959183673469 88.0818
6.58367346938776 93.7262
6.58775510204082 163.069
6.59183673469388 192.152
6.59591836734694 208.447
6.6 199.556
6.60408163265306 184.62
6.60816326530612 158.892
6.61224489795918 130.601
6.61632653061224 94.9863
6.62040816326531 70.0045
6.62448979591837 51.3124
6.62857142857143 36.2048
6.63265306122449 22.7464
6.63673469387755 11.1489
6.64081632653061 7.83742
6.64489795918367 5.18394
6.64897959183673 3.4157
6.6530612244898 2.25455
6.65714285714286 1.4715
6.66122448979592 3.08997
6.66530612244898 3.49607
6.66938775510204 0.479137
6.6734693877551 1.01243
6.67755102040816 74.5341
6.68163265306122 13.5325
6.68571428571429 125.511
6.68979591836735 84.2945
6.69387755102041 82.282
6.69795918367347 70.5428
6.70204081632653 67.3877
6.70612244897959 68.5895
6.71020408163265 54.3735
6.71428571428571 46.0437
6.71836734693878 25.018
6.72244897959184 17.447
6.7265306122449 11.2271
6.73061224489796 2.14791
6.73469387755102 0.0107288
6.73877551020408 0.0
6.74285714285714 0.0
6.7469387755102 0.0
6.75102040816327 0.611544
6.75510204081633 7.30668
6.75918367346939 10.4822
6.76326530612245 8.2612
6.76734693877551 7.71581
6.77142857142857 30.9568
6.77551020408163 103.272
6.77959183673469 166.658
6.78367346938775 134.858
6.78775510204082 191.782
6.79183673469388 242.362
6.79591836734694 251.167
6.8 241.067
6.80408163265306 217.531
6.80816326530612 184.757
6.81224489795918 150.372
6.81632653061224 111.455
6.82040816326531 73.2317
6.82448979591837 47.3115
6.82857142857143 32.9433
6.83265306122449 20.2464
6.83673469387755 10.4851
6.84081632653061 7.11611
6.84489795918367 5.02208
6.84897959183674 3.82622
6.8530612244898 3.01577
6.85714285714286 2.33339
6.86122448979592 1.70125
6.86530612244898 1.05368
6.86938775510204 0.629663
6.8734693877551 0.336905
6.87755102040816 0.386675
6.88163265306122 0.67422
6.88571428571429 0.0
6.88979591836735 0.049293
6.89387755102041 0.119209
6.89795918367347 0.683814
6.90204081632653 1.16816
6.90612244897959 45.5831
6.91020408163265 28.7342
6.91428571428571 6.88214
6.91836734693878 56.8692
6.92244897959184 3.56943
6.9265306122449 14.5824
6.93061224489796 6.50824
6.93469387755102 13.4918
6.93877551020408 0.399262
6.94285714285714 11.3639
6.9469387755102 0.738482
6.95102040816327 6.73431
6.95510204081633 0.746181
6.95918367346939 0.745078
6.96326530612245 28.4707
6.96734693877551 2.61663
6.97142857142857 56.5877
6.97551020408163 91.5964
6.97959183673469 110.318
6.98367346938775 136.975
6.98775510204082 204.575
6.99183673469388 218.819
6.99591836734694 229.465
7.0 254.831
7.00408163265306 245.425
7.00816326530612 230.052
7.01224489795918 202.629
7.01632653061225 172.511
7.02040816326531 139.482
7.02448979591837 106.362
7.02857142857143 72.4894
7.03265306122449 50.075
7.03673469387755 24.767
7.04081632653061 9.82142
7.04489795918367 1.6577
7.04897959183673 2.35082
7.0530612244898 2.24245
7.05714285714286 2.1647
7.06122448979592 1.99952
7.06530612244898 2.41916
7.06938775510204 2.72472
7.0734693877551 4.37739
7.07755102040816 5.98998
7.08163265306122 7.39839
7.08571428571429 6.53337
7.08979591836735 5.40838
7.09387755102041 5.50771
7.09795918367347 7.21919
7.10204081632653 5.20467
7.10612244897959 4.91466
7.11020408163265 4.0655
7.11428571428571 2.0764
7.11836734693878 5.18761
7.12244897959184 1.04267
7.1265306122449 0.988777
7.13061224489796 1.05334
7.13469387755102 1.13933
7.13877551020408 1.41938
7.14285714285714 0.516514
7.1469387755102 1.10091
7.15102040816326 15.3594
7.15510204081633 0.0
7.15918367346939 22.5522
7.16326530612245 8.03679
7.16734693877551 20.1743
7.17142857142857 5.19707
7.17551020408163 10.7279
7.17959183673469 16.1254
7.18367346938776 12.7037
7.18775510204082 42.6481
7.19183673469388 71.4499
7.19591836734694 107.081
7.2 156.556
7.20408163265306 233.713
7.20816326530612 208.513
7.21224489795918 204.236
7.21632653061225 198.455
7.22040816326531 188.592
7.22448979591837 169.119
7.22857142857143 150.188
7.23265306122449 132.997
7.23673469387755 115.627
7.24081632653061 102.435
7.24489795918367 86.8786
7.24897959183673 80.4273
7.2530612244898 74.216
7.25714285714286 76.1791
7.26122448979592 75.721
7.26530612244898 72.6446
7.26938775510204 61.9489
7.2734693877551 57.1374
7.27755102040816 42.8009
7.28163265306122 32.6642
7.28571428571429 41.5747
7.28979591836735 43.2319
7.29387755102041 38.0103
7.29795918367347 28.8083
7.30204081632653 19.8925
7.30612244897959 11.6295
7.31020408163265 16.5166
7.31428571428571 10.2894
7.31836734693878 9.80764
7.32244897959184 9.11184
7.3265306122449 8.12626
7.33061224489796 5.34032
7.33469387755102 3.56427
7.33877551020408 0.952716
7.34285714285714 3.21531
7.3469387755102 1.31579
7.35102040816327 1.12934
7.35510204081633 0.00696381
7.35918367346939 2.21605
7.36326530612245 0.614747
7.36734693877551 8.89678
7.37142857142857 0.841389
7.37551020408163 1.02138
7.37959183673469 4.75105
7.38367346938776 0.0
7.38775510204082 0.0
7.39183673469388 1.23358
7.39591836734694 2.65718
7.4 15.9055
7.40408163265306 15.3022
7.40816326530612 22.5226
7.41224489795918 21.7397
7.41632653061224 25.8299
7.42040816326531 55.7542
7.42448979591837 76.7178
7.42857142857143 77.9568
7.43265306122449 69.6671
7.43673469387755 55.9646
7.44081632653061 38.3099
7.44489795918367 25.8216
7.44897959183673 24.4604
7.4530612244898 19.6366
7.45714285714286 23.5139
7.46122448979592 20.5742
7.46530612244898 18.5914
7.46938775510204 11.9944
7.4734693877551 7.25943
7.47755102040816 5.52563
7.48163265306122 5.69332
7.48571428571429 4.34425
7.48979591836735 4.81536
7.49387755102041 48.5359
7.49795918367347 98.9056
7.50204081632653 119.692
7.50612244897959 95.4532
7.51020408163265 119.092
7.51428571428571 100.864
7.51836734693878 136.154
7.52244897959184 132.161
7.5265306122449 103.537
7.53061224489796 92.5317
7.53469387755102 60.449
7.53877551020408 41.4591
7.54285714285714 33.4058
7.5469387755102 17.6314
7.55102040816327 10.686
7.55510204081633 6.47318
7.55918367346939 0.899645
7.56326530612245 1.23578
7.56734693877551 1.02872
7.57142857142857 3.12647
7.57551020408163 0.641969
7.57959183673469 2.36289
7.58367346938776 1.1589
7.58775510204082 1.19534
7.59183673469388 1.09131
7.59591836734694 0.84197
7.6 57.0348
7.60408163265306 47.7697
7.60816326530612 4.17935
7.61224489795918 132.509
7.61632653061224 236.959
7.62040816326531 218.885
7.62448979591837 229.509
7.62857142857143 208.894
7.63265306122449 191.501
7.63673469387755 166.947
7.64081632653061 141.676
7.64489795918367 112.148
7.64897959183673 86.1178
7.6530612244898 64.8477
7.65714285714286 46.0283
7.66122448979592 30.9353
7.66530612244898 22.7759
7.66938775510204 15.2463
7.6734693877551 17.0312
7.67755102040816 23.5614
7.68163265306122 28.9591
7.68571428571429 25.6497
7.68979591836735 23.0252
7.69387755102041 16.1856
7.69795918367347 11.1746
7.70204081632653 7.67557
7.70612244897959 5.02602
7.71020408163265 2.44713
7.71428571428571 0.0162919
7.71836734693878 0.0
7.72244897959184 0.0
7.7265306122449 2.43517
7.73061224489796 0.791058
7.73469387755102 0.924513
7.73877551020408 1.46344
7.74285714285714 8.42214
7.7469387755102 0.666951
7.75102040816327 0.263328
7.75510204081633 5.60228
7.75918367346939 0.521739
7.76326530612245 1.73495
7.76734693877551 3.353
7.77142857142857 4.66311
7.77551020408163 4.86936
7.77959183673469 5.03508
7.78367346938775 4.92826
7.78775510204082 4.53503
7.79183673469388 4.41445
7.79591836734694 4.06918
7.8 3.10788
7.80408163265306 4.01591
7.80816326530612 8.43749
7.81224489795918 49.4658
7.81632653061224 67.6784
7.82040816326531 79.2921
7.82448979591837 103.032
7.82857142857143 117.126
7.83265306122449 107.663
7.83673469387755 119.282
7.84081632653061 122.415
7.84489795918367 126.878
7.84897959183674 132.498
7.8530612244898 121.991
7.85714285714286 123.088
7.86122448979592 113.177
7.86530612244898 102.255
7.86938775510204 82.2053
7.8734693877551 62.2611
7.87755102040816 44.4468
7.88163265306122 26.6407
7.88571428571429 15.7554
7.88979591836735 12.4411
7.89387755102041 11.0703
7.89795918367347 10.0624
7.90204081632653 10.2239
7.90612244897959 9.38056
7.91020408163265 13.3198
7.91428571428571 8.88671
7.91836734693878 12.1475
7.92244897959184 17.6681
7.9265306122449 10.3942
7.93061224489796 12.7057
7.93469387755102 8.60336
7.93877551020408 7.22486
7.94285714285714 9.18761
7.9469387755102 3.2603
7.95102040816327 5.68378
7.95510204081633 3.8809
7.95918367346939 3.61895
7.96326530612245 2.50962
7.96734693877551 0.504891
7.97142857142857 0.452146
7.97551020408163 0.0
7.97959183673469 0.0
7.98367346938775 4.34059
7.98775510204082 0.880147
7.99183673469388 1.65568
7.99591836734694 3.62706
8.0 2.67562
8.00408163265306 9.2784
8.00816326530612 6.35212
8.01224489795918 10.4667
8.01632653061225 12.7179
8.02040816326531 12.9338
8.02448979591837 53.9011
8.02857142857143 108.097
8.03265306122449 133.874
8.03673469387755 100.253
8.04081632653061 130.811
8.04489795918367 136.047
8.04897959183674 142.347
8.0530612244898 127.386
8.05714285714286 113.092
8.06122448979592 95.3929
8.06530612244898 77.1449
8.06938775510204 62.7818
8.0734693877551 44.8119
8.07755102040816 31.1222
8.08163265306122 19.0885
8.08571428571429 10.2299
8.08979591836735 8.96195
8.09387755102041 8.63783
8.09795918367347 9.21583
8.10204081632653 10.3328
8.10612244897959 10.9394
8.11020408163265 11.1589
8.11428571428571 9.51118
8.11836734693878 7.69537
8.12244897959184 3.93222
8.1265306122449 2.66451
8.13061224489796 5.64805
8.13469387755102 3.69381
8.13877551020408 5.4103
8.14285714285714 4.88867
8.1469387755102 4.88591
8.15102040816327 6.85942
8.15510204081633 3.29993
8.15918367346939 4.35032
8.16326530612245 9.27289
8.16734693877551 27.229
8.17142857142857 125.739
8.17551020408163 150.302
8.17959183673469 128.366
8.18367346938776 110.132
8.18775510204082 86.8286
8.19183673469388 67.4388
8.19591836734694 55.2751
8.2 46.9904
8.20408163265306 34.2624
8.20816326530612 25.9791
8.21224489795918 19.4362
8.21632653061224 13.8058
8.22040816326531 9.35189
8.22448979591837 7.1644
8.22857142857143 4.83852
8.23265306122449 11.6782
8.23673469387755 24.515
8.24081632653061 47.3774
8.24489795918367 53.8613
8.24897959183673 61.6263
8.2530612244898 62.5159
8.25714285714286 63.2913
8.26122448979592 55.4255
8.26530612244898 56.2869
8.26938775510204 33.3721
8.2734693877551 33.2763
8.27755102040816 30.3753
8.28163265306122 25.1725
8.28571428571429 18.1568
8.28979591836735 16.8725
8.29387755102041 12.3383
8.29795918367347 10.7165
8.30204081632653 12.815
8.30612244897959 6.12186
8.31020408163265 5.3628
8.31428571428571 4.27548
8.31836734693877 8.46108
8.32244897959184 6.75631
8.3265306122449 20.3724
8.33061224489796 13.0673
8.33469387755102 16.9519
8.33877551020408 20.2638
8.34285714285714 26.0956
8.3469387755102 22.618
8.35102040816327 26.0724
8.35510204081633 20.5412
8.35918367346939 23.6895
8.36326530612245 21.9036
8.36734693877551 15.8799
8.37142857142857 7.69168
8.37551020408163 6.83918
8.37959183673469 16.0934
8.38367346938776 13.4321
8.38775510204082 6.44883
8.39183673469388 10.5367
8.39591836734694 9.81373
8.4 8.81402
8.40408163265306 8.91331
8.40816326530612 6.84066
8.41224489795918 5.34014
8.41632653061225 13.1004
8.42040816326531 21.9666
8.42448979591837 23.0576
8.42857142857143 19.7313
8.43265306122449 14.1451
8.43673469387755 7.51364
8.44081632653061 3.65396
8.44489795918367 3.73124
8.44897959183673 17.4539
8.4530612244898 6.14335
8.45714285714286 36.0704
8.46122448979592 103.312
8.46530612244898 143.808
8.46938775510204 207.336
8.4734693877551 231.095
8.47755102040816 229.141
8.48163265306122 199.359
8.48571428571429 158.333
8.48979591836735 128.379
8.49387755102041 103.301
8.49795918367347 79.3855
8.50204081632653 57.9215
8.50612244897959 37.6687
8.51020408163265 23.273
8.51428571428571 12.1276
8.51836734693878 6.49369
8.52244897959184 4.18851
8.5265306122449 2.82653
8.53061224489796 2.33722
8.53469387755102 2.73267
8.53877551020408 3.7379
8.54285714285714 5.024
8.5469387755102 10.1557
8.55102040816327 18.3664
8.55510204081633 14.0186
8.55918367346939 7.68543
8.56326530612245 3.37332
8.56734693877551 4.3068
8.57142857142857 1.83733
8.57551020408163 7.3113
8.57959183673469 10.7375
8.58367346938775 23.9191
8.58775510204082 51.8389
8.59183673469388 76.768
8.59591836734694 87.3477
8.6 86.1001
8.60408163265306 75.28
8.60816326530612 65.5982
8.61224489795918 57.5466
8.61632653061224 38.0766
8.62040816326531 27.9264
8.62448979591837 21.7294
8.62857142857143 17.0584
8.63265306122449 11.8269
8.63673469387755 5.75193
8.64081632653061 4.42302
8.64489795918367 2.72546
8.64897959183673 1.96665
8.6530612244898 3.59385
8.65714285714286 24.0711
8.66122448979592 55.27
8.66530612244898 66.0944
8.66938775510204 63.5739
8.6734693877551 80.4
8.67755102040816 90.2759
8.68163265306123 80.4664
8.68571428571429 71.1435
8.68979591836735 62.3675
8.69387755102041 62.0333
8.69795918367347 55.8909
8.70204081632653 55.5351
8.70612244897959 38.1332
8.71020408163265 22.9859
8.71428571428571 10.0511
8.71836734693878 10.6397
8.72244897959184 10.9293
8.7265306122449 6.95093
8.73061224489796 4.97378
8.73469387755102 4.0441
8.73877551020408 1.77582
8.74285714285714 1.25979
8.7469387755102 2.74594
8.75102040816327 9.0301
8.75510204081633 13.7363
8.75918367346939 14.321
8.76326530612245 21.8259
8.76734693877551 19.0579
8.77142857142857 17.1827
8.77551020408163 12.502
8.77959183673469 8.4113
8.78367346938776 8.98007
8.78775510204082 4.64733
8.79183673469388 11.7937
8.79591836734694 24.1674
8.8 26.1577
8.80408163265306 26.2476
8.80816326530612 25.9491
8.81224489795918 22.3195
8.81632653061224 34.097
8.82040816326531 44.1872
8.82448979591837 49.8644
8.82857142857143 45.3811
8.83265306122449 34.9533
8.83673469387755 27.7028
8.84081632653061 19.1181
8.84489795918367 12.0522
8.84897959183673 4.65693
8.8530612244898 5.34348
8.85714285714286 5.40875
8.86122448979592 11.2747
8.86530612244898 11.0194
8.86938775510204 29.8588
8.8734693877551 81.87
8.87755102040816 126.264
8.88163265306122 175.114
8.88571428571429 165.179
8.88979591836735 142.733
8.89387755102041 125.544
8.89795918367347 98.2581
8.90204081632653 78.4543
8.90612244897959 53.4109
8.91020408163265 35.6598
8.91428571428571 18.7924
8.91836734693878 8.93865
8.92244897959184 9.63214
8.9265306122449 10.0833
8.93061224489796 12.1084
8.93469387755102 19.6858
8.93877551020408 27.4352
8.94285714285714 37.6161
8.9469387755102 29.4978
8.95102040816326 29.8803
8.95510204081633 27.132
8.95918367346939 30.7293
8.96326530612245 38.2023
8.96734693877551 42.0719
8.97142857142857 38.8125
8.97551020408163 44.1954
8.97959183673469 47.1044
8.98367346938775 45.0416
8.98775510204082 43.7624
8.99183673469388 44.0694
8.99591836734694 36.7932
9.0 29.7554
9.00408163265306 28.8174
9.00816326530612 18.2108
9.01224489795918 26.5387
9.01632653061225 37.1273
9.02040816326531 8.91834
9.02448979591837 2.09068
9.02857142857143 4.59429
9.03265306122449 11.3079
9.03673469387755 3.33862
9.04081632653061 1.72572
9.04489795918367 2.9952
9.04897959183674 3.50163
9.0530612244898 45.8104
9.05714285714286 68.6464
9.06122448979592 22.133
9.06530612244898 151.996
9.06938775510204 208.821
9.0734693877551 167.903
9.07755102040816 148.545
9.08163265306122 175.746
9.08571428571429 180.087
9.08979591836735 164.254
9.09387755102041 193.975
9.09795918367347 203.116
9.10204081632653 184.011
9.10612244897959 152.039
9.11020408163265 129.83
9.11428571428571 89.8643
9.11836734693878 58.8649
9.12244897959184 29.6075
9.1265306122449 17.4053
9.13061224489796 14.2108
9.13469387755102 12.2174
9.13877551020408 10.1504
9.14285714285714 9.7754
9.1469387755102 10.6419
9.15102040816327 8.41478
9.15510204081633 9.04474
9.15918367346939 7.18548
9.16326530612245 9.76972
9.16734693877551 9.95923
9.17142857142857 12.0646
9.17551020408163 10.8764
9.17959183673469 14.8304
9.18367346938776 8.00278
9.18775510204082 4.5244
9.19183673469388 3.86107
9.19591836734694 9.77391
9.2 7.79197
9.20408163265306 16.5759
9.20816326530612 13.6915
9.21224489795918 1.91757
9.21632653061224 8.81074
9.22040816326531 2.0663
9.22448979591837 7.56538
9.22857142857143 1.95535
9.23265306122449 12.1733
9.23673469387755 3.34981
9.24081632653061 10.1552
9.24489795918367 4.98489
9.24897959183673 2.34696
9.2530612244898 3.34484
9.25714285714286 5.54848
9.26122448979592 15.2286
9.26530612244898 31.7556
9.26938775510204 22.2932
9.2734693877551 15.7107
9.27755102040816 5.87152
9.28163265306122 1.33155
9.28571428571429 0.735253
9.28979591836735 17.0662
9.29387755102041 14.2457
9.29795918367347 13.2287
9.30204081632653 17.787
9.30612244897959 5.66837
9.31020408163265 18.3915
9.31428571428571 4.21295
9.31836734693877 8.17306
9.32244897959184 3.31628
9.3265306122449 12.7435
9.33061224489796 20.5418
9.33469387755102 0.360876
9.33877551020408 8.25601
9.34285714285714 2.40521
9.3469387755102 2.61805
9.35102040816327 32.3388
9.35510204081633 15.5411
9.35918367346939 19.1751
9.36326530612245 9.25836
9.36734693877551 4.65671
9.37142857142857 27.8091
9.37551020408163 49.4289
9.37959183673469 17.8946
9.38367346938776 61.3053
9.38775510204082 42.1639
9.39183673469388 43.7054
9.39591836734694 64.43
9.4 20.0641
9.40408163265306 33.713
9.40816326530612 68.6852
9.41224489795918 37.4495
9.41632653061225 80.1487
9.42040816326531 27.0915
9.42448979591837 20.0525
9.42857142857143 26.1914
9.43265306122449 84.5017
9.43673469387755 137.679
9.44081632653061 111.196
9.44489795918367 280.27
9.44897959183673 172.874
9.4530612244898 222.035
9.45714285714286 229.098
9.46122448979592 214.296
9.46530612244898 179.345
9.46938775510204 144.671
9.4734693877551 118.217
9.47755102040816 92.0556
9.48163265306122 69.8935
9.48571428571429 53.8585
9.48979591836735 41.4551
9.49387755102041 27.9455
9.49795918367347 32.1179
9.50204081632653 32.338
9.50612244897959 30.9847
9.51020408163265 32.0217
9.51428571428571 30.6534
9.51836734693878 25.1399
9.52244897959184 24.0585
9.5265306122449 16.9183
9.53061224489796 19.3461
9.53469387755102 24.7173
9.53877551020408 25.2789
9.54285714285714 20.9108
9.5469387755102 20.8712
9.55102040816327 13.6975
9.55510204081633 13.7353
9.55918367346939 5.65068
9.56326530612245 1.50757
9.56734693877551 0.284992
9.57142857142857 1.36931
9.57551020408163 0.19751
9.57959183673469 0.491192
9.58367346938775 2.62983
9.58775510204082 0.733326
9.59183673469388 2.59623
9.59591836734694 0.736803
9.6 2.70553
9.60408163265306 0.956575
9.60816326530612 3.79791
9.61224489795918 7.05963
9.61632653061224 5.4435
9.62040816326531 3.81601
9.62448979591837 3.8304
9.62857142857143 3.35743
9.63265306122449 5.23327
9.63673469387755 0.382577
9.64081632653061 2.61584
9.64489795918367 0.633011
9.64897959183673 0.0
9.6530612244898 2.31179
9.65714285714286 18.4751
9.66122448979592 33.5833
9.66530612244898 65.314
9.66938775510204 96.1569
9.6734693877551 111.143
9.67755102040816 118.738
9.68163265306123 126.323
9.68571428571429 116.344
9.68979591836735 109.251
9.69387755102041 94.1393
9.69795918367347 78.6701
9.70204081632653 68.9655
9.70612244897959 55.209
9.71020408163265 46.7711
9.71428571428571 40.6868
9.71836734693878 37.6847
9.72244897959184 35.5648
9.7265306122449 27.7472
9.73061224489796 23.4286
9.73469387755102 15.0751
9.73877551020408 10.0818
9.74285714285714 5.04694
9.7469387755102 1.76647
9.75102040816327 1.4566
9.75510204081633 1.87391
9.75918367346939 0.563738
9.76326530612245 3.73466
9.76734693877551 5.14768
9.77142857142857 5.05047
9.77551020408163 3.60874
9.77959183673469 1.23104
9.78367346938776 2.48683
9.78775510204082 1.62185
9.79183673469388 4.46003
9.79591836734694 11.6069
9.8 9.11281
9.80408163265306 10.3753
9.80816326530612 9.75929
9.81224489795918 8.29156
9.81632653061224 8.62813
9.82040816326531 10.3689
9.82448979591837 5.96045
9.82857142857143 2.21821
9.83265306122449 1.16805
9.83673469387755 0.376324
9.84081632653061 0.364025
9.84489795918367 3.85251
9.84897959183673 12.5925
9.8530612244898 18.7279
9.85714285714286 29.8465
9.86122448979592 65.2197
9.86530612244898 72.3047
9.86938775510204 50.5146
9.8734693877551 35.0806
9.87755102040816 31.4988
9.88163265306122 31.5857
9.88571428571429 31.5867
9.88979591836735 46.9408
9.89387755102041 45.6983
9.89795918367347 42.796
9.90204081632653 36.7634
9.90612244897959 23.1804
9.91020408163265 13.5932
9.91428571428571 15.2073
9.91836734693878 14.7937
9.92244897959184 16.7803
9.9265306122449 14.3118
9.93061224489796 12.0622
9.93469387755102 12.7887
9.93877551020408 16.4268
9.94285714285714 21.14
9.9469387755102 22.1424
9.95102040816326 34.7496
9.95510204081633 32.4893
9.95918367346939 22.292
