2.24081632653061 1
3.11428571428571 1
3.59591836734694 1
3.8734693877551 1
4.22040816326531 1
4.39183673469388 1
4.56326530612245 1
4.73469387755102 1
5.04897959183674 1
5.20408163265306 1
5.67755102040816 1
5.84081632653061 1
6.15510204081633 1
6.50204081632653 1
6.81224489795918 1
7.13061224489796 1
7.46530612244898 1
7.78775510204082 1
8.2530612244898 1
8.40816326530612 1
8.67755102040816 1
8.99591836734694 1
9.63265306122449 1
10.2489795918367 1
10.5591836734694 1
10.8938775510204 1
11.1591836734694 1
11.4897959183673 1
12.130612244898 1
12.4571428571429 1
12.7714285714286 1
13.4163265306122 1
14.0285714285714 1
