0.00408163265306122 46.5479
0.00816326530612245 28.9514
0.0122448979591837 17.0382
0.0163265306122449 10.4709
0.0204081632653061 7.61848
0.0244897959183673 5.7256
0.0285714285714286 4.93694
0.0326530612244898 5.60647
0.036734693877551 7.0884
0.0408163265306122 6.45343
0.0448979591836735 46.8788
0.0489795918367347 8.63406
0.0530612244897959 31.2771
0.0571428571428571 27.3445
0.0612244897959184 1.87626
0.0653061224489796 17.545
0.0693877551020408 0.578453
0.073469387755102 3.61742
0.0775510204081633 6.90083
0.0816326530612245 0.161648
0.0857142857142857 10.3131
0.0897959183673469 9.00797
0.0938775510204082 3.50646
0.0979591836734694 5.8277
0.102040816326531 22.1105
0.106122448979592 11.8453
0.110204081632653 11.7496
0.114285714285714 21.955
0.118367346938776 20.9222
0.122448979591837 17.7144
0.126530612244898 17.3491
0.130612244897959 4.10304
0.13469387755102 27.4817
0.138775510204082 9.99077
0.142857142857143 38.682
0.146938775510204 66.3013
0.151020408163265 24.6472
0.155102040816327 22.3225
0.159183673469388 2.04465
0.163265306122449 164.496
0.16734693877551 41.1832
0.171428571428571 21.2972
0.175510204081633 221.937
0.179591836734694 10.8232
0.183673469387755 65.8855
0.187755102040816 105.307
0.191836734693878 9.50146
0.195918367346939 38.246
0.2 52.5638
0.204081632653061 2.31852
0.208163265306122 7.20873
0.212244897959184 11.0839
0.216326530612245 38.6842
0.220408163265306 79.0641
0.224489795918367 52.2798
0.228571428571429 27.3687
0.23265306122449 123.466
0.236734693877551 132.152
0.240816326530612 107.626
0.244897959183673 86.6503
0.248979591836735 85.4988
0.253061224489796 68.9327
0.257142857142857 44.9962
0.261224489795918 84.7912
0.26530612244898 32.0122
0.269387755102041 24.3242
0.273469387755102 18.5832
0.277551020408163 43.0804
0.281632653061224 82.3948
0.285714285714286 166.142
0.289795918367347 163.253
0.293877551020408 194.247
0.297959183673469 205.643
0.302040816326531 234.801
0.306122448979592 188.792
0.310204081632653 163.301
0.314285714285714 137.758
0.318367346938775 103.371
0.322448979591837 74.983
0.326530612244898 51.4353
0.330612244897959 35.4134
0.33469387755102 20.7973
0.338775510204082 10.9662
0.342857142857143 5.15922
0.346938775510204 3.55268
0.351020408163265 2.8789
0.355102040816327 2.24674
0.359183673469388 1.81322
0.363265306122449 1.53419
0.36734693877551 1.2242
0.371428571428571 1.43486
0.375510204081633 1.83863
0.379591836734694 1.75159
0.383673469387755 0.330463
0.387755102040816 41.1503
0.391836734693878 2.50409
0.395918367346939 4.36966
0.4 13.8012
0.404081632653061 38.1173
0.408163265306122 17.1364
0.412244897959184 0.690202
0.416326530612245 18.9713
0.420408163265306 0.478437
0.424489795918367 2.82782
0.428571428571429 5.35103
0.43265306122449 6.72441
0.436734693877551 41.2398
0.440816326530612 7.15857
0.444897959183673 6.7648
0.448979591836735 45.9107
0.453061224489796 6.21553
0.457142857142857 43.8597
0.461224489795918 67.047
0.46530612244898 85.9113
0.469387755102041 5.11729
0.473469387755102 39.045
0.477551020408163 38.9011
0.481632653061224 46.1938
0.485714285714286 37.4162
0.489795918367347 30.9686
0.493877551020408 55.0119
0.497959183673469 3.24445
0.502040816326531 13.7001
0.506122448979592 26.6257
0.510204081632653 1.06287
0.514285714285714 12.0706
0.518367346938776 0.545263
0.522448979591837 0.30305
0.526530612244898 46.5373
0.530612244897959 47.0086
0.53469387755102 11.4449
0.538775510204082 228.861
0.542857142857143 45.2733
0.546938775510204 137.749
0.551020408163265 131.053
0.555102040816327 101.786
0.559183673469388 84.6437
0.563265306122449 58.903
0.56734693877551 49.4485
0.571428571428571 27.3124
0.575510204081633 22.7215
0.579591836734694 13.5511
0.583673469387755 7.39303
0.587755102040816 7.16205
0.591836734693878 0.294651
0.595918367346939 0.0
0.6 0.0
0.604081632653061 22.2752
0.608163265306122 0.0
0.612244897959184 13.5809
0.616326530612245 10.6494
0.620408163265306 53.9852
0.624489795918367 161.323
0.628571428571429 179.415
0.63265306122449 247.785
0.636734693877551 365.392
0.640816326530612 328.052
0.644897959183673 320.822
0.648979591836735 282.795
0.653061224489796 243.811
0.657142857142857 209.677
0.661224489795918 170.106
0.66530612244898 129.261
0.669387755102041 101.849
0.673469387755102 75.8256
0.677551020408163 52.5926
0.681632653061224 33.5866
0.685714285714286 16.2216
0.689795918367347 8.58815
0.693877551020408 5.157
0.697959183673469 3.25372
0.702040816326531 3.15748
0.706122448979592 3.62114
0.710204081632653 4.02423
0.714285714285714 4.08249
0.718367346938775 5.84748
0.722448979591837 19.3355
0.726530612244898 17.4089
0.730612244897959 5.07155
0.73469387755102 3.9738
0.738775510204082 5.91378
0.742857142857143 14.7186
0.746938775510204 0.713677
0.751020408163265 2.29742
0.755102040816326 1.32382
0.759183673469388 0.199929
0.763265306122449 0.0
0.76734693877551 31.337
0.771428571428571 0.273069
0.775510204081633 10.4495
0.779591836734694 25.3657
0.783673469387755 0.289132
0.787755102040816 4.15741
0.791836734693877 0.674819
0.795918367346939 7.67024
0.8 47.017
0.804081632653061 35.9339
0.808163265306122 32.6322
0.812244897959184 15.1442
0.816326530612245 21.527
0.820408163265306 32.847
0.824489795918367 29.4876
0.828571428571429 8.16499
0.83265306122449 4.20946
0.836734693877551 9.54382
0.840816326530612 1.91963
0.844897959183673 8.69221
0.848979591836735 1.7533
0.853061224489796 1.8252
0.857142857142857 1.78378
0.861224489795918 3.82026
0.86530612244898 15.334
0.869387755102041 16.4795
0.873469387755102 18.5714
0.877551020408163 48.359
0.881632653061225 0.148197
0.885714285714286 0.253687
0.889795918367347 10.5754
0.893877551020408 10.2345
0.897959183673469 4.12011
0.902040816326531 34.3377
0.906122448979592 17.6488
0.910204081632653 5.5129
0.914285714285714 44.1022
0.918367346938776 55.628
0.922448979591837 16.3078
0.926530612244898 44.9303
0.930612244897959 68.9438
0.93469387755102 59.9254
0.938775510204082 47.8423
0.942857142857143 51.5278
0.946938775510204 41.8493
0.951020408163265 43.7804
0.955102040816327 75.3155
0.959183673469388 84.6733
0.963265306122449 179.451
0.96734693877551 209.708
0.971428571428571 212.65
0.975510204081633 213.893
0.979591836734694 191.558
0.983673469387755 167.743
0.987755102040816 132.68
0.991836734693878 101.839
0.995918367346939 68.5622
1.0 44.9775
1.00408163265306 28.5823
1.00816326530612 16.0093
1.01224489795918 10.1704
1.01632653061224 6.29904
1.02040816326531 4.46025
1.02448979591837 3.42984
1.02857142857143 2.60354
1.03265306122449 2.26043
1.03673469387755 1.9237
1.04081632653061 1.79722
1.04489795918367 1.72376
1.04897959183673 28.4446
1.0530612244898 1.62988
1.05714285714286 1.56716
1.06122448979592 9.14259
1.06530612244898 44.8357
1.06938775510204 0.827168
1.0734693877551 0.538394
1.07755102040816 52.8343
1.08163265306122 1.05838
1.08571428571429 0.594676
1.08979591836735 1.38467
1.09387755102041 42.3278
1.09795918367347 65.6782
1.10204081632653 0.721306
1.10612244897959 54.9592
1.11020408163265 86.8326
1.11428571428571 0.114928
1.11836734693878 7.87622
1.12244897959184 29.665
1.1265306122449 28.913
1.13061224489796 0.150045
1.13469387755102 32.8568
1.13877551020408 7.95691
1.14285714285714 34.0773
1.1469387755102 1.99856
1.15102040816327 4.41545
1.15510204081633 67.2588
1.15918367346939 0.0
1.16326530612245 39.1217
1.16734693877551 1.32487
1.17142857142857 1.1655
1.17551020408163 9.63071
1.17959183673469 42.4169
1.18367346938776 86.5391
1.18775510204082 0.454302
1.19183673469388 34.8818
1.19591836734694 40.453
1.2 210.651
1.20408163265306 52.1849
1.20816326530612 56.8954
1.21224489795918 127.081
1.21632653061224 61.9561
1.22040816326531 170.784
1.22448979591837 115.416
1.22857142857143 143.947
1.23265306122449 124.476
1.23673469387755 113.342
1.24081632653061 94.7493
1.24489795918367 89.5912
1.24897959183673 65.6447
1.2530612244898 51.9061
1.25714285714286 38.9136
1.26122448979592 19.7317
1.26530612244898 13.4182
1.26938775510204 6.78749
1.2734693877551 3.82192
1.27755102040816 1.49629
1.28163265306122 0.817527
1.28571428571429 4.66759
1.28979591836735 4.64939
1.29387755102041 8.25364
1.29795918367347 33.4505
1.30204081632653 137.513
1.30612244897959 149.021
1.31020408163265 199.437
1.31428571428571 214.345
1.31836734693878 198.232
1.32244897959184 200.666
1.3265306122449 195.578
1.33061224489796 172.121
1.33469387755102 137.345
1.33877551020408 107.389
1.34285714285714 87.9172
1.3469387755102 61.0882
1.35102040816327 38.2558
1.35510204081633 24.9872
1.35918367346939 18.4046
1.36326530612245 13.1868
1.36734693877551 8.21252
1.37142857142857 3.82273
1.37551020408163 1.26066
1.37959183673469 0.457863
1.38367346938776 0.0
1.38775510204082 0.0818322
1.39183673469388 0.0
1.39591836734694 0.550727
1.4 0.87663
1.40408163265306 0.868882
1.40816326530612 0.700451
1.41224489795918 0.346564
1.41632653061225 0.40706
1.42040816326531 0.318368
1.42448979591837 0.424519
1.42857142857143 0.347391
1.43265306122449 0.360042
1.43673469387755 0.0237922
1.44081632653061 0.952403
1.44489795918367 0.663648
1.44897959183673 0.0
1.4530612244898 0.50508
1.45714285714286 5.87983
1.46122448979592 0.0
1.46530612244898 0.0
1.46938775510204 0.658651
1.4734693877551 1.57655
1.47755102040816 0.309189
1.48163265306122 0.534743
1.48571428571429 0.451346
1.48979591836735 2.81395
1.49387755102041 0.623385
1.49795918367347 3.4332
1.50204081632653 14.6133
1.50612244897959 0.57749
1.51020408163265 0.644599
1.51428571428571 18.6874
1.51836734693878 12.1481
1.52244897959184 0.922099
1.5265306122449 54.4607
1.53061224489796 1.02356
1.53469387755102 13.5396
1.53877551020408 13.3712
1.54285714285714 1.03998
1.5469387755102 14.8744
1.55102040816327 39.577
1.55510204081633 9.98658
1.55918367346939 1.2341
1.56326530612245 0.874539
1.56734693877551 0.621396
1.57142857142857 3.31359
1.57551020408163 0.675917
1.57959183673469 2.7606
1.58367346938775 11.4313
1.58775510204082 40.905
1.59183673469388 4.45471
1.59591836734694 0.932892
1.6 5.82494
1.60408163265306 1.06672
1.60816326530612 54.8918
1.61224489795918 45.7514
1.61632653061224 2.85736
1.62040816326531 163.679
1.62448979591837 96.0825
1.62857142857143 109.796
1.63265306122449 123.806
1.63673469387755 127.797
1.64081632653061 126.953
1.64489795918367 113.268
1.64897959183673 92.375
1.6530612244898 74.5355
1.65714285714286 51.5583
1.66122448979592 27.8299
1.66530612244898 14.5616
1.66938775510204 11.2931
1.6734693877551 8.77469
1.67755102040816 7.38949
1.68163265306122 6.93673
1.68571428571429 6.22548
1.68979591836735 6.8513
1.69387755102041 6.52317
1.69795918367347 6.48381
1.70204081632653 5.63369
1.70612244897959 5.36401
1.71020408163265 4.62596
1.71428571428571 5.34727
1.71836734693878 6.30283
1.72244897959184 6.13029
1.7265306122449 6.96368
1.73061224489796 7.79746
1.73469387755102 18.1726
1.73877551020408 25.7997
1.74285714285714 6.42107
1.7469387755102 8.0411
1.75102040816327 5.41925
1.75510204081633 5.52245
1.75918367346939 4.08142
1.76326530612245 3.58533
1.76734693877551 4.39811
1.77142857142857 3.39217
1.77551020408163 8.64979
1.77959183673469 2.87296
1.78367346938776 4.99798
1.78775510204082 90.845
1.79183673469388 73.8725
1.79591836734694 57.8544
1.8 53.6275
1.80408163265306 125.198
1.80816326530612 141.591
1.81224489795918 117.647
1.81632653061224 126.397
1.82040816326531 102.317
1.82448979591837 117.101
1.82857142857143 96.9986
1.83265306122449 77.6969
1.83673469387755 72.8089
1.84081632653061 53.2101
1.84489795918367 35.2989
1.84897959183673 31.3454
1.8530612244898 22.5603
1.85714285714286 11.5846
1.86122448979592 10.5959
1.86530612244898 13.4678
1.86938775510204 13.5411
1.8734693877551 11.7603
1.87755102040816 10.6245
1.88163265306122 8.62065
1.88571428571429 7.71229
1.88979591836735 7.73222
1.89387755102041 5.90032
1.89795918367347 4.85271
1.90204081632653 5.64926
1.90612244897959 21.4674
1.91020408163265 6.747
1.91428571428571 2.03309
1.91836734693878 1.75771
1.92244897959184 1.4221
1.9265306122449 37.166
1.93061224489796 38.5878
1.93469387755102 41.3485
1.93877551020408 50.3837
1.94285714285714 73.8918
1.9469387755102 112.687
1.95102040816327 104.726
1.95510204081633 96.5748
1.95918367346939 75.8664
1.96326530612245 69.4418
1.96734693877551 62.8151
1.97142857142857 76.0151
1.97551020408163 94.3909
1.97959183673469 119.935
1.98367346938776 139.525
1.98775510204082 146.605
1.99183673469388 152.017
1.99591836734694 151.199
2.0 141.73
2.00408163265306 120.714
2.00816326530612 101.917
2.01224489795918 89.9371
2.01632653061225 67.3524
2.02040816326531 49.0012
2.02448979591837 37.7007
2.02857142857143 29.0423
2.03265306122449 13.9585
2.03673469387755 8.66615
2.04081632653061 8.39744
2.04489795918367 7.74969
2.04897959183673 7.91714
2.0530612244898 6.77205
2.05714285714286 5.54139
2.06122448979592 4.06974
2.06530612244898 3.47614
2.06938775510204 2.81345
2.0734693877551 2.64491
2.07755102040816 3.30157
2.08163265306122 2.39648
2.08571428571429 3.19066
2.08979591836735 2.87858
2.09387755102041 2.93281
2.09795918367347 3.33069
2.10204081632653 3.64333
2.10612244897959 3.91695
2.11020408163265 4.36873
2.11428571428571 4.76663
2.11836734693878 4.95631
2.12244897959184 4.85814
2.1265306122449 36.7309
2.13061224489796 4.95898
2.13469387755102 4.93948
2.13877551020408 35.7495
2.14285714285714 5.14238
2.1469387755102 2.88004
2.15102040816327 2.67569
2.15510204081633 59.3084
2.15918367346939 37.5166
2.16326530612245 11.5768
2.16734693877551 3.16354
2.17142857142857 18.3218
2.17551020408163 5.97268
2.17959183673469 1.25591
2.18367346938776 56.2951
2.18775510204082 5.48931
2.19183673469388 0.693915
2.19591836734694 20.048
2.2 42.3796
2.20408163265306 34.2666
2.20816326530612 0.0723998
2.21224489795918 4.44521
2.21632653061224 0.235796
2.22040816326531 0.142386
2.22448979591837 0.266353
2.22857142857143 6.94672
2.23265306122449 1.58167
2.23673469387755 60.8548
2.24081632653061 305.673
2.24489795918367 232.92
2.24897959183673 212.272
2.2530612244898 205.759
2.25714285714286 183.343
2.26122448979592 158.934
2.26530612244898 140.162
2.26938775510204 130.617
2.2734693877551 117.302
2.27755102040816 101.863
2.28163265306122 88.9514
2.28571428571429 69.5343
2.28979591836735 57.3889
2.29387755102041 39.3374
2.29795918367347 28.1888
2.30204081632653 18.8647
2.30612244897959 27.0509
2.31020408163265 55.4453
2.31428571428571 88.1192
2.31836734693878 103.471
2.32244897959184 100.865
2.3265306122449 93.0901
2.33061224489796 93.171
2.33469387755102 86.0261
2.33877551020408 75.2032
2.34285714285714 62.5617
2.3469387755102 47.6083
2.35102040816327 37.3711
2.35510204081633 29.631
2.35918367346939 23.215
2.36326530612245 16.7812
2.36734693877551 10.7967
2.37142857142857 6.77686
2.37551020408163 3.52155
2.37959183673469 1.18643
2.38367346938776 0.765691
2.38775510204082 1.55341
2.39183673469388 2.37405
2.39591836734694 0.715544
2.4 1.36937
2.40408163265306 2.79211
2.40816326530612 0.525703
2.41224489795918 1.64705
2.41632653061225 3.37348
2.42040816326531 1.0095
2.42448979591837 1.41626
2.42857142857143 0.645628
2.43265306122449 1.29099
2.43673469387755 1.22558
2.44081632653061 2.03383
2.44489795918367 6.72539
2.44897959183673 16.0233
2.4530612244898 16.9134
2.45714285714286 1.27972
2.46122448979592 2.33135
2.46530612244898 2.88176
2.46938775510204 3.69065
2.4734693877551 74.7898
2.47755102040816 62.3476
2.48163265306122 4.72305
2.48571428571429 9.44924
2.48979591836735 37.5635
2.49387755102041 8.88234
2.49795918367347 7.04141
2.50204081632653 15.981
2.50612244897959 134.289
2.51020408163265 27.4678
2.51428571428571 63.1937
2.51836734693878 39.8296
2.52244897959184 56.0144
2.5265306122449 30.7605
2.53061224489796 28.8513
2.53469387755102 25.0125
2.53877551020408 24.972
2.54285714285714 19.0765
2.5469387755102 15.9279
2.55102040816327 12.5504
2.55510204081633 9.87394
2.55918367346939 34.3063
2.56326530612245 75.4478
2.56734693877551 120.248
2.57142857142857 157.65
2.57551020408163 111.018
2.57959183673469 117.535
2.58367346938775 109.954
2.58775510204082 103.739
2.59183673469388 98.2173
2.59591836734694 92.5491
2.6 89.3561
2.60408163265306 84.6384
2.60816326530612 80.1311
2.61224489795918 93.3381
2.61632653061224 103.122
2.62040816326531 130.885
2.62448979591837 141.647
2.62857142857143 147.779
2.63265306122449 138.812
2.63673469387755 117.627
2.64081632653061 93.1881
2.64489795918367 68.9766
2.64897959183673 46.7442
2.6530612244898 30.8972
2.65714285714286 18.0378
2.66122448979592 8.09245
2.66530612244898 4.39909
2.66938775510204 3.4531
2.6734693877551 2.85866
2.67755102040816 2.3159
2.68163265306122 1.95433
2.68571428571429 4.89171
2.68979591836735 6.83052
2.69387755102041 5.9189
2.69795918367347 3.17693
2.70204081632653 0.0
2.70612244897959 0.0
2.71020408163265 0.0
2.71428571428571 0.139793
2.71836734693878 0.0
2.72244897959184 0.0
2.7265306122449 0.510454
2.73061224489796 4.33675
2.73469387755102 10.693
2.73877551020408 15.7811
2.74285714285714 1.53565
2.7469387755102 1.59286
2.75102040816327 0.541722
2.75510204081633 1.36923
2.75918367346939 1.81605
2.76326530612245 1.37393
2.76734693877551 0.970016
2.77142857142857 4.0286
2.77551020408163 6.09688
2.77959183673469 24.1445
2.78367346938776 4.58368
2.78775510204082 2.30291
2.79183673469388 7.18669
2.79591836734694 4.10039
2.8 0.0
2.80408163265306 0.0
2.80816326530612 0.0
2.81224489795918 0.0
2.81632653061224 6.87687
2.82040816326531 31.0033
2.82448979591837 15.8486
2.82857142857143 28.0683
2.83265306122449 27.4871
2.83673469387755 2.37021
2.84081632653061 4.26815
2.84489795918367 1.70082
2.84897959183673 0.41201
2.8530612244898 3.58922
2.85714285714286 0.4839
2.86122448979592 40.953
2.86530612244898 27.6244
2.86938775510204 27.926
2.8734693877551 10.4989
2.87755102040816 4.57584
2.88163265306122 0.625168
2.88571428571429 6.26836
2.88979591836735 10.5805
2.89387755102041 33.7018
2.89795918367347 47.6816
2.90204081632653 58.4341
2.90612244897959 61.5411
2.91020408163265 65.4259
2.91428571428571 51.4483
2.91836734693878 38.2583
2.92244897959184 33.1704
2.9265306122449 28.1485
2.93061224489796 25.1365
2.93469387755102 23.3353
2.93877551020408 20.5231
2.94285714285714 19.4511
2.9469387755102 46.5128
2.95102040816327 98.7426
2.95510204081633 98.6653
2.95918367346939 78.5839
2.96326530612245 72.6397
2.96734693877551 60.5701
2.97142857142857 46.5726
2.97551020408163 38.5424
2.97959183673469 34.5565
2.98367346938775 34.7171
2.98775510204082 32.0561
2.99183673469388 26.2667
2.99591836734694 17.0034
3.0 10.8507
3.00408163265306 11.5822
3.00816326530612 18.9473
3.01224489795918 10.364
3.01632653061225 1.81929
3.02040816326531 3.31545
3.02448979591837 6.24437
3.02857142857143 9.43533
3.03265306122449 6.42409
3.03673469387755 5.12574
3.04081632653061 3.53689
3.04489795918367 35.5437
3.04897959183673 30.3725
3.0530612244898 11.2327
3.05714285714286 2.45322
3.06122448979592 1.51931
3.06530612244898 2.12672
3.06938775510204 5.08828
3.0734693877551 5.38976
3.07755102040816 12.6254
3.08163265306122 47.3549
3.08571428571429 67.4418
3.08979591836735 55.6022
3.09387755102041 23.2281
3.09795918367347 49.9606
3.10204081632653 94.0378
3.10612244897959 144.969
3.11020408163265 184.596
3.11428571428571 184.792
3.11836734693878 176.989
3.12244897959184 149.664
3.1265306122449 117.232
3.13061224489796 86.4154
3.13469387755102 58.585
3.13877551020408 37.0694
3.14285714285714 24.9233
3.1469387755102 15.6694
3.15102040816327 10.1204
3.15510204081633 4.96786
3.15918367346939 3.92826
3.16326530612245 10.6033
3.16734693877551 17.0438
3.17142857142857 17.8232
3.17551020408163 14.4868
3.17959183673469 5.11482
3.18367346938776 6.34209
3.18775510204082 3.93367
3.19183673469388 3.6033
3.19591836734694 3.29456
3.2 3.24958
3.20408163265306 3.17884
3.20816326530612 3.00743
3.21224489795918 2.78813
3.21632653061224 2.26289
3.22040816326531 7.99967
3.22448979591837 8.99331
3.22857142857143 12.363
3.23265306122449 26.9138
3.23673469387755 22.1965
3.24081632653061 32.9096
3.24489795918367 39.466
3.24897959183673 40.9038
3.2530612244898 47.306
3.25714285714286 50.4196
3.26122448979592 49.1171
3.26530612244898 53.1041
3.26938775510204 66.7578
3.2734693877551 80.3036
3.27755102040816 88.6039
3.28163265306122 81.3449
3.28571428571429 74.0883
3.28979591836735 66.1408
3.29387755102041 59.1267
3.29795918367347 49.2958
3.30204081632653 39.352
3.30612244897959 31.1184
3.31020408163265 25.0406
3.31428571428571 19.0408
3.31836734693878 14.547
3.32244897959184 8.05233
3.3265306122449 5.44119
3.33061224489796 3.68999
3.33469387755102 5.38745
3.33877551020408 3.08799
3.34285714285714 1.93652
3.3469387755102 2.79172
3.35102040816327 3.38425
3.35510204081633 3.02975
3.35918367346939 2.45959
3.36326530612245 2.50788
3.36734693877551 3.33707
3.37142857142857 3.76323
3.37551020408163 3.14503
3.37959183673469 2.00923
3.38367346938776 1.93891
3.38775510204082 2.11434
3.39183673469388 11.6089
3.39591836734694 38.6915
3.4 25.0236
3.40408163265306 3.91462
3.40816326530612 27.3409
3.41224489795918 48.345
3.41632653061225 60.449
3.42040816326531 67.9083
3.42448979591837 69.0701
3.42857142857143 94.9474
3.43265306122449 99.2883
3.43673469387755 57.4822
3.44081632653061 49.5101
3.44489795918367 48.6195
3.44897959183673 40.2705
3.4530612244898 41.8398
3.45714285714286 18.89
3.46122448979592 13.3258
3.46530612244898 7.46126
3.46938775510204 6.31718
3.4734693877551 2.36136
3.47755102040816 2.17144
3.48163265306122 2.18264
3.48571428571429 4.38506
3.48979591836735 4.72337
3.49387755102041 14.3281
3.49795918367347 0.916717
3.50204081632653 29.0749
3.50612244897959 5.01976
3.51020408163265 1.22336
3.51428571428571 17.0573
3.51836734693878 52.7071
3.52244897959184 51.7152
3.5265306122449 23.117
3.53061224489796 1.5952
3.53469387755102 1.68843
3.53877551020408 32.5553
3.54285714285714 11.3422
3.5469387755102 5.49772
3.55102040816327 10.8968
3.55510204081633 62.3527
3.55918367346939 59.6772
3.56326530612245 24.563
3.56734693877551 27.9062
3.57142857142857 48.8503
3.57551020408163 40.3574
3.57959183673469 37.1994
3.58367346938775 39.3369
3.58775510204082 63.1592
3.59183673469388 98.7833
3.59591836734694 112.83
3.6 110.633
3.60408163265306 106.236
3.60816326530612 102.436
3.61224489795918 97.7556
3.61632653061224 88.5089
3.62040816326531 68.4239
3.62448979591837 49.6421
3.62857142857143 35.4745
3.63265306122449 24.1327
3.63673469387755 16.4372
3.64081632653061 10.4365
3.64489795918367 5.28433
3.64897959183673 2.33648
3.6530612244898 0.924885
3.65714285714286 0.752951
3.66122448979592 0.620787
3.66530612244898 0.627503
3.66938775510204 1.628
3.6734693877551 1.0105
3.67755102040816 5.50544
3.68163265306122 7.20725
3.68571428571429 14.0223
3.68979591836735 9.06913
3.69387755102041 14.9243
3.69795918367347 15.9594
3.70204081632653 8.08458
3.70612244897959 1.99465
3.71020408163265 2.34437
3.71428571428571 1.09956
3.71836734693878 0.746489
3.72244897959184 0.421822
3.7265306122449 1.893
3.73061224489796 1.01064
3.73469387755102 0.0
3.73877551020408 0.0
3.74285714285714 0.11455
3.7469387755102 2.29762
3.75102040816327 3.76126
3.75510204081633 6.4359
3.75918367346939 15.8342
3.76326530612245 14.3974
3.76734693877551 35.612
3.77142857142857 10.9808
3.77551020408163 1.99262
3.77959183673469 0.4236
3.78367346938776 0.579109
3.78775510204082 6.67827
3.79183673469388 6.34014
3.79591836734694 0.0
3.8 0.0
3.80408163265306 0.0
3.80816326530612 6.40809
3.81224489795918 9.39572
3.81632653061224 73.7019
3.82040816326531 2.31218
3.82448979591837 27.8344
3.82857142857143 48.2881
3.83265306122449 12.4452
3.83673469387755 16.601
3.84081632653061 28.4097
3.84489795918367 13.4185
3.84897959183673 18.0223
3.8530612244898 14.7756
3.85714285714286 44.5933
3.86122448979592 60.9188
3.86530612244898 107.654
3.86938775510204 113.611
3.8734693877551 115.669
3.87755102040816 102.76
3.88163265306122 81.5565
3.88571428571429 71.8111
3.88979591836735 66.4514
3.89387755102041 63.7307
3.89795918367347 62.7593
3.90204081632653 62.9572
3.90612244897959 65.6606
3.91020408163265 73.2824
3.91428571428571 84.5071
3.91836734693878 87.6897
3.92244897959184 81.4015
3.9265306122449 73.3043
3.93061224489796 58.7459
3.93469387755102 47.2202
3.93877551020408 33.4225
3.94285714285714 20.3814
3.9469387755102 13.1571
3.95102040816327 8.9934
3.95510204081633 7.60547
3.95918367346939 6.35464
3.96326530612245 5.1798
3.96734693877551 4.23833
3.97142857142857 3.53038
3.97551020408163 2.8427
3.97959183673469 2.70619
3.98367346938775 2.6505
3.98775510204082 2.5469
3.99183673469388 2.53321
3.99591836734694 1.87803
4.0 2.12616
4.00408163265306 3.43253
4.00816326530612 2.80444
4.01224489795918 2.35649
4.01632653061225 4.30033
4.02040816326531 4.57939
4.02448979591837 3.06249
4.02857142857143 2.31441
4.03265306122449 3.64294
4.03673469387755 1.86466
4.04081632653061 1.87891
4.04489795918367 1.29223
4.04897959183673 1.42001
4.0530612244898 1.89126
4.05714285714286 0.673746
4.06122448979592 1.68697
4.06530612244898 0.407825
4.06938775510204 1.16188
4.0734693877551 3.96105
4.07755102040816 0.427703
4.08163265306122 0.710785
4.08571428571429 5.52209
4.08979591836735 0.253042
4.09387755102041 1.28176
4.09795918367347 0.00103315
4.10204081632653 0.0
4.10612244897959 0.0
4.11020408163265 0.0
4.11428571428571 0.0
4.11836734693878 0.0
4.12244897959184 1.26216
4.1265306122449 0.794888
4.13061224489796 0.0
4.13469387755102 5.9433
4.13877551020408 0.0945379
4.14285714285714 8.99738
4.1469387755102 9.40241
4.15102040816326 35.8673
4.15510204081633 37.7391
4.15918367346939 24.5928
4.16326530612245 17.255
4.16734693877551 15.204
4.17142857142857 19.6729
4.17551020408163 28.8368
4.17959183673469 25.1954
4.18367346938776 45.2318
4.18775510204082 63.3229
4.19183673469388 50.5479
4.19591836734694 41.6828
4.2 59.1556
4.20408163265306 114.981
4.20816326530612 146.859
4.21224489795918 144.975
4.21632653061225 150.398
4.22040816326531 150.963
4.22448979591837 148.559
4.22857142857143 127.817
4.23265306122449 93.1224
4.23673469387755 76.4466
4.24081632653061 66.2665
4.24489795918367 49.7258
4.24897959183673 33.3079
4.2530612244898 21.929
4.25714285714286 15.8093
4.26122448979592 11.6516
4.26530612244898 6.82114
4.26938775510204 3.79487
4.2734693877551 1.51551
4.27755102040816 1.20883
4.28163265306122 2.52274
4.28571428571429 3.14908
4.28979591836735 2.51206
4.29387755102041 2.5823
4.29795918367347 2.37738
4.30204081632653 1.85228
4.30612244897959 3.40156
4.31020408163265 1.93806
4.31428571428571 1.16885
4.31836734693878 5.90054
4.32244897959184 0.550568
4.3265306122449 0.894214
4.33061224489796 4.25569
4.33469387755102 1.20337
4.33877551020408 5.77821
4.34285714285714 12.5957
4.3469387755102 0.622173
4.35102040816327 0.851919
4.35510204081633 7.98191
4.35918367346939 14.5322
4.36326530612245 17.9049
4.36734693877551 36.1208
4.37142857142857 90.4442
4.37551020408163 85.6653
4.37959183673469 77.299
4.38367346938776 97.7752
4.38775510204082 111.882
4.39183673469388 117.544
4.39591836734694 112.64
4.4 99.9838
4.40408163265306 83.8986
4.40816326530612 63.7331
4.41224489795918 44.7039
4.41632653061224 23.1504
4.42040816326531 13.8836
4.42448979591837 11.5262
4.42857142857143 9.86371
4.43265306122449 7.25496
4.43673469387755 7.53847
4.44081632653061 6.82648
4.44489795918367 4.51236
4.44897959183673 4.42645
4.4530612244898 3.13643
4.45714285714286 3.67496
4.46122448979592 3.57567
4.46530612244898 3.03957
4.46938775510204 2.46819
4.4734693877551 1.96002
4.47755102040816 1.18497
4.48163265306122 0.571661
4.48571428571429 0.227566
4.48979591836735 0.0
4.49387755102041 0.458678
4.49795918367347 0.55029
4.50204081632653 1.64874
4.50612244897959 2.38885
4.51020408163265 3.99443
4.51428571428571 3.55703
4.51836734693878 9.57426
4.52244897959184 42.2363
4.5265306122449 42.8476
4.53061224489796 47.3227
4.53469387755102 52.5102
4.53877551020408 50.2784
4.54285714285714 43.8135
4.5469387755102 44.9453
4.55102040816327 55.4598
4.55510204081633 79.2251
4.55918367346939 88.6741
4.56326530612245 99.2384
4.56734693877551 94.6728
4.57142857142857 86.6963
4.57551020408163 73.5925
4.57959183673469 55.5352
4.58367346938776 40.1735
4.58775510204082 21.0264
4.59183673469388 9.85283
4.59591836734694 4.78502
4.6 1.14112
4.60408163265306 0.926927
4.60816326530612 0.852282
4.61224489795918 1.85154
4.61632653061224 4.24347
4.62040816326531 6.18487
4.62448979591837 7.62892
4.62857142857143 7.26699
4.63265306122449 6.71766
4.63673469387755 4.59089
4.64081632653061 2.91057
4.64489795918367 0.832692
4.64897959183673 1.12775
4.6530612244898 1.53318
4.65714285714286 2.03765
4.66122448979592 13.8671
4.66530612244898 14.4015
4.66938775510204 20.0236
4.6734693877551 13.4894
4.67755102040816 11.2752
4.68163265306122 1.63991
4.68571428571429 4.71618
4.68979591836735 7.38854
4.69387755102041 9.37948
4.69795918367347 7.24049
4.70204081632653 5.40742
4.70612244897959 2.24513
4.71020408163265 0.166635
4.71428571428571 3.90595
4.71836734693878 5.91376
4.72244897959184 36.5184
4.7265306122449 39.4937
4.73061224489796 114.644
4.73469387755102 118.963
4.73877551020408 105.68
4.74285714285714 94.7434
4.7469387755102 80.7877
4.75102040816327 64.3561
4.75510204081633 56.6002
4.75918367346939 36.9926
4.76326530612245 23.9901
4.76734693877551 19.9119
4.77142857142857 13.4624
4.77551020408163 9.04596
4.77959183673469 5.3925
4.78367346938775 5.09974
4.78775510204082 0.77346
4.79183673469388 1.75281
4.79591836734694 1.92279
4.8 1.66392
4.80408163265306 1.23412
4.80816326530612 3.68485
4.81224489795918 0.757188
4.81632653061224 0.519653
4.82040816326531 1.17567
4.82448979591837 0.266224
4.82857142857143 0.53968
4.83265306122449 0.56536
4.83673469387755 5.13744
4.84081632653061 8.15224
4.84489795918367 30.1773
4.84897959183674 29.5175
4.8530612244898 12.2657
4.85714285714286 28.225
4.86122448979592 23.7663
4.86530612244898 27.5004
4.86938775510204 42.4665
4.8734693877551 45.8614
4.87755102040816 51.8436
4.88163265306122 62.3401
4.88571428571429 65.9488
4.88979591836735 66.4452
4.89387755102041 59.6723
4.89795918367347 49.1585
4.90204081632653 43.4497
4.90612244897959 27.0534
4.91020408163265 16.8339
4.91428571428571 6.59351
4.91836734693878 0.0
4.92244897959184 0.039955
4.9265306122449 0.0
4.93061224489796 0.540127
4.93469387755102 0.244975
4.93877551020408 0.332087
4.94285714285714 0.371208
4.9469387755102 2.15248
4.95102040816327 0.383874
4.95510204081633 0.0362694
4.95918367346939 0.0
4.96326530612245 0.00127157
4.96734693877551 0.327269
4.97142857142857 0.298609
4.97551020408163 3.59359
4.97959183673469 0.0
4.98367346938775 0.208368
4.98775510204082 0.303199
4.99183673469388 1.33578
4.99591836734694 0.832746
5.0 0.964175
5.00408163265306 1.08569
5.00816326530612 1.33558
5.01224489795918 1.33709
5.01632653061225 5.75987
5.02040816326531 38.7218
5.02448979591837 8.21413
5.02857142857143 59.1509
5.03265306122449 77.8897
5.03673469387755 106.53
5.04081632653061 106.984
5.04489795918367 120.494
5.04897959183673 127.555
5.0530612244898 126.871
5.05714285714286 108.557
5.06122448979592 90.6117
5.06530612244898 68.9361
5.06938775510204 49.9207
5.0734693877551 37.0052
5.07755102040816 24.0094
5.08163265306122 15.3374
5.08571428571429 6.65289
5.08979591836735 6.3075
5.09387755102041 5.86625
5.09795918367347 6.03485
5.10204081632653 5.13147
5.10612244897959 5.25384
5.11020408163265 6.18336
5.11428571428571 3.87474
5.11836734693878 4.86124
5.12244897959184 4.79231
5.1265306122449 5.22086
5.13061224489796 11.4802
5.13469387755102 16.2728
5.13877551020408 18.3429
5.14285714285714 18.3393
5.1469387755102 14.5576
5.15102040816326 8.69238
5.15510204081633 7.43348
5.15918367346939 0.460366
5.16326530612245 0.551244
5.16734693877551 0.53966
5.17142857142857 2.76396
5.17551020408163 0.569483
5.17959183673469 0.777458
5.18367346938776 1.83331
5.18775510204082 3.4884
5.19183673469388 10.1569
5.19591836734694 82.7573
5.2 96.6718
5.20408163265306 173.132
5.20816326530612 165.786
5.21224489795918 169.063
5.21632653061225 171.451
5.22040816326531 157.682
5.22448979591837 153.814
5.22857142857143 136.582
5.23265306122449 118.882
5.23673469387755 104.773
5.24081632653061 84.9919
5.24489795918367 69.8933
5.24897959183673 53.1698
5.2530612244898 38.4689
5.25714285714286 27.9277
5.26122448979592 16.6187
5.26530612244898 13.9516
5.26938775510204 15.5655
5.2734693877551 15.797
5.27755102040816 16.9469
5.28163265306122 14.5673
5.28571428571429 11.9683
5.28979591836735 7.68837
5.29387755102041 4.3592
5.29795918367347 3.21108
5.30204081632653 1.37218
5.30612244897959 1.57368
5.31020408163265 1.61819
5.31428571428571 0.220979
5.31836734693878 2.14997
5.32244897959184 2.01604
5.3265306122449 1.10847
5.33061224489796 1.38944
5.33469387755102 2.15279
5.33877551020408 3.42855
5.34285714285714 1.25018
5.3469387755102 1.8701
5.35102040816327 3.88488
5.35510204081633 2.37495
5.35918367346939 2.00981
5.36326530612245 3.44369
5.36734693877551 3.11227
5.37142857142857 1.41524
5.37551020408163 0.930287
5.37959183673469 2.32228
5.38367346938776 0.43715
5.38775510204082 0.0
5.39183673469388 0.570739
5.39591836734694 1.81918
5.4 1.75587
5.40408163265306 0.0837147
5.40816326530612 1.79235
5.41224489795918 2.96146
5.41632653061224 5.20045
5.42040816326531 2.46507
5.42448979591837 4.4583
5.42857142857143 2.94714
5.43265306122449 12.7256
5.43673469387755 3.1615
5.44081632653061 24.0246
5.44489795918367 10.5956
5.44897959183673 12.9925
5.4530612244898 6.9087
5.45714285714286 7.6251
5.46122448979592 5.60348
5.46530612244898 5.75119
5.46938775510204 11.2557
5.4734693877551 45.9529
5.47755102040816 92.7291
5.48163265306122 93.4755
5.48571428571429 94.2019
5.48979591836735 76.0643
5.49387755102041 95.7464
5.49795918367347 95.7273
5.50204081632653 82.731
5.50612244897959 79.836
5.51020408163265 80.143
5.51428571428571 70.0444
5.51836734693878 62.4447
5.52244897959184 46.4634
5.5265306122449 44.8149
5.53061224489796 38.3045
5.53469387755102 29.1329
5.53877551020408 19.7615
5.54285714285714 9.4422
5.5469387755102 2.32714
5.55102040816327 1.85492
5.55510204081633 0.555859
5.55918367346939 0.344314
5.56326530612245 0.495731
5.56734693877551 0.788117
5.57142857142857 1.34194
5.57551020408163 1.73265
5.57959183673469 3.22636
5.58367346938776 7.15994
5.58775510204082 10.5473
5.59183673469388 9.13894
5.59591836734694 8.36479
5.6 6.73407
5.60408163265306 5.35074
5.60816326530612 4.24107
5.61224489795918 3.53352
5.61632653061224 2.94431
5.62040816326531 2.67229
5.62448979591837 3.87255
5.62857142857143 3.32707
5.63265306122449 6.7366
5.63673469387755 7.4423
5.64081632653061 17.8474
5.64489795918367 19.4634
5.64897959183673 17.6336
5.6530612244898 21.7618
5.65714285714286 39.3694
5.66122448979592 48.4618
5.66530612244898 79.2695
5.66938775510204 114.736
5.6734693877551 128.06
5.67755102040816 145.786
5.68163265306122 138.103
5.68571428571429 126.218
5.68979591836735 104.496
5.69387755102041 81.3705
5.69795918367347 51.7598
5.70204081632653 36.9684
5.70612244897959 24.0721
5.71020408163265 11.5078
5.71428571428571 7.19909
5.71836734693878 4.45597
5.72244897959184 4.56191
5.7265306122449 2.15787
5.73061224489796 1.60126
5.73469387755102 1.20439
5.73877551020408 5.1652
5.74285714285714 0.854264
5.7469387755102 1.28972
5.75102040816327 1.74082
5.75510204081633 3.07194
5.75918367346939 3.62125
5.76326530612245 3.49988
5.76734693877551 4.6828
5.77142857142857 4.23395
5.77551020408163 2.87505
5.77959183673469 1.959
5.78367346938775 5.65548
5.78775510204082 1.22216
5.79183673469388 2.58656
5.79591836734694 2.96302
5.8 5.62591
5.80408163265306 5.76802
5.80816326530612 33.7829
5.81224489795918 15.7016
5.81632653061224 38.5142
5.82040816326531 59.7867
5.82448979591837 126.684
5.82857142857143 113.18
5.83265306122449 198.254
5.83673469387755 258.795
5.84081632653061 275.584
5.84489795918367 245.679
5.84897959183674 235.792
5.8530612244898 215.867
5.85714285714286 185.561
5.86122448979592 151.51
5.86530612244898 115.799
5.86938775510204 89.9216
5.8734693877551 65.0046
5.87755102040816 39.6469
5.88163265306122 25.2716
5.88571428571429 21.5416
5.88979591836735 16.1172
5.89387755102041 11.6062
5.89795918367347 8.42136
5.90204081632653 5.31768
5.90612244897959 1.62745
5.91020408163265 1.3777
5.91428571428571 1.32541
5.91836734693878 0.87439
5.92244897959184 0.687973
5.9265306122449 0.595193
5.93061224489796 0.30873
5.93469387755102 0.600326
5.93877551020408 0.0
5.94285714285714 0.179385
5.9469387755102 1.61241
5.95102040816327 1.08369
5.95510204081633 1.6298
5.95918367346939 2.02295
5.96326530612245 1.10967
5.96734693877551 0.389715
5.97142857142857 1.20413
5.97551020408163 0.732134
5.97959183673469 0.34229
5.98367346938775 3.55147
5.98775510204082 0.0
5.99183673469388 0.0
5.99591836734694 9.38704
6.0 0.0635087
6.00408163265306 2.10678
6.00816326530612 7.40922
6.01224489795918 0.0
6.01632653061225 6.36985
6.02040816326531 5.04303
6.02448979591837 0.0
6.02857142857143 1.30828
6.03265306122449 0.0
6.03673469387755 0.0
6.04081632653061 0.146538
6.04489795918367 6.79088
6.04897959183673 0.643199
6.0530612244898 0.646956
6.05714285714286 9.83985
6.06122448979592 0.737285
6.06530612244898 5.40048
6.06938775510204 1.21427
6.0734693877551 8.24531
6.07755102040816 9.72442
6.08163265306122 2.23125
6.08571428571429 5.73135
6.08979591836735 6.56457
6.09387755102041 4.45826
6.09795918367347 28.8393
6.10204081632653 4.34931
6.10612244897959 3.71015
6.11020408163265 8.28788
6.11428571428571 2.40045
6.11836734693878 17.8385
6.12244897959184 2.80597
6.1265306122449 44.8147
6.13061224489796 1.87188
6.13469387755102 55.5923
6.13877551020408 15.6083
6.14285714285714 76.0651
6.1469387755102 63.8119
6.15102040816326 30.0029
6.15510204081633 240.906
6.15918367346939 185.175
6.16326530612245 98.957
6.16734693877551 88.9689
6.17142857142857 105.875
6.17551020408163 63.9027
6.17959183673469 59.1965
6.18367346938776 46.7374
6.18775510204082 37.3821
6.19183673469388 27.2709
6.19591836734694 16.9074
6.2 13.0775
6.20408163265306 9.19646
6.20816326530612 14.5907
6.21224489795918 19.2032
6.21632653061225 19.8288
6.22040816326531 19.1172
6.22448979591837 15.2003
6.22857142857143 18.5377
6.23265306122449 4.39936
6.23673469387755 4.0197
6.24081632653061 8.04112
6.24489795918367 2.1136
6.24897959183673 10.4751
6.2530612244898 13.2313
6.25714285714286 5.98668
6.26122448979592 16.2353
6.26530612244898 3.89961
6.26938775510204 12.0386
6.2734693877551 5.60674
6.27755102040816 11.5844
6.28163265306122 7.98637
6.28571428571429 5.98496
6.28979591836735 15.7396
6.29387755102041 4.95539
6.29795918367347 9.73897
6.30204081632653 4.82388
6.30612244897959 4.99845
6.31020408163265 13.4028
6.31428571428571 8.8573
6.31836734693878 14.6063
6.32244897959184 15.5576
6.3265306122449 3.40358
6.33061224489796 4.96028
6.33469387755102 29.6586
6.33877551020408 3.09185
6.34285714285714 30.8894
6.3469387755102 67.8199
6.35102040816327 2.14524
6.35510204081633 16.0019
6.35918367346939 28.8594
6.36326530612245 44.5847
6.36734693877551 56.1311
6.37142857142857 20.504
6.37551020408163 36.9657
6.37959183673469 33.9295
6.38367346938776 17.8527
6.38775510204082 9.26786
6.39183673469388 16.1162
6.39591836734694 2.5848
6.4 2.289
6.40408163265306 6.03435
6.40816326530612 0.503639
6.41224489795918 2.71386
6.41632653061224 7.18259
6.42040816326531 14.942
6.42448979591837 67.5142
6.42857142857143 6.38807
6.43265306122449 7.50995
6.43673469387755 51.4944
6.44081632653061 22.1044
6.44489795918367 64.6973
6.44897959183673 167.4
6.4530612244898 174.301
6.45714285714286 176.203
6.46122448979592 167.5
6.46530612244898 140.472
6.46938775510204 112.946
6.4734693877551 88.3587
6.47755102040816 72.2295
6.48163265306122 85.4203
6.48571428571429 63.7196
6.48979591836735 136.456
6.49387755102041 172.665
6.49795918367347 213.198
6.50204081632653 224.799
6.50612244897959 208.036
6.51020408163265 183.78
6.51428571428571 158.432
6.51836734693878 126.765
6.52244897959184 100.021
6.5265306122449 69.8267
6.53061224489796 49.5982
6.53469387755102 32.5937
6.53877551020408 22.0643
6.54285714285714 15.3404
6.5469387755102 11.0977
6.55102040816327 8.49452
6.55510204081633 9.14205
6.55918367346939 8.57234
6.56326530612245 9.53132
6.56734693877551 8.52184
6.57142857142857 8.8709
6.57551020408163 7.3456
6.57959183673469 6.09539
6.58367346938776 4.29714
6.58775510204082 6.0341
6.59183673469388 2.60254
6.59591836734694 5.28784
6.6 1.80496
6.60408163265306 13.0479
6.60816326530612 0.517329
6.61224489795918 9.02261
6.61632653061224 0.263164
6.62040816326531 1.40199
6.62448979591837 0.0728965
6.62857142857143 1.27393
6.63265306122449 15.9081
6.63673469387755 34.2405
6.64081632653061 5.32475
6.64489795918367 8.88715
6.64897959183673 3.03694
6.6530612244898 1.69275
6.65714285714286 2.51748
6.66122448979592 14.1359
6.66530612244898 35.4194
6.66938775510204 6.24838
6.6734693877551 17.7449
6.67755102040816 0.0153482
6.68163265306122 0.176698
6.68571428571429 0.487722
6.68979591836735 0.359615
6.69387755102041 19.3698
6.69795918367347 50.5761
6.70204081632653 14.9085
6.70612244897959 46.9918
6.71020408163265 2.93925
6.71428571428571 20.0899
6.71836734693878 40.2173
6.72244897959184 24.1871
6.7265306122449 92.3311
6.73061224489796 68.5159
6.73469387755102 61.9401
6.73877551020408 6.92102
6.74285714285714 17.9793
6.7469387755102 98.8629
6.75102040816327 61.8733
6.75510204081633 81.0063
6.75918367346939 2.55622
6.76326530612245 158.498
6.76734693877551 114.944
6.77142857142857 175.36
6.77551020408163 160.687
6.77959183673469 101.458
6.78367346938775 111.961
6.78775510204082 119.24
6.79183673469388 112.488
6.79591836734694 171.19
6.8 211.116
6.80408163265306 195.039
6.80816326530612 227.769
6.81224489795918 227.896
6.81632653061224 227.589
6.82040816326531 200.43
6.82448979591837 170.202
6.82857142857143 145.946
6.83265306122449 113.097
6.83673469387755 85.7601
6.84081632653061 62.0281
6.84489795918367 42.6945
6.84897959183674 29.3908
6.8530612244898 17.8769
6.85714285714286 10.5793
6.86122448979592 7.7949
6.86530612244898 6.39825
6.86938775510204 5.80497
6.8734693877551 5.58024
6.87755102040816 5.77578
6.88163265306122 5.426
6.88571428571429 5.24382
6.88979591836735 6.44642
6.89387755102041 5.48021
6.89795918367347 5.99081
6.90204081632653 9.68616
6.90612244897959 3.96249
6.91020408163265 3.26514
6.91428571428571 4.75384
6.91836734693878 6.40816
6.92244897959184 26.5251
6.9265306122449 3.29111
6.93061224489796 4.51669
6.93469387755102 19.9457
6.93877551020408 1.91857
6.94285714285714 42.0736
6.9469387755102 10.2992
6.95102040816327 2.23497
6.95510204081633 0.535051
6.95918367346939 0.31805
6.96326530612245 95.3087
6.96734693877551 0.0
6.97142857142857 0.0
6.97551020408163 1.89062
6.97959183673469 0.0
6.98367346938775 62.5979
6.98775510204082 0.0
6.99183673469388 75.6776
6.99591836734694 58.2748
7.0 0.0
7.00408163265306 48.5586
7.00816326530612 17.7056
7.01224489795918 48.1067
7.01632653061225 16.9682
7.02040816326531 45.7328
7.02448979591837 22.1566
7.02857142857143 0.0
7.03265306122449 9.38568
7.03673469387755 10.2871
7.04081632653061 58.031
7.04489795918367 0.0
7.04897959183673 0.0
7.0530612244898 29.9162
7.05714285714286 30.899
7.06122448979592 30.5942
7.06530612244898 77.3946
7.06938775510204 160.726
7.0734693877551 109.522
7.07755102040816 130.376
7.08163265306122 110.25
7.08571428571429 100.448
7.08979591836735 66.3319
7.09387755102041 54.5755
7.09795918367347 37.009
7.10204081632653 23.8141
7.10612244897959 45.7044
7.11020408163265 50.3875
7.11428571428571 81.925
7.11836734693878 109.268
7.12244897959184 188.3
7.1265306122449 226.034
7.13061224489796 247.119
7.13469387755102 222.024
7.13877551020408 200.819
7.14285714285714 178.707
7.1469387755102 139.442
7.15102040816326 108.872
7.15510204081633 82.2262
7.15918367346939 60.4956
7.16326530612245 36.7917
7.16734693877551 22.5512
7.17142857142857 11.8054
7.17551020408163 7.40503
7.17959183673469 4.36939
7.18367346938776 3.65553
7.18775510204082 3.6652
7.19183673469388 3.62307
7.19591836734694 5.67222
7.2 10.5639
7.20408163265306 13.3414
7.20816326530612 40.8542
7.21224489795918 14.2203
7.21632653061225 10.9131
7.22040816326531 13.6533
7.22448979591837 10.2645
7.22857142857143 8.35629
7.23265306122449 7.10179
7.23673469387755 35.6908
7.24081632653061 4.66267
7.24489795918367 4.08296
7.24897959183673 4.11298
7.2530612244898 3.28851
7.25714285714286 47.0143
7.26122448979592 4.86446
7.26530612244898 4.30695
7.26938775510204 3.57984
7.2734693877551 1.84429
7.27755102040816 9.64903
7.28163265306122 116.356
7.28571428571429 0.784645
7.28979591836735 2.65152
7.29387755102041 38.0448
7.29795918367347 31.111
7.30204081632653 48.3235
7.30612244897959 42.7912
7.31020408163265 51.6931
7.31428571428571 19.0191
7.31836734693878 22.668
7.32244897959184 44.6943
7.3265306122449 29.8714
7.33061224489796 22.7896
7.33469387755102 18.1914
7.33877551020408 7.78536
7.34285714285714 9.13429
7.3469387755102 2.57738
7.35102040816327 0.0
7.35510204081633 13.0184
7.35918367346939 0.0980894
7.36326530612245 0.380556
7.36734693877551 0.547131
7.37142857142857 19.6969
7.37551020408163 64.2855
7.37959183673469 0.479584
7.38367346938776 0.380744
7.38775510204082 1.37278
7.39183673469388 44.2542
7.39591836734694 11.8456
7.4 70.808
7.40408163265306 81.8602
7.40816326530612 2.60595
7.41224489795918 2.52392
7.41632653061224 17.0046
7.42040816326531 9.89056
7.42448979591837 0.0677208
7.42857142857143 0.410289
7.43265306122449 8.59822
7.43673469387755 17.5908
7.44081632653061 25.6167
7.44489795918367 28.5137
7.44897959183673 146.735
7.4530612244898 40.1043
7.45714285714286 140.685
7.46122448979592 184.292
7.46530612244898 220.704
7.46938775510204 182.268
7.4734693877551 193.512
7.47755102040816 171.051
7.48163265306122 149.358
7.48571428571429 126.097
7.48979591836735 100.023
7.49387755102041 75.1448
7.49795918367347 52.3778
7.50204081632653 38.1046
7.50612244897959 23.6765
7.51020408163265 15.7787
7.51428571428571 10.9906
7.51836734693878 8.36811
7.52244897959184 6.99133
7.5265306122449 11.0504
7.53061224489796 11.9304
7.53469387755102 12.7476
7.53877551020408 10.3839
7.54285714285714 10.3124
7.5469387755102 8.83332
7.55102040816327 7.24635
7.55510204081633 7.18177
7.55918367346939 6.58991
7.56326530612245 6.70884
7.56734693877551 6.51058
7.57142857142857 6.34273
7.57551020408163 5.39764
7.57959183673469 3.97927
7.58367346938776 2.89255
7.58775510204082 1.70569
7.59183673469388 1.70493
7.59591836734694 0.63169
7.6 11.2276
7.60408163265306 2.65585
7.60816326530612 2.15058
7.61224489795918 2.90531
7.61632653061224 3.51745
7.62040816326531 0.0
7.62448979591837 0.0
7.62857142857143 2.38897
7.63265306122449 19.9836
7.63673469387755 0.0
7.64081632653061 0.0
7.64489795918367 10.8884
7.64897959183673 5.41364
7.6530612244898 10.7998
7.65714285714286 10.2552
7.66122448979592 31.3894
7.66530612244898 1.70957
7.66938775510204 12.2203
7.6734693877551 2.22307
7.67755102040816 3.1308
7.68163265306122 0.0
7.68571428571429 39.2335
7.68979591836735 42.0529
7.69387755102041 43.7747
7.69795918367347 90.8379
7.70204081632653 107.909
7.70612244897959 126.138
7.71020408163265 115.875
7.71428571428571 94.5263
7.71836734693878 83.1578
7.72244897959184 67.1611
7.7265306122449 43.9466
7.73061224489796 31.616
7.73469387755102 19.3537
7.73877551020408 12.3916
7.74285714285714 0.0
7.7469387755102 3.36117
7.75102040816327 13.6811
7.75510204081633 22.7016
7.75918367346939 72.727
7.76326530612245 95.3816
7.76734693877551 108.598
7.77142857142857 134.966
7.77551020408163 154.78
7.77959183673469 153.906
7.78367346938775 170.106
7.78775510204082 173.513
7.79183673469388 160.868
7.79591836734694 126.584
7.8 96.9829
7.80408163265306 83.8721
7.80816326530612 60.8195
7.81224489795918 38.3831
7.81632653061224 24.8919
7.82040816326531 19.1663
7.82448979591837 13.6053
7.82857142857143 9.15978
7.83265306122449 5.78233
7.83673469387755 2.4695
7.84081632653061 0.646522
7.84489795918367 0.645995
7.84897959183674 0.592103
7.8530612244898 1.01996
7.85714285714286 0.355492
7.86122448979592 1.33761
7.86530612244898 0.981688
7.86938775510204 0.380186
7.8734693877551 0.162768
7.87755102040816 0.0
7.88163265306122 0.0
7.88571428571429 0.0
7.88979591836735 0.715829
7.89387755102041 0.247844
7.89795918367347 1.6973
7.90204081632653 1.27457
7.90612244897959 0.789523
7.91020408163265 0.475933
7.91428571428571 1.42277
7.91836734693878 1.2979
7.92244897959184 1.1356
7.9265306122449 1.45765
7.93061224489796 7.14241
7.93469387755102 1.14906
7.93877551020408 0.931166
7.94285714285714 0.656185
7.9469387755102 0.498494
7.95102040816327 0.344833
7.95510204081633 0.172496
7.95918367346939 0.036786
7.96326530612245 105.883
7.96734693877551 0.0
7.97142857142857 0.0
7.97551020408163 1.13124
7.97959183673469 43.7505
7.98367346938775 59.1352
7.98775510204082 31.5318
7.99183673469388 10.0747
7.99591836734694 0.1191
8.0 24.3741
8.00408163265306 0.00159939
8.00816326530612 0.0686347
8.01224489795918 0.0
8.01632653061225 0.125418
8.02040816326531 31.4631
8.02448979591837 32.7285
8.02857142857143 2.78142
8.03265306122449 59.3876
8.03673469387755 77.3696
8.04081632653061 80.4911
8.04489795918367 74.3485
8.04897959183674 68.5144
8.0530612244898 64.1327
8.05714285714286 47.5865
8.06122448979592 38.0774
8.06530612244898 31.2511
8.06938775510204 28.3563
8.0734693877551 31.6347
8.07755102040816 48.4853
8.08163265306122 54.817
8.08571428571429 58.3896
8.08979591836735 64.334
8.09387755102041 66.919
8.09795918367347 67.0014
8.10204081632653 66.9284
8.10612244897959 54.0108
8.11020408163265 44.7904
8.11428571428571 35.6364
8.11836734693878 23.5897
8.12244897959184 15.0335
8.1265306122449 12.7806
8.13061224489796 11.6551
8.13469387755102 11.5314
8.13877551020408 11.4822
8.14285714285714 11.3609
8.1469387755102 8.37644
8.15102040816327 8.31036
8.15510204081633 7.48523
8.15918367346939 7.96039
8.16326530612245 6.30255
8.16734693877551 5.65716
8.17142857142857 6.74957
8.17551020408163 10.6094
8.17959183673469 6.82362
8.18367346938776 6.52784
8.18775510204082 5.38094
8.19183673469388 6.8827
8.19591836734694 4.62048
8.2 6.09617
8.20408163265306 11.8291
8.20816326530612 64.1372
8.21224489795918 33.0279
8.21632653061224 52.6877
8.22040816326531 35.8743
8.22448979591837 31.5278
8.22857142857143 30.0098
8.23265306122449 58.76
8.23673469387755 53.5817
8.24081632653061 92.4739
8.24489795918367 128.298
8.24897959183673 142.502
8.2530612244898 155.899
8.25714285714286 147.717
8.26122448979592 128.206
8.26530612244898 104.516
8.26938775510204 76.0546
8.2734693877551 59.7368
8.27755102040816 47.0858
8.28163265306122 31.9465
8.28571428571429 20.8431
8.28979591836735 14.0612
8.29387755102041 11.2715
8.29795918367347 9.70841
8.30204081632653 8.6212
8.30612244897959 7.84385
8.31020408163265 6.81568
8.31428571428571 6.29126
8.31836734693877 5.59731
8.32244897959184 4.81043
8.3265306122449 4.35297
8.33061224489796 3.59243
8.33469387755102 7.33696
8.33877551020408 2.32741
8.34285714285714 1.94161
8.3469387755102 1.60947
8.35102040816327 17.9571
8.35510204081633 77.6442
8.35918367346939 92.2445
8.36326530612245 137.32
8.36734693877551 84.8859
8.37142857142857 91.0185
8.37551020408163 91.6
8.37959183673469 128.876
8.38367346938776 135.565
8.38775510204082 105.808
8.39183673469388 150.239
8.39591836734694 188.422
8.4 197.013
8.40408163265306 196.178
8.40816326530612 203.063
8.41224489795918 188.81
8.41632653061225 163.584
8.42040816326531 140.459
8.42448979591837 110.327
8.42857142857143 84.0786
8.43265306122449 55.4186
8.43673469387755 37.5207
8.44081632653061 23.7797
8.44489795918367 12.0081
8.44897959183673 6.25712
8.4530612244898 6.97396
8.45714285714286 7.83351
8.46122448979592 7.93326
8.46530612244898 7.61153
8.46938775510204 7.02582
8.4734693877551 5.49538
8.47755102040816 4.53843
8.48163265306122 3.45587
8.48571428571429 1.86846
8.48979591836735 1.6886
8.49387755102041 0.713875
8.49795918367347 0.306527
8.50204081632653 1.20755
8.50612244897959 0.0308255
8.51020408163265 0.059098
8.51428571428571 56.4599
8.51836734693878 0.241523
8.52244897959184 0.208373
8.5265306122449 33.6185
8.53061224489796 18.0147
8.53469387755102 5.33832
8.53877551020408 10.1682
8.54285714285714 71.6718
8.5469387755102 13.3634
8.55102040816327 1.8624
8.55510204081633 0.902449
8.55918367346939 31.3049
8.56326530612245 2.16157
8.56734693877551 0.456244
8.57142857142857 19.7438
8.57551020408163 20.8257
8.57959183673469 1.02409
8.58367346938775 7.33947
8.58775510204082 12.372
8.59183673469388 89.0431
8.59591836734694 16.7915
8.6 1.3199
8.60408163265306 17.837
8.60816326530612 40.0684
8.61224489795918 7.9278
8.61632653061224 53.4638
8.62040816326531 47.3947
8.62448979591837 31.4921
8.62857142857143 28.8364
8.63265306122449 36.798
8.63673469387755 19.6837
8.64081632653061 36.5036
8.64489795918367 38.8157
8.64897959183673 53.9901
8.6530612244898 100.247
8.65714285714286 21.4383
8.66122448979592 47.6727
8.66530612244898 55.5939
8.66938775510204 64.2502
8.6734693877551 116.806
8.67755102040816 206.544
8.68163265306123 186.412
8.68571428571429 183.075
8.68979591836735 173.218
8.69387755102041 162.373
8.69795918367347 146.578
8.70204081632653 121.955
8.70612244897959 102.331
8.71020408163265 85.0348
8.71428571428571 67.6015
8.71836734693878 53.6992
8.72244897959184 40.2314
8.7265306122449 46.4154
8.73061224489796 54.9428
8.73469387755102 64.9889
8.73877551020408 66.5111
8.74285714285714 65.7491
8.7469387755102 54.4741
8.75102040816327 52.0511
8.75510204081633 40.6176
8.75918367346939 34.1889
8.76326530612245 25.9811
8.76734693877551 23.2369
8.77142857142857 16.3643
8.77551020408163 13.2248
8.77959183673469 10.9679
8.78367346938776 7.33669
8.78775510204082 4.9359
8.79183673469388 2.26283
8.79591836734694 0.719522
8.8 0.419016
8.80408163265306 0.0
8.80816326530612 3.04381
8.81224489795918 0.168463
8.81632653061224 1.43119
8.82040816326531 1.7141
8.82448979591837 2.17545
8.82857142857143 2.54953
8.83265306122449 1.33475
8.83673469387755 1.36142
8.84081632653061 0.835285
8.84489795918367 0.575831
8.84897959183673 0.959198
8.8530612244898 0.929038
8.85714285714286 0.84874
8.86122448979592 6.00786
8.86530612244898 1.43934
8.86938775510204 5.96158
8.8734693877551 0.360241
8.87755102040816 0.0829405
8.88163265306122 0.0
8.88571428571429 0.0
8.88979591836735 0.0
8.89387755102041 0.192913
8.89795918367347 3.36769
8.90204081632653 10.0339
8.90612244897959 18.0185
8.91020408163265 8.60104
8.91428571428571 13.4527
8.91836734693878 0.435122
8.92244897959184 10.8102
8.9265306122449 6.12573
8.93061224489796 19.8907
8.93469387755102 4.58614
8.93877551020408 0.0
8.94285714285714 0.0
8.9469387755102 0.0
8.95102040816326 0.0
8.95510204081633 0.0
8.95918367346939 0.0
8.96326530612245 18.2671
8.96734693877551 102.619
8.97142857142857 10.6814
8.97551020408163 141.335
8.97959183673469 109.541
8.98367346938775 127.435
8.98775510204082 136.156
8.99183673469388 144.764
8.99591836734694 150.712
9.0 137.568
9.00408163265306 143.127
9.00816326530612 104.207
9.01224489795918 104.46
9.01632653061225 114.57
9.02040816326531 112.759
9.02448979591837 129.151
9.02857142857143 134.059
9.03265306122449 141.039
9.03673469387755 133.822
9.04081632653061 118.004
9.04489795918367 100.158
9.04897959183674 77.3303
9.0530612244898 57.8745
9.05714285714286 46.7235
9.06122448979592 34.5564
9.06530612244898 28.0835
9.06938775510204 23.986
9.0734693877551 21.5631
9.07755102040816 18.2241
9.08163265306122 16.0388
9.08571428571429 13.2024
9.08979591836735 10.973
9.09387755102041 6.07525
9.09795918367347 1.52486
9.10204081632653 0.334789
9.10612244897959 0.311889
9.11020408163265 0.0
9.11428571428571 0.118519
9.11836734693878 0.456368
9.12244897959184 0.542874
9.1265306122449 4.30064
9.13061224489796 9.31897
9.13469387755102 6.06454
9.13877551020408 8.33234
9.14285714285714 0.676448
9.1469387755102 2.7403
9.15102040816327 3.56948
9.15510204081633 4.22551
9.15918367346939 6.07598
9.16326530612245 1.225
9.16734693877551 5.07984
9.17142857142857 11.1039
9.17551020408163 5.59425
9.17959183673469 6.2447
9.18367346938776 0.459433
9.18775510204082 0.834693
9.19183673469388 0.0
9.19591836734694 0.510933
9.2 28.3706
9.20408163265306 28.7046
9.20816326530612 4.61163
9.21224489795918 8.77467
9.21632653061224 8.38033
9.22040816326531 10.8032
9.22448979591837 3.7113
9.22857142857143 4.49394
9.23265306122449 0.00688434
9.23673469387755 28.7901
9.24081632653061 71.4634
9.24489795918367 37.3512
9.24897959183673 3.71647
9.2530612244898 1.45106
9.25714285714286 10.2514
9.26122448979592 24.7882
9.26530612244898 7.10686
9.26938775510204 10.9829
9.2734693877551 0.258913
9.27755102040816 19.3959
9.28163265306122 102.486
9.28571428571429 89.9213
9.28979591836735 59.8983
9.29387755102041 61.1018
9.29795918367347 70.0682
9.30204081632653 58.4991
9.30612244897959 63.7591
9.31020408163265 80.7047
9.31428571428571 66.1382
9.31836734693877 61.9944
9.32244897959184 59.6951
9.3265306122449 43.4009
9.33061224489796 29.701
9.33469387755102 18.0842
9.33877551020408 12.58
9.34285714285714 14.704
9.3469387755102 24.5775
9.35102040816327 42.814
9.35510204081633 51.1652
9.35918367346939 46.7289
9.36326530612245 39.9866
9.36734693877551 27.4631
9.37142857142857 15.2504
9.37551020408163 5.79191
9.37959183673469 2.98344
9.38367346938776 1.79453
9.38775510204082 2.12455
9.39183673469388 1.23966
9.39591836734694 1.33705
9.4 2.57903
9.40408163265306 14.2403
9.40816326530612 21.3463
9.41224489795918 24.8587
9.41632653061225 21.5557
9.42040816326531 16.9012
9.42448979591837 12.3295
9.42857142857143 10.0979
9.43265306122449 8.71977
9.43673469387755 10.064
9.44081632653061 12.9471
9.44489795918367 6.93337
9.44897959183673 5.33136
9.4530612244898 4.34526
9.45714285714286 8.30295
9.46122448979592 21.5743
9.46530612244898 28.4731
9.46938775510204 51.0414
9.4734693877551 73.2171
9.47755102040816 86.8468
9.48163265306122 105.957
9.48571428571429 114.233
9.48979591836735 106.718
9.49387755102041 98.7169
9.49795918367347 80.9948
9.50204081632653 66.9391
9.50612244897959 52.4913
9.51020408163265 37.3954
9.51428571428571 23.242
9.51836734693878 16.4585
9.52244897959184 15.5318
9.5265306122449 14.5585
9.53061224489796 11.9671
9.53469387755102 8.61327
9.53877551020408 4.99175
9.54285714285714 4.92123
9.5469387755102 0.696937
9.55102040816327 0.652876
9.55510204081633 1.07553
9.55918367346939 0.415729
9.56326530612245 0.677009
9.56734693877551 0.58497
9.57142857142857 0.414018
9.57551020408163 1.83018
9.57959183673469 1.90777
9.58367346938775 2.88173
9.58775510204082 2.27426
9.59183673469388 2.73937
9.59591836734694 5.05102
9.6 7.4917
9.60408163265306 12.5474
9.60816326530612 35.4469
9.61224489795918 63.8588
9.61632653061224 82.2842
9.62040816326531 103.816
9.62448979591837 110.17
9.62857142857143 136.069
9.63265306122449 155.261
9.63673469387755 144.564
9.64081632653061 135.903
9.64489795918367 121.281
9.64897959183673 102.406
9.6530612244898 86.8998
9.65714285714286 70.0542
9.66122448979592 53.8397
9.66530612244898 40.4493
9.66938775510204 29.2507
9.6734693877551 19.4571
9.67755102040816 12.0714
9.68163265306123 8.21265
9.68571428571429 4.83614
9.68979591836735 2.97449
9.69387755102041 1.53888
9.69795918367347 0.396053
9.70204081632653 1.71561
9.70612244897959 1.14837
9.71020408163265 3.76115
9.71428571428571 4.22154
9.71836734693878 4.60892
9.72244897959184 5.96817
9.7265306122449 4.41108
9.73061224489796 4.94817
9.73469387755102 2.72625
9.73877551020408 4.33147
9.74285714285714 2.15536
9.7469387755102 2.27368
9.75102040816327 2.10369
9.75510204081633 3.11635
9.75918367346939 1.25196
9.76326530612245 0.683665
9.76734693877551 12.9762
9.77142857142857 32.7524
9.77551020408163 59.7414
9.77959183673469 91.5065
9.78367346938776 112.764
9.78775510204082 111.169
9.79183673469388 110.662
9.79591836734694 103.126
9.8 90.873
9.80408163265306 72.1177
9.80816326530612 47.5936
9.81224489795918 29.6725
9.81632653061224 18.4976
9.82040816326531 11.4198
9.82448979591837 6.43247
9.82857142857143 2.32175
9.83265306122449 0.047644
9.83673469387755 0.0444651
9.84081632653061 0.0220338
9.84489795918367 1.94612
9.84897959183673 2.54526
9.8530612244898 4.81154
9.85714285714286 6.52511
9.86122448979592 5.98
9.86530612244898 5.67008
9.86938775510204 7.07869
9.8734693877551 4.1663
9.87755102040816 3.00467
9.88163265306122 0.866264
9.88571428571429 0.506033
9.88979591836735 0.778039
9.89387755102041 1.12773
9.89795918367347 0.409226
9.90204081632653 1.81151
9.90612244897959 1.291
9.91020408163265 10.6439
9.91428571428571 90.9311
9.91836734693878 95.6918
9.92244897959184 81.2868
9.9265306122449 80.2275
9.93061224489796 80.8681
9.93469387755102 66.9332
9.93877551020408 55.0085
9.94285714285714 44.3948
9.9469387755102 39.9005
9.95102040816326 39.4963
9.95510204081633 39.7915
9.95918367346939 40.3225
9.96326530612245 44.8368
9.96734693877551 49.8941
9.97142857142857 52.1172
9.97551020408163 70.4554
9.97959183673469 77.6392
9.98367346938775 70.5442
9.98775510204082 59.4485
9.99183673469388 49.3058
9.99591836734694 38.0477
10.0 26.2678
10.0040816326531 16.1718
10.0081632653061 10.7668
10.0122448979592 7.65747
10.0163265306122 4.26505
10.0204081632653 2.83193
10.0244897959184 0.555292
10.0285714285714 0.368431
10.0326530612245 0.989015
10.0367346938776 9.39889
10.0408163265306 16.3938
10.0448979591837 15.9545
10.0489795918367 15.9762
10.0530612244898 18.4544
10.0571428571429 17.7179
10.0612244897959 4.19
10.065306122449 2.64278
10.069387755102 5.58547
10.0734693877551 2.18621
10.0775510204082 1.5626
10.0816326530612 2.79794
10.0857142857143 2.36306
10.0897959183673 6.61158
10.0938775510204 9.66287
10.0979591836735 9.21477
10.1020408163265 5.9808
10.1061224489796 6.04483
10.1102040816327 7.67165
10.1142857142857 1.77359
10.1183673469388 38.0769
10.1224489795918 34.944
10.1265306122449 23.1702
10.130612244898 20.3997
10.134693877551 0.367285
10.1387755102041 7.72173
10.1428571428571 1.1842
10.1469387755102 2.18418
10.1510204081633 9.42459
10.1551020408163 22.9116
10.1591836734694 42.8895
10.1632653061224 34.1048
10.1673469387755 31.1132
10.1714285714286 34.0688
10.1755102040816 22.4599
10.1795918367347 31.9872
10.1836734693878 20.9514
10.1877551020408 10.0001
10.1918367346939 12.1286
10.1959183673469 7.82849
10.2 19.2543
10.2040816326531 18.2784
10.2081632653061 17.0425
10.2122448979592 26.8873
10.2163265306122 23.7938
10.2204081632653 18.7166
10.2244897959184 11.1685
10.2285714285714 27.1984
10.2326530612245 55.1364
10.2367346938776 74.6007
10.2408163265306 99.002
10.2448979591837 119.991
10.2489795918367 128.608
10.2530612244898 118.941
10.2571428571429 101.985
10.2612244897959 85.4249
10.265306122449 66.1603
10.269387755102 48.2799
10.2734693877551 33.9075
10.2775510204082 22.8062
10.2816326530612 28.1614
10.2857142857143 57.8838
10.2897959183673 72.1004
10.2938775510204 73.9516
10.2979591836735 69.8621
10.3020408163265 58.641
10.3061224489796 46.3043
10.3102040816327 30.5776
10.3142857142857 20.0229
10.3183673469388 30.1715
10.3224489795918 40.0448
10.3265306122449 44.4638
10.330612244898 39.6399
10.334693877551 32.205
10.3387755102041 26.3896
10.3428571428571 25.4562
10.3469387755102 12.511
10.3510204081633 8.12491
10.3551020408163 4.61316
10.3591836734694 1.18207
10.3632653061224 3.11927
10.3673469387755 0.656052
10.3714285714286 1.00322
10.3755102040816 23.4702
10.3795918367347 0.717111
10.3836734693878 0.906625
10.3877551020408 2.43136
10.3918367346939 2.31326
10.3959183673469 36.6513
10.4 2.0862
10.4040816326531 1.55906
10.4081632653061 2.25138
10.4122448979592 1.413
10.4163265306122 8.65605
10.4204081632653 1.40824
10.4244897959184 6.74536
10.4285714285714 0.473087
10.4326530612245 0.413691
10.4367346938776 27.7855
10.4408163265306 0.117332
10.4448979591837 5.93172
10.4489795918367 7.39917
10.4530612244898 1.54736
10.4571428571429 30.2
10.4612244897959 1.42681
10.465306122449 1.81601
10.469387755102 0.13419
10.4734693877551 0.0
10.4775510204082 26.2182
10.4816326530612 0.0
10.4857142857143 1.18218
10.4897959183673 6.2695
10.4938775510204 3.69183
10.4979591836735 9.67188
10.5020408163265 4.73492
10.5061224489796 2.07958
10.5102040816327 38.8651
10.5142857142857 0.0
10.5183673469388 26.677
10.5224489795918 0.0
10.5265306122449 2.87864
10.530612244898 9.95968
10.534693877551 10.9344
10.5387755102041 60.3628
10.5428571428571 45.8908
10.5469387755102 85.3919
10.5510204081633 89.2173
10.5551020408163 134.647
10.5591836734694 136.777
10.5632653061224 109.741
10.5673469387755 102.956
10.5714285714286 102.85
10.5755102040816 96.9277
10.5795918367347 92.5395
10.5836734693878 95.0685
10.5877551020408 79.9545
10.5918367346939 71.5854
10.5959183673469 58.2104
10.6 45.4251
10.6040816326531 30.0798
10.6081632653061 27.4718
10.6122448979592 28.4829
10.6163265306122 24.8596
10.6204081632653 22.635
10.6244897959184 15.2711
10.6285714285714 15.6917
10.6326530612245 10.1334
10.6367346938776 7.66513
10.6408163265306 5.82636
10.6448979591837 8.50744
10.6489795918367 5.32965
10.6530612244898 5.46928
10.6571428571429 4.70511
10.6612244897959 5.09036
10.665306122449 7.68054
10.669387755102 4.97673
10.6734693877551 10.343
10.6775510204082 5.17857
10.6816326530612 34.5905
10.6857142857143 33.8982
10.6897959183673 64.4315
10.6938775510204 77.6758
10.6979591836735 76.2287
10.7020408163265 83.1966
10.7061224489796 80.6313
10.7102040816327 67.0593
10.7142857142857 59.9021
10.7183673469388 52.1152
10.7224489795918 43.2314
10.7265306122449 37.8622
10.730612244898 32.7412
10.734693877551 27.5255
10.7387755102041 27.6833
10.7428571428571 28.5025
10.7469387755102 31.0965
10.7510204081633 45.1447
10.7551020408163 53.4026
10.7591836734694 49.6604
10.7632653061224 44.1192
10.7673469387755 35.2685
10.7714285714286 28.4552
10.7755102040816 20.8637
10.7795918367347 14.2193
10.7836734693878 9.07882
10.7877551020408 7.89598
10.7918367346939 6.01518
10.7959183673469 6.32068
10.8 7.07314
10.8040816326531 7.96252
10.8081632653061 7.7467
10.8122448979592 8.21812
10.8163265306122 9.86968
10.8204081632653 6.31881
10.8244897959184 6.09889
10.8285714285714 7.86225
10.8326530612245 3.18739
10.8367346938776 5.73115
10.8408163265306 2.75465
10.8448979591837 3.46101
10.8489795918367 8.85058
10.8530612244898 8.13226
10.8571428571429 15.0473
10.8612244897959 12.6714
10.865306122449 20.2344
10.869387755102 17.3257
10.8734693877551 26.4001
10.8775510204082 61.8559
10.8816326530612 78.4287
10.8857142857143 149.922
10.8897959183673 184.097
10.8938775510204 198.64
10.8979591836735 183.048
10.9020408163265 147.934
10.9061224489796 125.171
10.9102040816327 96.691
10.9142857142857 69.9045
10.9183673469388 49.5545
10.9224489795918 29.542
10.9265306122449 12.5194
10.930612244898 5.87707
10.934693877551 4.76895
10.9387755102041 4.10287
10.9428571428571 2.24787
10.9469387755102 5.07393
10.9510204081633 7.17209
10.9551020408163 9.2937
10.9591836734694 10.663
10.9632653061224 9.43621
10.9673469387755 7.48225
10.9714285714286 5.0359
10.9755102040816 1.8518
10.9795918367347 3.24221
10.9836734693878 1.56473
10.9877551020408 2.48878
10.9918367346939 2.9003
10.9959183673469 2.70158
11.0 6.35613
11.0040816326531 1.51865
11.0081632653061 1.53312
11.0122448979592 1.24864
11.0163265306122 7.29001
11.0204081632653 10.0371
11.0244897959184 10.7119
11.0285714285714 11.1311
11.0326530612245 8.91693
11.0367346938776 7.99191
11.0408163265306 10.615
11.0448979591837 23.2468
11.0489795918367 28.2819
11.0530612244898 38.7075
11.0571428571429 63.3569
11.0612244897959 29.943
11.065306122449 24.6382
11.069387755102 24.0198
11.0734693877551 12.2854
11.0775510204082 7.03344
11.0816326530612 5.69906
11.0857142857143 2.99571
11.0897959183673 1.48685
11.0938775510204 1.83764
11.0979591836735 1.26071
11.1020408163265 2.33021
11.1061224489796 2.66558
11.1102040816327 3.70199
11.1142857142857 3.55254
11.1183673469388 20.7905
11.1224489795918 3.39334
11.1265306122449 1.92529
11.130612244898 3.91851
11.134693877551 4.5501
11.1387755102041 10.2313
11.1428571428571 3.01458
11.1469387755102 37.8104
11.1510204081633 105.539
11.1551020408163 78.6227
11.1591836734694 167.471
11.1632653061224 166.353
11.1673469387755 134.58
11.1714285714286 121.514
11.1755102040816 105.975
11.1795918367347 88.0809
11.1836734693878 73.5492
11.1877551020408 69.7819
11.1918367346939 65.6932
11.1959183673469 55.9184
11.2 44.9225
11.2040816326531 32.5021
11.2081632653061 23.8564
11.2122448979592 18.2449
11.2163265306122 12.6117
11.2204081632653 7.60543
11.2244897959184 3.05467
11.2285714285714 2.04686
11.2326530612245 1.41292
11.2367346938776 1.88494
11.2408163265306 3.99498
11.2448979591837 1.47723
11.2489795918367 7.23184
11.2530612244898 5.92315
11.2571428571429 3.19335
11.2612244897959 4.03541
11.265306122449 4.64662
11.269387755102 0.540112
11.2734693877551 6.36146
11.2775510204082 2.20979
11.2816326530612 1.67157
11.2857142857143 2.05564
11.2897959183673 1.60211
11.2938775510204 3.33835
11.2979591836735 4.50953
11.3020408163265 2.75671
11.3061224489796 2.12458
11.3102040816327 2.62401
11.3142857142857 5.88855
11.3183673469388 15.7677
11.3224489795918 35.1271
11.3265306122449 48.7251
11.330612244898 47.1903
11.334693877551 74.1196
11.3387755102041 63.4326
11.3428571428571 80.3765
11.3469387755102 77.3578
11.3510204081633 70.3252
11.3551020408163 54.6693
11.3591836734694 42.8347
11.3632653061224 23.7522
11.3673469387755 20.3937
11.3714285714286 12.1971
11.3755102040816 10.0035
11.3795918367347 10.16
11.3836734693878 9.42694
11.3877551020408 9.30895
11.3918367346939 8.02874
11.3959183673469 7.26283
11.4 6.88652
11.4040816326531 5.48969
11.4081632653061 4.78496
11.4122448979592 3.25253
11.4163265306122 2.82642
11.4204081632653 3.79997
11.4244897959184 1.00785
11.4285714285714 0.521511
11.4326530612245 0.196099
11.4367346938776 0.196596
11.4408163265306 0.347912
11.4448979591837 0.649869
11.4489795918367 1.16123
11.4530612244898 0.857234
11.4571428571429 4.49554
11.4612244897959 9.29751
11.465306122449 27.21
11.469387755102 23.0602
11.4734693877551 28.4645
11.4775510204082 50.5174
11.4816326530612 84.3823
11.4857142857143 120.228
11.4897959183673 130.325
11.4938775510204 127.185
11.4979591836735 126.211
11.5020408163265 102.891
11.5061224489796 94.0491
11.5102040816327 87.9931
11.5142857142857 82.4049
11.5183673469388 80.9243
11.5224489795918 79.3305
11.5265306122449 77.6969
11.530612244898 90.7855
11.534693877551 87.9038
11.5387755102041 80.9277
11.5428571428571 75.7232
11.5469387755102 63.3587
11.5510204081633 49.9109
11.5551020408163 35.5512
11.5591836734694 29.028
11.5632653061224 23.1539
11.5673469387755 17.7357
11.5714285714286 12.7587
11.5755102040816 8.1965
11.5795918367347 4.47287
11.5836734693878 2.3461
11.5877551020408 4.01043
11.5918367346939 2.06504
11.5959183673469 3.7891
11.6 1.7782
11.6040816326531 1.20399
11.6081632653061 1.09848
11.6122448979592 2.25703
11.6163265306122 2.08277
11.6204081632653 11.9263
11.6244897959184 2.05308
11.6285714285714 1.03063
11.6326530612245 2.84416
11.6367346938776 1.21561
11.6408163265306 0.00221531
11.6448979591837 0.0
11.6489795918367 13.4282
11.6530612244898 0.0
11.6571428571429 14.0373
11.6612244897959 0.991097
11.665306122449 0.393614
11.669387755102 0.359851
11.6734693877551 1.41107
11.6775510204082 0.124913
11.6816326530612 8.6582
11.6857142857143 0.628213
11.6897959183673 1.09634
11.6938775510204 0.676811
11.6979591836735 0.452518
11.7020408163265 0.592132
11.7061224489796 0.712981
11.7102040816327 1.68995
11.7142857142857 2.17639
11.7183673469388 18.8442
11.7224489795918 11.0189
11.7265306122449 2.37883
11.730612244898 3.52664
11.734693877551 1.33984
11.7387755102041 10.2375
11.7428571428571 4.14248
11.7469387755102 19.6204
11.7510204081633 21.9167
11.7551020408163 1.07176
11.7591836734694 0.132243
11.7632653061224 0.559608
11.7673469387755 0.577311
11.7714285714286 0.0
11.7755102040816 13.4759
11.7795918367347 46.6979
11.7836734693878 72.7503
11.7877551020408 56.6432
11.7918367346939 61.9874
11.7959183673469 79.6214
11.8 86.6993
11.8040816326531 77.2266
11.8081632653061 68.1738
11.8122448979592 63.8291
11.8163265306122 48.9726
11.8204081632653 38.269
11.8244897959184 28.1303
11.8285714285714 19.2803
11.8326530612245 11.4529
11.8367346938776 8.07247
11.8408163265306 5.00334
11.8448979591837 0.345238
11.8489795918367 0.556072
11.8530612244898 0.541329
11.8571428571429 0.792493
11.8612244897959 0.0783205
11.865306122449 0.0
11.869387755102 0.596563
11.8734693877551 0.570173
11.8775510204082 0.0
11.8816326530612 0.0
11.8857142857143 0.0774463
11.8897959183673 0.086983
11.8938775510204 0.36938
11.8979591836735 1.01195
11.9020408163265 0.523058
11.9061224489796 0.691868
11.9102040816327 0.736582
11.9142857142857 0.632162
11.9183673469388 1.0361
11.9224489795918 0.68525
11.9265306122449 0.995199
11.930612244898 1.36522
11.934693877551 15.0075
11.9387755102041 35.5042
11.9428571428571 49.3303
11.9469387755102 65.7532
11.9510204081633 74.6588
11.9551020408163 78.3331
11.9591836734694 76.2754
11.9632653061224 67.2114
11.9673469387755 56.7501
11.9714285714286 46.4062
11.9755102040816 35.9157
11.9795918367347 26.044
11.9836734693878 19.1788
11.9877551020408 15.2856
11.9918367346939 14.3958
11.9959183673469 8.05795
12.0 7.56551
12.0040816326531 5.54228
12.0081632653061 5.34744
12.0122448979592 5.52145
12.0163265306122 3.71782
12.0204081632653 3.53698
12.0244897959184 2.99169
12.0285714285714 2.46844
12.0326530612245 2.16677
12.0367346938776 1.81207
12.0408163265306 1.50756
12.0448979591837 2.31545
12.0489795918367 2.2013
12.0530612244898 2.06044
12.0571428571429 3.64746
12.0612244897959 3.99836
12.065306122449 3.48632
12.069387755102 5.09782
12.0734693877551 7.57123
12.0775510204082 9.49036
12.0816326530612 13.2688
12.0857142857143 23.5765
12.0897959183673 38.1421
12.0938775510204 42.4229
12.0979591836735 39.5598
12.1020408163265 35.0102
12.1061224489796 48.9754
12.1102040816327 100.645
12.1142857142857 76.7812
12.1183673469388 88.1916
12.1224489795918 130.293
12.1265306122449 155.273
12.130612244898 178.308
12.134693877551 174.529
12.1387755102041 165.203
12.1428571428571 147.599
12.1469387755102 121.254
12.1510204081633 98.9953
12.1551020408163 72.0891
12.1591836734694 50.9375
12.1632653061224 37.2775
12.1673469387755 23.4716
12.1714285714286 13.0806
12.1755102040816 9.25241
12.1795918367347 5.52496
12.1836734693878 4.84288
12.1877551020408 6.52673
12.1918367346939 7.82081
12.1959183673469 9.27034
12.2 8.19262
12.2040816326531 7.20658
12.2081632653061 6.14396
12.2122448979592 8.13993
12.2163265306122 5.47982
12.2204081632653 6.72905
12.2244897959184 4.27068
12.2285714285714 4.97878
12.2326530612245 8.45513
12.2367346938776 3.83506
12.2408163265306 5.61755
12.2448979591837 1.20262
12.2489795918367 0.737697
12.2530612244898 1.5103
12.2571428571429 7.18701
12.2612244897959 36.5888
12.265306122449 25.221
12.269387755102 13.3591
12.2734693877551 3.20196
12.2775510204082 1.0319
12.2816326530612 2.266
12.2857142857143 1.90245
12.2897959183673 0.244129
12.2938775510204 8.92955
12.2979591836735 3.72325
12.3020408163265 17.5635
12.3061224489796 2.55606
12.3102040816327 5.27177
12.3142857142857 2.0712
12.3183673469388 7.34702
12.3224489795918 25.8551
12.3265306122449 39.8798
12.330612244898 5.51957
12.334693877551 1.98943
12.3387755102041 7.39178
12.3428571428571 26.0295
12.3469387755102 73.0738
12.3510204081633 66.8735
12.3551020408163 85.3388
12.3591836734694 59.7602
12.3632653061224 57.9597
12.3673469387755 39.7255
12.3714285714286 33.0369
12.3755102040816 31.2816
12.3795918367347 22.4343
12.3836734693878 15.5868
12.3877551020408 7.50683
12.3918367346939 11.0476
12.3959183673469 6.77097
12.4 8.21373
12.4040816326531 5.06761
12.4081632653061 4.58679
12.4122448979592 3.51938
12.4163265306122 28.0436
12.4204081632653 20.6434
12.4244897959184 2.15064
12.4285714285714 2.76265
12.4326530612245 69.9018
12.4367346938776 176.25
12.4408163265306 154.933
12.4448979591837 201.704
12.4489795918367 224.91
12.4530612244898 241.662
12.4571428571429 248.762
12.4612244897959 195.24
12.465306122449 176.113
12.469387755102 144.777
12.4734693877551 112.884
12.4775510204082 86.8192
12.4816326530612 60.1846
12.4857142857143 45.1149
12.4897959183673 32.8507
12.4938775510204 19.8458
12.4979591836735 13.2987
12.5020408163265 11.061
12.5061224489796 9.06862
12.5102040816327 7.66543
12.5142857142857 6.56513
12.5183673469388 5.51931
12.5224489795918 4.55939
12.5265306122449 4.08429
12.530612244898 3.71433
12.534693877551 4.23049
12.5387755102041 3.78541
12.5428571428571 4.34057
12.5469387755102 4.12368
12.5510204081633 1.00985
12.5551020408163 2.26925
12.5591836734694 4.39412
12.5632653061224 103.426
12.5673469387755 1.46331
12.5714285714286 2.7265
12.5755102040816 65.3846
12.5795918367347 1.8367
12.5836734693878 24.7053
12.5877551020408 0.300785
12.5918367346939 55.4876
12.5959183673469 0.0
12.6 0.0
12.6040816326531 4.12915
12.6081632653061 1.6263
12.6122448979592 0.0
12.6163265306122 0.0
12.6204081632653 9.43055
12.6244897959184 54.6865
12.6285714285714 0.207129
12.6326530612245 0.690778
12.6367346938776 1.32041
12.6408163265306 1.18764
12.6448979591837 0.655703
12.6489795918367 0.428197
12.6530612244898 140.412
12.6571428571429 1.3973
12.6612244897959 0.0183843
12.665306122449 68.8188
12.669387755102 12.9799
12.6734693877551 1.19275
12.6775510204082 26.9435
12.6816326530612 10.2775
12.6857142857143 175.736
12.6897959183673 13.1248
12.6938775510204 153.743
12.6979591836735 105.307
12.7020408163265 109.42
12.7061224489796 107.999
12.7102040816327 84.6478
12.7142857142857 74.4227
12.7183673469388 41.817
12.7224489795918 29.4699
12.7265306122449 21.6069
12.730612244898 16.1308
12.734693877551 5.1267
12.7387755102041 3.72078
12.7428571428571 3.57084
12.7469387755102 3.62455
12.7510204081633 7.8325
12.7551020408163 29.3297
12.7591836734694 201.676
12.7632653061224 185.931
12.7673469387755 248.092
12.7714285714286 360.321
12.7755102040816 357.279
12.7795918367347 349.129
12.7836734693878 307.943
12.7877551020408 262.446
12.7918367346939 216.836
12.7959183673469 174.41
12.8 131.983
12.8040816326531 90.7643
12.8081632653061 58.0893
12.8122448979592 43.4309
12.8163265306122 30.0083
12.8204081632653 16.1282
12.8244897959184 9.11979
12.8285714285714 5.93764
12.8326530612245 4.84542
12.8367346938776 4.23624
12.8408163265306 5.3301
12.8448979591837 6.75564
12.8489795918367 6.65155
12.8530612244898 5.0447
12.8571428571429 4.96488
12.8612244897959 3.53445
12.865306122449 1.52326
12.869387755102 0.816464
12.8734693877551 0.319163
12.8775510204082 18.4171
12.8816326530612 0.0
12.8857142857143 0.0
12.8897959183673 15.7456
12.8938775510204 0.0749578
12.8979591836735 0.449782
12.9020408163265 39.6527
12.9061224489796 44.2272
12.9102040816327 41.4087
12.9142857142857 22.4434
12.9183673469388 25.9281
12.9224489795918 15.1548
12.9265306122449 1.34842
12.930612244898 1.53934
12.934693877551 2.81529
12.9387755102041 4.57261
12.9428571428571 3.12529
12.9469387755102 2.27309
12.9510204081633 0.546485
12.9551020408163 0.39957
12.9591836734694 14.6504
12.9632653061224 31.1885
12.9673469387755 29.2776
12.9714285714286 31.2662
12.9755102040816 20.1845
12.9795918367347 23.2572
12.9836734693878 2.81161
12.9877551020408 4.67166
12.9918367346939 0.372231
12.9959183673469 0.4466
13.0 4.70215
13.0040816326531 0.770214
13.0081632653061 7.75566
13.0122448979592 25.1437
13.0163265306122 8.77078
13.0204081632653 8.99788
13.0244897959184 7.92156
13.0285714285714 2.09027
13.0326530612245 2.16289
13.0367346938776 0.381688
13.0408163265306 0.217666
13.0448979591837 3.06475
13.0489795918367 2.08533
13.0530612244898 9.07308
13.0571428571429 19.948
13.0612244897959 17.5171
13.065306122449 16.8569
13.069387755102 11.5287
13.0734693877551 12.4221
13.0775510204082 8.12497
13.0816326530612 1.98103
13.0857142857143 5.33602
13.0897959183673 1.95559
13.0938775510204 9.18999
13.0979591836735 9.92576
13.1020408163265 8.88564
13.1061224489796 7.056
13.1102040816327 6.74151
13.1142857142857 8.53864
13.1183673469388 7.95741
13.1224489795918 11.6363
13.1265306122449 10.8969
13.130612244898 10.6458
13.134693877551 58.6593
13.1387755102041 0.898064
13.1428571428571 41.4275
13.1469387755102 0.0
13.1510204081633 8.99087
13.1551020408163 5.42374
13.1591836734694 0.929713
13.1632653061224 4.94631
13.1673469387755 8.35855
13.1714285714286 6.12096
13.1755102040816 7.50526
13.1795918367347 10.4143
13.1836734693878 22.7583
13.1877551020408 6.8507
13.1918367346939 17.5299
13.1959183673469 6.6396
13.2 4.21639
13.2040816326531 0.355675
13.2081632653061 8.36436
13.2122448979592 0.291038
13.2163265306122 4.18335
13.2204081632653 9.51559
13.2244897959184 27.9074
13.2285714285714 26.4682
13.2326530612245 60.7478
13.2367346938776 64.6504
13.2408163265306 117.842
13.2448979591837 13.641
13.2489795918367 155.218
13.2530612244898 96.7116
13.2571428571429 121.129
13.2612244897959 189.039
13.265306122449 188.578
13.269387755102 191.154
13.2734693877551 165.824
13.2775510204082 145.977
13.2816326530612 121.556
13.2857142857143 102.392
13.2897959183673 82.4616
13.2938775510204 56.747
13.2979591836735 36.1746
13.3020408163265 28.631
13.3061224489796 25.5537
13.3102040816327 21.0851
13.3142857142857 16.0652
13.3183673469388 15.8814
13.3224489795918 13.4947
13.3265306122449 12.5263
13.330612244898 11.2374
13.334693877551 11.3227
13.3387755102041 10.0811
13.3428571428571 9.49642
13.3469387755102 7.57438
13.3510204081633 6.04479
13.3551020408163 4.21089
13.3591836734694 2.58533
13.3632653061224 1.72614
13.3673469387755 1.24498
13.3714285714286 0.79459
13.3755102040816 4.06578
13.3795918367347 31.4438
13.3836734693878 51.6397
13.3877551020408 65.2299
13.3918367346939 60.1789
13.3959183673469 91.5692
13.4 113.707
13.4040816326531 132.352
13.4081632653061 182.492
13.4122448979592 216.957
13.4163265306122 230.642
13.4204081632653 222.965
13.4244897959184 201.606
13.4285714285714 173.267
13.4326530612245 139.379
13.4367346938776 104.528
13.4408163265306 67.2896
13.4448979591837 45.5251
13.4489795918367 31.7541
13.4530612244898 19.7157
13.4571428571429 11.2586
13.4612244897959 7.42977
13.465306122449 6.62287
13.469387755102 6.36914
13.4734693877551 6.43439
13.4775510204082 6.69397
13.4816326530612 6.24882
13.4857142857143 4.16019
13.4897959183673 4.45508
13.4938775510204 2.42467
13.4979591836735 1.05949
13.5020408163265 0.663102
13.5061224489796 0.800123
13.5102040816327 0.609815
13.5142857142857 1.57781
13.5183673469388 1.86283
13.5224489795918 1.2217
13.5265306122449 1.21204
13.530612244898 0.368536
13.534693877551 0.329355
13.5387755102041 0.313977
13.5428571428571 21.0776
13.5469387755102 10.1071
13.5510204081633 11.7695
13.5551020408163 7.05923
13.5591836734694 1.29252
13.5632653061224 1.25726
13.5673469387755 0.855297
13.5714285714286 0.948017
13.5755102040816 1.08712
13.5795918367347 1.93303
13.5836734693878 10.287
13.5877551020408 0.838702
13.5918367346939 2.57915
13.5959183673469 7.29882
13.6 9.705
13.6040816326531 10.6132
13.6081632653061 8.03683
13.6122448979592 14.3864
13.6163265306122 14.2075
13.6204081632653 14.8601
13.6244897959184 21.4857
13.6285714285714 8.73635
13.6326530612245 7.86957
13.6367346938776 6.55472
13.6408163265306 0.684872
13.6448979591837 3.39165
13.6489795918367 0.439511
13.6530612244898 1.39707
13.6571428571429 3.42268
13.6612244897959 0.0
13.665306122449 1.59453
13.669387755102 13.2385
13.6734693877551 6.17258
13.6775510204082 32.7687
13.6816326530612 91.6496
13.6857142857143 126.81
13.6897959183673 156.343
13.6938775510204 157.766
13.6979591836735 138.965
13.7020408163265 116.77
13.7061224489796 93.0652
13.7102040816327 65.4203
13.7142857142857 41.1221
13.7183673469388 34.8106
13.7224489795918 21.6494
13.7265306122449 24.9616
13.730612244898 54.6936
13.734693877551 104.768
13.7387755102041 147.16
13.7428571428571 165.013
13.7469387755102 167.715
13.7510204081633 156.146
13.7551020408163 134.731
13.7591836734694 110.88
13.7632653061224 81.9299
13.7673469387755 52.487
13.7714285714286 41.0383
13.7755102040816 30.3717
13.7795918367347 19.9159
13.7836734693878 10.5194
13.7877551020408 7.27778
13.7918367346939 5.28213
13.7959183673469 3.77784
13.8 2.8228
13.8040816326531 1.96976
13.8081632653061 1.52643
13.8122448979592 1.43617
13.8163265306122 1.57811
13.8204081632653 1.81441
13.8244897959184 2.08142
13.8285714285714 4.78862
13.8326530612245 9.04217
13.8367346938776 5.73571
13.8408163265306 6.85344
13.8448979591837 3.69356
13.8489795918367 81.2966
13.8530612244898 4.22219
13.8571428571429 36.3577
13.8612244897959 29.454
13.865306122449 58.3881
13.869387755102 24.1011
13.8734693877551 35.3668
13.8775510204082 23.6638
13.8816326530612 15.7765
13.8857142857143 17.0282
13.8897959183673 11.796
13.8938775510204 8.24966
13.8979591836735 4.49856
13.9020408163265 10.4457
13.9061224489796 0.0
13.9102040816327 4.0159
13.9142857142857 10.631
13.9183673469388 98.1686
13.9224489795918 93.1014
13.9265306122449 94.3001
13.930612244898 109.177
13.934693877551 115.721
13.9387755102041 108.323
13.9428571428571 91.8748
13.9469387755102 72.6596
13.9510204081633 46.5433
13.9551020408163 26.5653
13.9591836734694 18.8313
13.9632653061224 10.1796
13.9673469387755 1.58401
13.9714285714286 0.0
13.9755102040816 0.954727
13.9795918367347 15.9024
13.9836734693878 37.3646
13.9877551020408 39.1594
13.9918367346939 42.9484
13.9959183673469 39.6589
14.0 33.2076
14.0040816326531 47.3859
14.0081632653061 88.4018
14.0122448979592 112.385
14.0163265306122 189.038
14.0204081632653 254.246
14.0244897959184 284.216
14.0285714285714 289.36
14.0326530612245 259.761
14.0367346938776 227.758
14.0408163265306 193.202
14.0448979591837 159.185
14.0489795918367 119.075
14.0530612244898 85.0081
14.0571428571429 53.6631
14.0612244897959 40.694
14.065306122449 27.8876
14.069387755102 16.3162
14.0734693877551 11.1174
14.0775510204082 7.96345
14.0816326530612 5.54728
14.0857142857143 3.97623
14.0897959183673 3.16
14.0938775510204 2.39311
14.0979591836735 1.62131
14.1020408163265 0.917633
14.1061224489796 1.67827
14.1102040816327 0.0
14.1142857142857 0.0
14.1183673469388 5.47185
14.1224489795918 0.169297
14.1265306122449 1.54655
14.130612244898 0.0952582
14.134693877551 2.59142
14.1387755102041 40.3379
14.1428571428571 7.52919
14.1469387755102 31.8094
14.1510204081633 0.273407
14.1551020408163 0.230501
14.1591836734694 89.7253
14.1632653061224 0.0162398
14.1673469387755 42.504
14.1714285714286 7.03452
14.1755102040816 2.31566
14.1795918367347 29.1056
14.1836734693878 7.46002
14.1877551020408 33.31
14.1918367346939 20.5838
14.1959183673469 8.38446
14.2 43.7962
14.2040816326531 9.49939
14.2081632653061 6.09828
14.2122448979592 92.8359
14.2163265306122 10.8673
14.2204081632653 61.0366
14.2244897959184 17.933
14.2285714285714 51.8282
14.2326530612245 11.1479
14.2367346938776 10.7449
14.2408163265306 74.6982
14.2448979591837 11.6895
14.2489795918367 17.1862
14.2530612244898 3.25187
14.2571428571429 6.57363
14.2612244897959 32.4502
14.265306122449 0.0
14.269387755102 164.952
14.2734693877551 8.12756
14.2775510204082 7.97695
14.2816326530612 25.0492
14.2857142857143 42.3802
14.2897959183673 8.9255
14.2938775510204 38.8749
14.2979591836735 83.0626
14.3020408163265 12.0819
14.3061224489796 14.043
14.3102040816327 18.5828
14.3142857142857 59.3441
14.3183673469388 5.11179
14.3224489795918 106.808
14.3265306122449 40.9439
14.330612244898 164.835
14.334693877551 129.175
14.3387755102041 174.769
14.3428571428571 149.94
14.3469387755102 140.626
14.3510204081633 107.852
14.3551020408163 83.5803
14.3591836734694 62.8102
14.3632653061224 35.9363
14.3673469387755 17.3316
14.3714285714286 1.15949
14.3755102040816 0.0
